3D_50_15_6_f                l = 3

===========================================================================================
===========================================================================================
S1:
	q_c:    386.5000    203.5000    71.5000
	ub :    404.0000    214.0000    85.0000
	lb :    369.0000    193.0000    58.0000

	==================================================================================
	Q1:
		Shape: Hybrid
		q_c:    387.5000    198.0000    66.5000
		ub :    393.3276    204.5720    73.0474
		lb :    381.6724    191.4280    59.9526
		P^-1: 
			    0.0907    -0.0246    0.0140
			    -0.0246    0.0734    -0.0017
			    0.0140    -0.0017    0.0590
		A:
			    0.4752    0.8569    0.1996
			    -0.1185    -0.9210    -0.3711
			    -0.4001    0.3243    -0.8572
			    0.8340    -0.4776    -0.2763
			    0.8749    -0.3850    -0.2937
			    0.3691    -0.3338    0.8674
		b:
			    369.7515
			    -250.5106
			    -145.6014
			    212.1090
			    245.2137
			    136.8578
	==================================================================================
	Q2:
		Shape: Ellipse
		q_c:    388.5000    212.0000    68.5000
		ub :    396.0937    217.0948    74.8030
		lb :    380.9063    206.9052    62.1970
		P^-1: 
			    0.0207    -0.0001    0.0023
			    -0.0001    0.0492    -0.0011
			    0.0023    -0.0011    0.0399
	==================================================================================
	Q3:
		Shape: Polyhedra
		q_c:    390.0000    212.0000    80.0000
		ub :    396.5829    218.8793    86.9949
		lb :    383.4171    205.1207    73.0051
		A:
			    0.6725    -0.4026    -0.6210
			    -0.5007    0.7896    -0.3547
			    -0.4244    0.6376    -0.6430
			    -0.9898    -0.1324    -0.0526
			    -0.7861    0.6149    0.0629
			    -0.0122    0.1497    0.9887
			    0.5065    0.6802    0.5299
			    -0.7485    0.6519    -0.1214
			    -0.4280    -0.3352    0.8393
			    -0.5065    -0.6802    -0.5299
			    0.7485    -0.6519    0.1214
			    0.4280    0.3352    -0.8393
		b:
			    131.0331
			    -53.3963
			    -78.4283
			    -414.0578
			    -168.5657
			    110.9880
			    389.6151
			    -160.9349
			    -166.3468
			    -378.6151
			    165.9349
			    175.3468
	==================================================================================
	Q4:
		Shape: Polyhedra
		q_c:    392.5000    196.5000    79.0000
		ub :    398.6586    204.1238    86.6967
		lb :    386.3414    188.8762    71.3033
		A:
			    -0.7671    -0.1378    -0.6266
			    -0.3475    -0.4200    -0.8383
			    -0.5675    0.8228    0.0293
			    0.8134    -0.5565    0.1691
			    0.9959    -0.0623    -0.0650
			    0.0730    -0.9714    -0.2261
			    0.1585    0.7401    0.6535
			    0.3922    0.5603    -0.7296
			    -0.9061    0.3720    -0.2014
			    -0.1585    -0.7401    -0.6535
			    -0.3922    -0.5603    0.7296
			    0.9061    -0.3720    0.2014
		b:
			    -373.9322
			    -281.0788
			    -54.9604
			    226.8321
			    377.5295
			    -175.8404
			    263.2874
			    212.3789
			    -294.9749
			    -255.2874
			    -200.3789
			    301.9749
	==================================================================================
	Q5:
		Shape: Polyhedra
		q_c:    397.0000    200.0000    74.5000
		ub :    407.4735    209.6965    84.2803
		lb :    386.5265    190.3035    64.7197
		A:
			    -0.3446    -0.7367    0.5819
			    -0.9987    0.0220    -0.0456
			    -0.6660    -0.7376    0.1112
			    -0.3820    0.7178    -0.5821
			    0.5841    0.8094    -0.0609
			    0.3581    -0.7731    0.5235
			    0.7316    0.4246    0.5333
			    -0.0888    -0.7164    0.6921
			    0.6759    -0.5537    -0.4864
			    -0.7316    -0.4246    -0.5333
			    0.0888    0.7164    -0.6921
			    -0.6759    0.5537    0.4864
		b:
			    -236.9538
			    -388.2844
			    -398.2434
			    -46.7644
			    394.5699
			    31.3038
			    421.6070
			    -123.4657
			    129.3472
			    -408.6070
			    130.4657
			    -113.3472
	==================================================================================
	Q6:
		Shape: Hybrid
		q_c:    374.5000    210.5000    65.0000
		ub :    378.9583    214.8484    68.4494
		lb :    370.0417    206.1516    61.5506
		P^-1: 
			    0.1287    -0.0373    0.0646
			    -0.0373    0.1899    -0.1366
			    0.0646    -0.1366    0.3480
		A:
			    -0.0009    0.2571    -0.9664
			    0.3313    0.4513    -0.8286
			    -0.7086    0.0067    0.7055
			    0.0617    0.2686    0.9613
			    -0.3102    0.3212    0.8948
			    -0.4860    -0.6064    -0.6294
		b:
			    -8.0393
			    166.5075
			    -216.0837
			    143.7792
			    11.5312
			    -348.4428


===========================================================================================
===========================================================================================
S2:
	q_c:    39.5000    48.5000    413.5000
	ub :    69.0000    58.0000    423.0000
	lb :    10.0000    39.0000    404.0000

	==================================================================================
	Q1:
		Shape: Hybrid
		q_c:    46.5000    47.0000    415.0000
		ub :    48.7955    49.7492    417.7050
		lb :    44.2045    44.2508    412.2950
		P^-1: 
			    0.4139    -0.0437    0.0831
			    -0.0437    0.5980    0.4034
			    0.0831    0.4034    0.5925
		A:
			    0.4808    0.6696    0.5661
			    0.3347    -0.4627    -0.8209
			    -0.3661    0.6752    0.6404
			    0.5061    -0.6935    -0.5127
			    -0.7034    0.0436    0.7095
			    0.1908    0.2661    0.9449
		b:
			    289.4560
			    -346.0215
			    281.1080
			    -221.1283
			    265.2403
			    414.3988
	==================================================================================
	Q2:
		Shape: Polyhedra
		q_c:    34.0000    56.5000    420.0000
		ub :    39.2119    62.4435    424.2443
		lb :    28.7881    50.5565    415.7557
		A:
			    -0.7148    -0.5715    -0.4030
			    0.6638    0.4274    -0.6137
			    0.9151    -0.1031    0.3897
			    -0.5436    0.3416    0.7666
			    -0.7186    -0.1055    0.6874
			    0.8838    0.1472    0.4441
			    0.5274    0.7655    0.3685
			    0.8400    -0.5349    -0.0911
			    0.1274    0.3576    -0.9252
			    -0.5274    -0.7655    -0.3685
			    -0.8400    0.5349    0.0911
			    -0.1274    -0.3576    0.9252
		b:
			    -221.4290
			    -207.9649
			    192.4726
			    325.7368
			    261.1011
			    228.7575
			    220.4530
			    -36.9052
			    -361.5331
			    -211.4530
			    42.9052
			    366.5331
	==================================================================================
	Q3:
		Shape: Hybrid
		q_c:    42.0000    54.0000    416.0000
		ub :    44.8977    60.1560    422.6606
		lb :    39.1023    47.8440    409.3394
		P^-1: 
			    0.1594    -0.0033    -0.0060
			    -0.0033    0.0656    0.0232
			    -0.0060    0.0232    0.0496
		A:
			    -0.0124    -0.9995    0.0276
			    0.8709    0.0449    0.4893
			    0.2773    0.6573    0.7007
			    -0.6395    0.7674    -0.0472
			    -0.9293    -0.2802    -0.2404
			    -0.9552    0.2630    -0.1358
		b:
			    -39.9291
			    244.6066
			    340.9712
			    -2.5743
			    -152.6983
			    -80.8026
	==================================================================================
	Q4:
		Shape: Polyhedra
		q_c:    38.5000    49.0000    417.5000
		ub :    44.1414    54.8815    422.0595
		lb :    32.8586    43.1185    412.9405
		A:
			    -0.2835    -0.9396    -0.1919
			    -0.8462    -0.1685    -0.5055
			    0.7058    0.4780    0.5228
			    0.7696    -0.4945    0.4040
			    0.8789    0.4728    -0.0633
			    -0.6243    0.1500    0.7666
			    0.7808    0.5946    0.1919
			    0.6218    -0.7095    -0.3316
			    -0.0610    0.3782    -0.9237
			    -0.7808    -0.5946    -0.1919
			    -0.6218    0.7095    0.3316
			    0.0610    -0.3782    0.9237
		b:
			    -132.7279
			    -247.3438
			    273.6625
			    177.2181
			    35.4156
			    306.2860
			    144.3122
			    -146.7482
			    -366.4680
			    -134.3122
			    151.7482
			    372.4680
	==================================================================================
	Q5:
		Shape: Hybrid
		q_c:    32.5000    47.5000    405.0000
		ub :    36.0602    50.7522    408.3104
		lb :    28.9398    44.2478    401.6896
		P^-1: 
			    0.1810    0.1322    -0.0305
			    0.1322    0.3612    -0.0577
			    -0.0305    -0.0577    0.1244
		A:
			    -0.9403    0.3401    0.0108
			    0.3051    -0.8636    0.4014
			    -0.5893    -0.8012    -0.1037
			    0.9606    0.0519    -0.2730
			    0.1262    0.8800    -0.4578
			    0.5509    0.5548    -0.6235
		b:
			    -7.7910
			    133.1098
			    -98.2143
			    -74.9952
			    -138.4287
			    -206.9900
	==================================================================================
	Q6:
		Shape: Ellipse
		q_c:    32.0000    55.0000    417.0000
		ub :    38.9210    59.8042    423.7519
		lb :    25.0790    50.1958    410.2481
		P^-1: 
			    0.0580    -0.0080    -0.0229
			    -0.0080    0.0789    -0.0078
			    -0.0229    -0.0078    0.0594


===========================================================================================
===========================================================================================
S3:
	q_c:    407.5000    206.0000    319.5000
	ub :    425.0000    240.0000    343.0000
	lb :    390.0000    172.0000    296.0000

	==================================================================================
	Q1:
		Shape: Ellipse
		q_c:    418.5000    190.5000    310.5000
		ub :    424.4358    199.9283    320.3277
		lb :    412.5642    181.0717    300.6723
		P^-1: 
			    0.0945    0.0152    0.0317
			    0.0152    0.0259    0.0050
			    0.0317    0.0050    0.0348
	==================================================================================
	Q2:
		Shape: Polyhedra
		q_c:    408.0000    195.5000    322.0000
		ub :    412.4347    206.1045    329.9910
		lb :    403.5653    184.8955    314.0090
		A:
			    0.8233    -0.0823    -0.5616
			    -0.9707    -0.2368    -0.0408
			    -0.9718    0.1491    0.1827
			    -0.2492    -0.1631    -0.9546
			    0.6759    -0.2468    -0.6945
			    0.7464    -0.2461    -0.6182
			    0.4752    0.3929    0.7873
			    -0.8737    0.1052    0.4749
			    0.1037    -0.9136    0.3933
			    -0.4752    -0.3929    -0.7873
			    0.8737    -0.1052    -0.4749
			    -0.1037    0.9136    -0.3933
		b:
			    140.6540
			    -452.4270
			    -306.1153
			    -436.0921
			    5.9486
			    59.2257
			    528.7044
			    -181.4889
			    -0.1466
			    -519.7044
			    184.4889
			    19.1466
	==================================================================================
	Q3:
		Shape: Ellipse
		q_c:    398.0000    191.0000    328.5000
		ub :    410.9561    203.2137    339.4633
		lb :    385.0439    178.7863    317.5367
		P^-1: 
			    0.0159    -0.0051    -0.0006
			    -0.0051    0.0145    0.0006
			    -0.0006    0.0006    0.0112
	==================================================================================
	Q4:
		Shape: Hybrid
		q_c:    422.0000    215.5000    332.0000
		ub :    434.6747    228.5578    345.2919
		lb :    409.3253    202.4422    318.7081
		P^-1: 
			    0.0121    -0.0022    -0.0055
			    -0.0022    0.0123    0.0032
			    -0.0055    0.0032    0.0194
		A:
			    0.5033    -0.2203    -0.8356
			    0.8115    0.1094    -0.5740
			    -0.2826    -0.2520    -0.9255
			    0.5534    -0.7521    0.3580
			    -0.5526    -0.7706    0.3176
			    -0.7623    -0.6397    0.0983
		b:
			    -109.1840
			    180.2636
			    -475.4776
			    196.6980
			    -287.4363
			    -420.1465
	==================================================================================
	Q5:
		Shape: Ellipse
		q_c:    406.0000    201.0000    301.5000
		ub :    418.4649    208.1753    312.9314
		lb :    393.5351    193.8247    290.0686
		P^-1: 
			    0.0107    0.0033    0.0006
			    0.0033    0.0391    -0.0036
			    0.0006    -0.0036    0.0140
	==================================================================================
	Q6:
		Shape: Polyhedra
		q_c:    425.0000    208.5000    313.5000
		ub :    435.6406    219.6594    324.7043
		lb :    414.3594    197.3406    302.2957
		A:
			    -0.1049    0.0556    0.9929
			    -0.4465    0.8812    0.1554
			    0.8118    0.0615    0.5807
			    -0.2362    0.4723    -0.8492
			    0.3365    -0.5405    0.7711
			    -0.6071    -0.7839    0.1301
			    0.1014    0.4698    0.8769
			    -0.5822    0.7428    -0.3306
			    -0.8067    -0.4770    0.3488
			    -0.1014    -0.4698    -0.8769
			    0.5822    -0.7428    0.3306
			    0.8067    0.4770    -0.3488
		b:
			    285.9513
			    48.0966
			    546.8194
			    -261.9870
			    277.7092
			    -372.0449
			    423.4654
			    -191.7216
			    -323.9405
			    -408.4654
			    200.7216
			    341.9405


===========================================================================================
===========================================================================================
S4:
	q_c:    453.0000    147.0000    418.0000
	ub :    481.0000    153.0000    440.0000
	lb :    425.0000    141.0000    396.0000

	==================================================================================
	Q1:
		Shape: Hybrid
		q_c:    458.0000    148.5000    421.0000
		ub :    462.0920    153.2355    425.4933
		lb :    453.9080    143.7645    416.5067
		P^-1: 
			    0.3584    0.3185    0.2769
			    0.3185    0.4457    0.3253
			    0.2769    0.3253    0.3400
		A:
			    0.1618    0.8317    0.5311
			    0.6005    0.1348    0.7882
			    -0.5603    -0.4299    -0.7080
			    0.2050    0.5920    0.7794
			    -0.1144    0.5215    -0.8455
			    0.0414    0.9068    0.4194
		b:
			    422.4508
			    628.6198
			    -617.6152
			    511.2302
			    -327.4879
			    331.8644
	==================================================================================
	Q2:
		Shape: Polyhedra
		q_c:    454.0000    149.0000    415.0000
		ub :    456.9271    152.0095    418.3932
		lb :    451.0729    145.9905    411.6068
		A:
			    -0.7205    0.2266    0.6554
			    0.6256    0.5526    -0.5507
			    0.5056    -0.7222    -0.4720
			    0.2118    0.9200    -0.3296
			    0.9655    0.0772    0.2486
			    0.8447    -0.5224    0.1164
			    0.4740    0.4953    0.7280
			    -0.1168    0.8549    -0.5055
			    -0.8727    0.1546    0.4631
			    -0.4740    -0.4953    -0.7280
			    0.1168    -0.8549    0.5055
			    0.8727    -0.1546    -0.4631
		b:
			    -19.3571
			    139.8295
			    -71.9389
			    98.4536
			    555.0202
			    355.9743
			    593.1200
			    -133.4595
			    -179.0243
			    -589.1200
			    137.4595
			    183.0243
	==================================================================================
	Q3:
		Shape: Hybrid
		q_c:    452.0000    150.0000    414.5000
		ub :    454.1075    154.0943    418.0270
		lb :    449.8925    145.9057    410.9730
		P^-1: 
			    0.6546    -0.1756    -0.3300
			    -0.1756    0.1935    0.2120
			    -0.3300    0.2120    0.4836
		A:
			    0.4348    -0.8913    -0.1285
			    -0.8616    0.4957    0.1093
			    0.8342    0.0766    -0.5462
			    0.4240    0.9056    -0.0122
			    -0.7034    0.0493    0.7091
			    -0.3765    0.6228    0.6859
		b:
			    11.7232
			    -268.5283
			    163.1849
			    325.0062
			    -15.7207
			    208.4494
	==================================================================================
	Q4:
		Shape: Ellipse
		q_c:    455.0000    150.0000    412.0000
		ub :    457.5936    152.4603    414.4039
		lb :    452.4064    147.5397    409.5961
		P^-1: 
			    0.2688    -0.0673    0.0960
			    -0.0673    0.4910    -0.3437
			    0.0960    -0.3437    0.7402
	==================================================================================
	Q5:
		Shape: Ellipse
		q_c:    449.5000    152.5000    412.0000
		ub :    452.6689    155.5063    415.0914
		lb :    446.3311    149.4937    408.9086
		P^-1: 
			    0.1157    0.0306    -0.0240
			    0.0306    0.3315    -0.1363
			    -0.0240    -0.1363    0.2683
	==================================================================================
	Q6:
		Shape: Polyhedra
		q_c:    454.5000    148.5000    424.0000
		ub :    456.9475    152.1115    426.7913
		lb :    452.0525    144.8885    421.2087
		A:
			    -0.7942    -0.1167    -0.5964
			    -0.0602    -0.0870    -0.9944
			    0.1197    -0.6497    0.7507
			    -0.8828    -0.4049    -0.2384
			    0.3873    -0.1391    0.9114
			    0.9660    0.2024    -0.1611
			    0.0885    0.4190    0.9037
			    -0.9511    -0.2340    0.2017
			    0.2960    -0.8773    0.3778
			    -0.0885    -0.4190    -0.9037
			    0.9511    0.2340    -0.2017
			    -0.2960    0.8773    -0.3778
		b:
			    -629.3803
			    -460.1752
			    278.9705
			    -560.9063
			    543.9333
			    402.2965
			    487.1181
			    -379.9963
			    167.4206
			    -484.1181
			    382.9963
			    -161.4206


===========================================================================================
===========================================================================================
S5:
	q_c:    360.5000    370.5000    135.5000
	ub :    374.0000    384.0000    155.0000
	lb :    347.0000    357.0000    116.0000

	==================================================================================
	Q1:
		Shape: Polyhedra
		q_c:    373.5000    377.5000    134.0000
		ub :    379.8105    383.8813    138.2551
		lb :    367.1895    371.1187    129.7449
		A:
			    -0.5672    0.6147    0.5481
			    0.1839    0.2418    0.9527
			    0.7679    0.4099    -0.4922
			    0.7139    -0.3787    -0.5890
			    0.9098    -0.1849    -0.3717
			    -0.3510    0.2965    0.8882
			    0.6803    0.7309    0.0550
			    0.5857    -0.5872    0.5588
			    0.4407    -0.3479    -0.8275
			    -0.6803    -0.7309    -0.0550
			    -0.5857    0.5872    -0.5588
			    -0.4407    0.3479    0.8275
		b:
			    96.0434
			    290.7356
			    378.9187
			    46.9564
			    223.2710
			    101.4506
			    541.3658
			    76.9541
			    -76.1216
			    -533.3658
			    -66.9541
			    79.1216
	==================================================================================
	Q2:
		Shape: Hybrid
		q_c:    363.0000    373.5000    132.5000
		ub :    367.9677    376.3642    137.8291
		lb :    358.0323    370.6358    127.1709
		P^-1: 
			    0.0809    -0.0198    0.0036
			    -0.0198    0.2428    0.0300
			    0.0036    0.0300    0.0704
		A:
			    -0.4892    0.8706    -0.0532
			    -0.0389    0.9978    -0.0545
			    0.7348    0.6599    -0.1568
			    -0.4664    0.8639    -0.1902
			    -0.2296    0.9370    -0.2632
			    0.0483    -0.9972    -0.0565
		b:
			    141.9087
			    352.4686
			    494.7481
			    129.6068
			    233.2099
			    -361.3713
	==================================================================================
	Q3:
		Shape: Hybrid
		q_c:    371.5000    359.5000    144.0000
		ub :    377.6600    364.4739    148.2924
		lb :    365.3400    354.5261    139.7076
		P^-1: 
			    0.0355    0.0132    0.0028
			    0.0132    0.1088    -0.0005
			    0.0028    -0.0005    0.1110
		A:
			    0.1775    -0.9479    -0.2645
			    -0.5487    0.4268    -0.7188
			    0.0465    -0.0992    -0.9940
			    0.1765    -0.7364    0.6531
			    -0.2595    0.8521    -0.4545
			    -0.4029    0.6144    -0.6784
		b:
			    -311.0157
			    -151.3915
			    -159.9645
			    -103.3296
			    146.4716
			    -24.2927
	==================================================================================
	Q4:
		Shape: Polyhedra
		q_c:    363.0000    366.5000    123.5000
		ub :    370.1756    373.7437    128.7692
		lb :    355.8244    359.2563    118.2308
		A:
			    -0.2859    -0.5316    0.7973
			    -0.2250    0.7011    -0.6767
			    -0.8931    -0.3008    -0.3343
			    0.2896    -0.4774    -0.8296
			    0.0211    0.5400    -0.8414
			    0.5036    0.1010    0.8580
			    0.2161    0.9621    0.1662
			    0.9758    -0.2071    -0.0701
			    -0.0330    0.1774    -0.9836
			    -0.2161    -0.9621    -0.1662
			    -0.9758    0.2071    0.0701
			    0.0330    -0.1774    0.9836
		b:
			    -195.6837
			    96.3685
			    -470.0598
			    -167.3931
			    105.9032
			    330.3825
			    457.0989
			    275.6606
			    -64.4477
			    -446.0989
			    -263.6606
			    72.4477
	==================================================================================
	Q5:
		Shape: Ellipse
		q_c:    353.0000    364.5000    129.5000
		ub :    360.2385    372.0643    135.4556
		lb :    345.7615    356.9357    123.5444
		P^-1: 
			    0.0565    0.0100    -0.0051
			    0.0100    0.0313    -0.0012
			    -0.0051    -0.0012    0.0520
	==================================================================================
	Q6:
		Shape: Polyhedra
		q_c:    360.5000    366.0000    144.5000
		ub :    364.2011    370.1747    149.1531
		lb :    356.7989    361.8253    139.8469
		A:
			    0.8048    0.0880    0.5870
			    -0.7188    -0.1373    0.6815
			    0.8340    0.0566    0.5488
			    -0.9080    0.0181    -0.4186
			    0.8952    -0.2137    0.3910
			    0.7440    0.4743    0.4706
			    0.8305    0.1325    0.5411
			    -0.5478    0.0174    0.8365
			    0.1014    -0.9910    0.0870
			    -0.8305    -0.1325    -0.5411
			    0.5478    -0.0174    -0.8365
			    -0.1014    0.9910    -0.0870
		b:
			    408.1787
			    -206.5321
			    401.7430
			    -379.8671
			    302.7961
			    511.5138
			    427.0618
			    -65.7465
			    -309.5813
			    -425.0618
			    74.7465
			    317.5813


===========================================================================================
===========================================================================================
S6:
	q_c:    30.5000    314.0000    290.0000
	ub :    49.0000    316.0000    302.0000
	lb :    12.0000    312.0000    278.0000

	==================================================================================
	Q1:
		Shape: Hybrid
		q_c:    32.0000    313.5000    289.5000
		ub :    34.2906    316.0412    292.0160
		lb :    29.7094    310.9588    286.9840
		P^-1: 
			    0.4444    -0.0000    0.0000
			    -0.0000    0.4444    -0.0000
			    0.0000    -0.0000    0.4444
		A:
			    -0.6862    -0.4277    0.5884
			    -0.1137    0.9234    -0.3665
			    0.2983    0.4146    -0.8597
			    -0.7473    -0.4510    0.4880
			    0.7684    0.0529    0.6378
			    -0.5282    -0.1533    -0.8352
		b:
			    15.0541
			    180.4984
			    -108.5975
			    -23.2786
			    226.5706
			    -305.9997
	==================================================================================
	Q2:
		Shape: Hybrid
		q_c:    30.5000    316.0000    289.0000
		ub :    31.9679    317.6738    290.4271
		lb :    29.0321    314.3262    287.5729
		P^-1: 
			    1.0000    -0.0000    -0.0000
			    -0.0000    1.0000    0.0000
			    -0.0000    0.0000    1.0000
		A:
			    -0.9642    0.0358    -0.2628
			    -0.3612    0.8454    -0.3935
			    -0.9920    0.0502    -0.1157
			    0.0713    -0.9776    -0.1981
			    -0.1194    -0.8859    -0.4483
			    0.8632    0.1555    -0.4804
		b:
			    -93.5401
			    142.9273
			    -47.3403
			    -363.4872
			    -412.6300
			    -62.8739
	==================================================================================
	Q3:
		Shape: Polyhedra
		q_c:    32.0000    314.0000    292.0000
		ub :    33.0075    315.7745    293.7655
		lb :    30.9925    312.2255    290.2345
		A:
			    0.5710    0.8206    0.0229
			    -0.9650    0.2337    0.1187
			    0.0709    0.2709    -0.9600
			    0.2236    -0.8989    0.3768
			    0.5596    -0.7018    0.4408
			    -0.6707    -0.7236    -0.1630
			    0.0029    0.7121    0.7020
			    -1.0000    0.0043    -0.0003
			    -0.0032    -0.7020    0.7121
			    -0.0029    -0.7121    -0.7020
			    1.0000    -0.0043    0.0003
			    0.0032    0.7020    -0.7121
		b:
			    283.8379
			    78.1923
			    -191.8386
			    -163.9922
			    -72.7236
			    -295.0313
			    430.1966
			    -29.7343
			    -11.5938
			    -427.1966
			    31.7343
			    13.5938
	==================================================================================
	Q4:
		Shape: Ellipse
		q_c:    31.5000    313.0000    291.0000
		ub :    32.9478    314.5374    292.1905
		lb :    30.0522    311.4626    289.8095
		P^-1: 
			    1.0000    -0.0000    -0.0000
			    -0.0000    1.0000    0.0000
			    -0.0000    0.0000    1.0000
	==================================================================================
	Q5:
		Shape: Hybrid
		q_c:    32.0000    315.5000    288.5000
		ub :    33.3823    317.5249    290.4882
		lb :    30.6177    313.4751    286.5118
		P^-1: 
			    2.7840    -0.5604    -1.5908
			    -0.5604    0.5787    0.3811
			    -1.5908    0.3811    1.5262
		A:
			    0.7548    0.0962    -0.6488
			    -0.9265    -0.0404    0.3741
			    -0.6843    -0.2602    0.6812
			    -0.9098    0.1130    0.3994
			    -0.0152    -0.0774    -0.9969
			    -0.4522    0.1142    0.8846
		b:
			    -132.2534
			    65.9270
			    93.1172
			    122.0961
			    -311.4917
			    277.3585
	==================================================================================
	Q6:
		Shape: Polyhedra
		q_c:    30.0000    313.5000    289.5000
		ub :    30.8026    314.3407    290.3439
		lb :    29.1974    312.6593    288.6561
		A:
			    0.7524    -0.2891    0.5919
			    0.1596    -0.1624    -0.9737
			    -0.1249    -0.0609    -0.9903
			    0.7810    0.6091    -0.1380
			    -0.1960    0.5163    0.8337
			    -0.8861    -0.4482    0.1184
			    0.6480    0.3844    0.6575
			    -0.2317    -0.7229    0.6509
			    0.7255    -0.5741    -0.3794
			    -0.6480    -0.3844    -0.6575
			    0.2317    0.7229    -0.6509
			    -0.7255    0.5741    0.3794
		b:
			    103.7841
			    -327.5100
			    -309.0414
			    174.9453
			    397.8270
			    -132.2984
			    330.7907
			    -44.6394
			    -267.5727
			    -329.7907
			    45.6394
			    268.5727


===========================================================================================
===========================================================================================
S7:
	q_c:    360.5000    18.0000    37.0000
	ub :    392.0000    36.0000    50.0000
	lb :    329.0000    0.0000    24.0000

	==================================================================================
	Q1:
		Shape: Polyhedra
		q_c:    371.0000    23.0000    34.0000
		ub :    378.9664    29.8367    42.5125
		lb :    363.0336    16.1633    25.4875
		A:
			    0.5890    -0.1659    0.7909
			    -0.4671    -0.7672    -0.4396
			    -0.8347    -0.5496    -0.0359
			    0.2488    -0.7064    0.6627
			    -0.6384    0.6795    -0.3615
			    0.9266    -0.2075    0.3137
			    0.4432    0.8879    0.1235
			    0.7399    -0.4401    0.5089
			    0.5062    -0.1341    -0.8519
			    -0.4432    -0.8879    -0.1235
			    -0.7399    0.4401    -0.5089
			    -0.5062    0.1341    0.8519
		b:
			    245.1527
			    -200.3426
			    -318.0860
			    102.6061
			    -230.9168
			    352.6546
			    194.5336
			    283.6719
			    163.7344
			    -183.5336
			    -279.6719
			    -147.7344
	==================================================================================
	Q2:
		Shape: Ellipse
		q_c:    357.0000    31.5000    31.0000
		ub :    361.1918    40.2988    39.0138
		lb :    352.8082    22.7012    22.9862
		P^-1: 
			    0.4019    0.0303    -0.1224
			    0.0303    0.0251    -0.0047
			    -0.1224    -0.0047    0.0709
	==================================================================================
	Q3:
		Shape: Hybrid
		q_c:    371.0000    22.5000    46.5000
		ub :    380.5471    31.2179    54.7992
		lb :    361.4529    13.7821    38.2008
		P^-1: 
			    0.0272    -0.0119    -0.0083
			    -0.0119    0.0430    -0.0044
			    -0.0083    -0.0044    0.0463
		A:
			    0.5547    -0.7342    -0.3915
			    -0.6615    0.5813    -0.4739
			    0.1326    -0.9612    -0.2420
			    -0.2440    -0.0335    -0.9692
			    0.5558    0.0399    -0.8303
			    0.4224    -0.8250    0.3754
		b:
			    173.3177
			    -251.3889
			    19.1482
			    -133.1244
			    170.9387
			    157.9091
	==================================================================================
	Q4:
		Shape: Ellipse
		q_c:    372.0000    6.5000    25.5000
		ub :    380.5167    14.0166    32.0409
		lb :    363.4833    -1.0166    18.9591
		P^-1: 
			    0.0730    0.0623    0.0193
			    0.0623    0.0915    0.0333
			    0.0193    0.0333    0.0626
	==================================================================================
	Q5:
		Shape: Hybrid
		q_c:    361.5000    27.0000    25.5000
		ub :    367.5684    31.8602    30.9753
		lb :    355.4316    22.1398    20.0247
		P^-1: 
			    0.0800    0.0203    -0.0015
			    0.0203    0.0948    0.0108
			    -0.0015    0.0108    0.0804
		A:
			    -0.9537    -0.1823    -0.2393
			    -0.6449    -0.0760    -0.7604
			    -0.9472    0.3174    0.0458
			    0.3629    0.7815    0.5076
			    0.8125    0.5608    -0.1594
			    -0.2957    -0.5064    -0.8100
		b:
			    -353.7724
			    -252.4776
			    -330.3353
			    166.7845
			    306.4648
			    -139.4750
	==================================================================================
	Q6:
		Shape: Polyhedra
		q_c:    366.0000    6.5000    29.0000
		ub :    371.5853    16.3240    39.1184
		lb :    360.4147    -3.3240    18.8816
		A:
			    0.1638    -0.6334    0.7563
			    -0.7902    0.5964    -0.1411
			    0.5800    -0.0311    0.8140
			    -0.9644    -0.2535    -0.0753
			    -0.7687    0.2116    -0.6036
			    0.7514    -0.2273    -0.6195
			    0.1466    0.7102    0.6886
			    0.3440    0.6161    -0.7086
			    -0.9274    0.3408    -0.1540
			    -0.1466    -0.7102    -0.6886
			    -0.3440    -0.6161    0.7086
			    0.9274    -0.3408    0.1540
		b:
			    85.2234
			    -286.6335
			    240.6875
			    -352.2646
			    -293.7821
			    261.1405
			    83.7364
			    117.8655
			    -339.6980
			    -72.7364
			    -100.8655
			    343.6980


===========================================================================================
===========================================================================================
S8:
	q_c:    233.0000    129.5000    505.0000
	ub :    248.0000    142.0000    525.0000
	lb :    218.0000    117.0000    485.0000

	==================================================================================
	Q1:
		Shape: Ellipse
		q_c:    231.5000    133.5000    515.0000
		ub :    239.7765    141.7091    521.9967
		lb :    223.2235    125.2909    508.0033
		P^-1: 
			    0.0450    0.0065    -0.0109
			    0.0065    0.0409    0.0102
			    -0.0109    0.0102    0.0538
	==================================================================================
	Q2:
		Shape: Ellipse
		q_c:    236.5000    138.0000    512.5000
		ub :    245.4668    145.8307    521.3816
		lb :    227.5332    130.1693    503.6184
		P^-1: 
			    0.0312    0.0057    -0.0100
			    0.0057    0.0616    -0.0246
			    -0.0100    -0.0246    0.0456
	==================================================================================
	Q3:
		Shape: Polyhedra
		q_c:    218.5000    136.0000    516.0000
		ub :    224.6700    142.1864    522.9139
		lb :    212.3300    129.8136    509.0861
		A:
			    -0.6254    0.5468    -0.5567
			    -0.6375    -0.6958    0.3307
			    -0.7282    0.2721    -0.6291
			    0.5534    0.3314    -0.7641
			    0.4679    0.8831    -0.0359
			    0.3262    -0.9427    0.0696
			    0.5984    0.3847    0.7028
			    0.0828    0.8428    -0.5318
			    -0.7969    0.3764    0.4725
			    -0.5984    -0.3847    -0.7028
			    -0.0828    -0.8428    0.5318
			    0.7969    -0.3764    -0.4725
		b:
			    -345.6231
			    -59.4886
			    -442.5001
			    -224.5443
			    207.6865
			    -17.3196
			    550.2248
			    -138.1784
			    124.8547
			    -541.2248
			    145.1784
			    -116.8547
	==================================================================================
	Q4:
		Shape: Ellipse
		q_c:    227.5000    137.0000    513.0000
		ub :    233.4595    141.5538    519.7553
		lb :    221.5405    132.4462    506.2447
		P^-1: 
			    0.0419    -0.0148    0.0040
			    -0.0148    0.1456    -0.0374
			    0.0040    -0.0374    0.0456
	==================================================================================
	Q5:
		Shape: Hybrid
		q_c:    221.5000    132.0000    492.5000
		ub :    227.0000    137.6600    496.5134
		lb :    216.0000    126.3400    488.4866
		P^-1: 
			    0.1221    -0.0520    -0.0074
			    -0.0520    0.0887    -0.0101
			    -0.0074    -0.0101    0.1586
		A:
			    -0.6623    0.1794    -0.7274
			    -0.9850    -0.0528    0.1644
			    0.2242    0.4456    -0.8667
			    -0.1378    0.9605    0.2417
			    0.2342    0.5178    0.8228
			    -0.0941    -0.2445    -0.9651
		b:
			    -479.7421
			    -142.0793
			    -316.7178
			    217.7326
			    527.7029
			    -526.8223
	==================================================================================
	Q6:
		Shape: Polyhedra
		q_c:    244.0000    120.5000    507.5000
		ub :    250.9649    128.0714    515.3660
		lb :    237.0351    112.9286    499.6340
		A:
			    -0.7347    -0.1572    0.6600
			    -0.9329    -0.1633    0.3211
			    0.4872    -0.1370    -0.8625
			    0.9673    0.1462    -0.2072
			    -0.5107    0.1917    -0.8381
			    -0.7732    -0.0398    0.6329
			    0.5364    0.5197    0.6649
			    -0.8152    0.5229    0.2489
			    -0.2184    -0.6756    0.7042
			    -0.5364    -0.5197    -0.6649
			    0.8152    -0.5229    -0.2489
			    0.2184    0.6756    -0.7042
		b:
			    140.0172
			    -80.3963
			    -331.3407
			    152.7332
			    -521.2347
			    130.9658
			    537.9720
			    -6.5719
			    226.1871
			    -523.9720
			    12.5719
			    -219.1871


===========================================================================================
===========================================================================================
S9:
	q_c:    134.5000    363.5000    481.5000
	ub :    143.0000    379.0000    512.0000
	lb :    126.0000    348.0000    451.0000

	==================================================================================
	Q1:
		Shape: Polyhedra
		q_c:    131.0000    357.0000    479.5000
		ub :    133.6791    359.8056    482.2994
		lb :    128.3209    354.1944    476.7006
		A:
			    -0.7412    0.1884    -0.6443
			    0.5144    -0.8489    0.1216
			    -0.7373    -0.5871    -0.3343
			    -0.7912    0.2564    -0.5552
			    0.4981    0.7498    -0.4355
			    0.6082    0.7812    -0.1407
			    0.7724    0.5580    0.3034
			    0.2185    -0.6819    0.6980
			    0.5964    -0.4729    -0.6486
			    -0.7724    -0.5580    -0.3034
			    -0.2185    0.6819    -0.6980
			    -0.5964    0.4729    0.6486
		b:
			    -337.2936
			    -175.6340
			    -464.9859
			    -276.8253
			    125.6283
			    292.6222
			    447.3568
			    121.3765
			    -399.7109
			    -444.3568
			    -118.3765
			    403.7109
	==================================================================================
	Q2:
		Shape: Polyhedra
		q_c:    133.5000    367.0000    480.5000
		ub :    139.2341    371.5715    485.5162
		lb :    127.7659    362.4285    475.4838
		A:
			    0.7070    0.6409    0.2991
			    0.2523    -0.8892    0.3817
			    -0.9232    -0.2689    -0.2745
			    -0.4613    -0.8819    -0.0971
			    0.5511    0.7709    0.3192
			    0.7510    -0.3777    0.5416
			    0.5373    0.1214    0.8346
			    -0.7231    0.5756    0.3819
			    -0.4340    -0.8087    0.3970
			    -0.5373    -0.1214    -0.8346
			    0.7231    -0.5756    -0.3819
			    0.4340    0.8087    -0.3970
		b:
			    475.8564
			    -106.1568
			    -350.7304
			    -429.5413
			    512.4706
			    225.4141
			    520.3018
			    302.6736
			    -161.9600
			    -514.3018
			    -293.6736
			    165.9600
	==================================================================================
	Q3:
		Shape: Polyhedra
		q_c:    127.5000    367.5000    486.5000
		ub :    130.6357    370.7399    490.0815
		lb :    124.3643    364.2601    482.9185
		A:
			    0.1963    0.9603    0.1983
			    0.7613    0.4196    0.4942
			    -0.9202    -0.0875    -0.3814
			    0.4487    0.7358    0.5071
			    -0.3823    -0.8389    -0.3874
			    -0.6512    -0.6909    0.3141
			    0.7075    0.5993    0.3745
			    0.1954    -0.6752    0.7113
			    0.6792    -0.4301    -0.5948
			    -0.7075    -0.5993    -0.3745
			    -0.1954    0.6752    -0.7113
			    -0.6792    0.4301    0.5948
		b:
			    476.1300
			    492.8018
			    -333.4829
			    575.6888
			    -544.1061
			    -182.4407
			    493.6565
			    124.8328
			    -357.8274
			    -491.6565
			    -120.8328
			    363.8274
	==================================================================================
	Q4:
		Shape: Polyhedra
		q_c:    136.5000    359.5000    484.5000
		ub :    140.8226    362.9944    489.0835
		lb :    132.1774    356.0056    479.9165
		A:
			    0.3210    0.8818    -0.3457
			    -0.4230    0.8964    0.1327
			    0.3703    0.5097    0.7766
			    -0.6390    0.3141    -0.7022
			    -0.3977    0.9134    0.0871
			    -0.0160    0.1068    0.9942
			    0.3545    0.6047    0.7132
			    0.8849    0.0295    -0.4649
			    -0.3022    0.7959    -0.5246
			    -0.3545    -0.6047    -0.7132
			    -0.8849    -0.0295    0.4649
			    0.3022    -0.7959    0.5246
		b:
			    195.7402
			    331.2404
			    613.0268
			    -312.1265
			    318.6699
			    520.7151
			    614.3245
			    -90.8545
			    -7.2989
			    -608.3245
			    96.8545
			    11.2989
	==================================================================================
	Q5:
		Shape: Ellipse
		q_c:    133.0000    361.0000    489.5000
		ub :    137.8439    365.4709    494.8515
		lb :    128.1561    356.5291    484.1485
		P^-1: 
			    0.1311    -0.0455    -0.0300
			    -0.0455    0.1903    -0.0779
			    -0.0300    -0.0779    0.1379
	==================================================================================
	Q6:
		Shape: Polyhedra
		q_c:    129.5000    358.0000    487.5000
		ub :    132.5822    361.4333    490.4675
		lb :    126.4178    354.5667    484.5325
		A:
			    0.4087    0.2498    -0.8778
			    -0.9221    0.2877    0.2586
			    -0.3737    -0.4051    -0.8344
			    -0.2243    0.7985    -0.5587
			    -0.1348    0.9269    0.3504
			    0.2377    -0.1671    0.9569
			    0.9997    0.0245    0.0069
			    -0.0029    -0.1597    0.9872
			    0.0253    -0.9869    -0.1596
			    -0.9997    -0.0245    -0.0069
			    0.0029    0.1597    -0.9872
			    -0.0253    0.9869    0.1596
		b:
			    -283.0078
			    112.6222
			    -597.4618
			    -12.7924
			    488.1468
			    439.9458
			    144.5991
			    426.1718
			    -424.8345
			    -138.5991
			    -421.1718
			    430.8345


===========================================================================================
===========================================================================================
S10:
	q_c:    238.0000    109.0000    342.0000
	ub :    261.0000    134.0000    363.0000
	lb :    215.0000    84.0000    321.0000

	==================================================================================
	Q1:
		Shape: Hybrid
		q_c:    222.5000    126.0000    333.0000
		ub :    238.2366    141.1195    346.0837
		lb :    206.7634    110.8805    319.9163
		P^-1: 
			    0.0131    0.0018    -0.0045
			    0.0018    0.0093    -0.0004
			    -0.0045    -0.0004    0.0174
		A:
			    0.9441    0.1895    -0.2697
			    -0.8219    0.5553    -0.1269
			    -0.2471    -0.9461    0.2095
			    -0.3368    0.5192    0.7855
			    0.1801    -0.4527    -0.8733
			    0.2446    0.1036    -0.9641
		b:
			    148.8941
			    -148.0824
			    -98.0029
			    256.9843
			    -303.0145
			    -249.6950
	==================================================================================
	Q2:
		Shape: Hybrid
		q_c:    238.0000    108.5000    360.5000
		ub :    251.6641    116.5332    372.3282
		lb :    224.3359    100.4668    348.6718
		P^-1: 
			    0.0379    -0.0051    -0.0362
			    -0.0051    0.0475    -0.0096
