3D_50_8_6_f                l = 3

===========================================================================================
===========================================================================================
S1:
	q_c:	189.0	195.5	348.5
	ub :	197.4017	202.798	360.5404
	lb :	177.0771	182.1745	337.5564

	==================================================================================
	Q1:
		Shape: Polyhedra
		q_c:	186.0	196.5	356.0
		ub :	190.5279	199.4779	360.5404
		lb :	181.4721	193.5221	351.4596
		A:
			-0.1386	-0.9753	0.1718
			-0.3112	0.616	-0.7237
			0.0209	-0.8885	0.4584
			-0.2929	0.3317	-0.8967
			-0.8446	0.2755	-0.4591
			-0.0199	-0.943	0.3323
			0.5593	0.7354	0.3826
			0.6685	-0.1272	-0.7328
			-0.4902	0.6656	-0.5627
			-0.5593	-0.7354	-0.3826
			-0.6685	0.1272	0.7328
			0.4902	-0.6656	0.5627
		b:
			-154.4331
			-192.7326
			-5.7066
			-306.3551
			-264.5025
			-68.9259
			386.7452
			-157.5112
			-159.2155
			-382.7452
			165.5112
			162.2155
	==================================================================================
	Q2:
		Shape: Ellipse
		q_c:	184.0	191.0	354.0
		ub :	186.6322	196.5822	359.182
		lb :	181.3678	185.4178	348.818
		P^-1:
			0.8084	0.1845	0.3244
			0.1845	0.1019	0.0947
			0.3244	0.0947	0.2207
	==================================================================================
	Q3:
		Shape: Polyhedra
		q_c:	182.5	185.5	353.0
		ub :	185.4444	188.8255	356.0621
		lb :	179.5556	182.1745	349.9379
		A:
			0.838	0.5024	-0.2129
			0.6191	0.4085	-0.6707
			-0.8299	-0.3078	0.4653
			0.6584	0.6904	-0.2998
			-0.4761	-0.5634	0.6752
			0.5247	0.7031	-0.4799
			0.1237	0.4955	0.8597
			-0.7751	0.5892	-0.2281
			-0.6196	-0.6382	0.457
			-0.1237	-0.4955	-0.8597
			0.7751	-0.5892	0.2281
			0.6196	0.6382	-0.457
		b:
			172.1074
			-47.0812
			-43.0864
			143.0397
			47.8159
			57.3812
			420.4808
			-109.6815
			-69.6456
			-415.4808
			115.6815
			70.6456
	==================================================================================
	Q4:
		Shape: Polyhedra
		q_c:	188.5	190.0	346.0
		ub :	193.8429	195.0604	351.367
		lb :	183.1571	184.9396	340.633
		A:
			-0.6157	0.7468	0.2513
			0.3174	0.1432	0.9374
			0.8945	0.2028	-0.3985
			-0.6663	0.6542	0.3579
			-0.4625	0.8819	-0.0911
			-0.9861	-0.1594	-0.048
			0.6575	0.5887	0.4703
			0.1995	-0.7379	0.6448
			0.7266	-0.3301	-0.6026
			-0.6575	-0.5887	-0.4703
			-0.1995	0.7379	-0.6448
			-0.7266	0.3301	0.6026
		b:
			116.0408
			414.6021
			72.701
			125.8982
			51.7548
			-229.2713
			402.0122
			122.9826
			-130.7395
			-395.0122
			-117.9826
			137.7395
	==================================================================================
	Q5:
		Shape: Polyhedra
		q_c:	183.5	198.5	354.5
		ub :	189.9229	202.798	358.6185
		lb :	177.0771	194.202	350.3815
		A:
			0.3248	-0.5149	-0.7933
			0.2357	-0.3595	0.9029
			0.4033	-0.2162	-0.8891
			0.0151	0.8713	-0.4904
			0.5691	-0.7689	-0.2916
			-0.1231	-0.8993	-0.4196
			0.9645	0.2124	0.1568
			0.1979	-0.9748	0.1031
			0.1748	-0.0684	-0.9822
			-0.9645	-0.2124	-0.1568
			-0.1979	0.9748	-0.1031
			-0.1748	0.0684	0.9822
		b:
			-320.8289
			295.2531
			-280.9611
			4.9317
			-148.1764
			-346.3928
			280.2432
			-117.6172
			-326.7156
			-269.2432
			123.6172
			332.7156
	==================================================================================
	Q6:
		Shape: Hybrid
		q_c:	192.5	192.0	343.0
		ub :	197.4017	196.6813	348.4436
		lb :	187.5983	187.3187	337.5564
		P^-1:
			0.0817	0.0011	-0.0007
			0.0011	0.1387	-0.0349
			-0.0007	-0.0349	0.1029
		A:
			0.371	0.922	-0.1111
			0.3148	0.9095	-0.2713
			-0.7364	-0.5657	0.3711
			0.6941	0.2895	-0.6591
			0.9257	0.2914	-0.2413
			-0.3191	0.7075	-0.6305
		b:
			211.8912
			143.5889
			-121.2863
			-34.9334
			153.5026
			-140.4514


===========================================================================================
===========================================================================================
S2:
	q_c:	139.0	116.5	106.0
	ub :	175.1066	147.5489	136.1069
	lb :	107.0063	81.7728	88.9514

	==================================================================================
	Q1:
		Shape: Ellipse
		q_c:	143.0	117.5	117.0
		ub :	154.1364	128.9439	126.9193
		lb :	131.8636	106.0561	107.0807
		P^-1:
			0.0242	-0.0038	-0.0041
			-0.0038	0.0238	-0.0043
			-0.0041	-0.0043	0.0232
	==================================================================================
	Q2:
		Shape: Polyhedra
		q_c:	127.5	137.5	121.5
		ub :	137.9686	147.5489	130.711
		lb :	117.0314	127.4511	112.289
		A:
			0.1191	-0.5318	-0.8384
			0.4671	0.8753	0.1249
			0.895	-0.1917	0.4029
			-0.7654	0.2871	-0.576
			0.9673	-0.0563	0.2473
			-0.456	0.0165	0.8898
			0.3858	0.778	0.4958
			-0.8928	0.4503	-0.0118
			-0.2324	-0.4381	0.8684
			-0.3858	-0.778	-0.4958
			0.8928	-0.4503	0.0118
			0.2324	0.4381	-0.8684
		b:
			-153.9416
			199.687
			144.2044
			-120.4151
			152.9506
			60.3732
			219.9089
			-45.3625
			24.1329
			-212.9089
			61.3625
			-7.1329
	==================================================================================
	Q3:
		Shape: Hybrid
		q_c:	121.0	109.5	121.0
		ub :	134.9937	121.433	136.1069
		lb :	107.0063	97.567	105.8931
		P^-1:
			0.0237	-0.02	0.0061
			-0.02	0.0406	-0.0188
			0.0061	-0.0188	0.0197
		A:
			-0.0979	0.5555	-0.8257
			-0.611	0.7893	-0.0603
			-0.1481	0.9887	0.0225
			-0.2927	0.8122	-0.5046
			0.2977	-0.9259	0.2326
			0.0844	0.1113	-0.9902
		b:
			-46.8446
			8.2252
			98.9929
			-5.2784
			-33.9057
			-90.3596
	==================================================================================
	Q4:
		Shape: Hybrid
		q_c:	156.5	124.5	107.0
		ub :	165.4706	133.3999	117.683
		lb :	147.5294	115.6001	96.317
		P^-1:
			0.0261	-0.0048	-0.0025
			-0.0048	0.0469	-0.0219
			-0.0025	-0.0219	0.0312
		A:
			-0.4596	0.8881	0.0036
			-0.7834	0.5371	-0.3128
			-0.164	0.5205	-0.8379
			0.4679	-0.2617	0.8441
			-0.1785	0.8975	-0.4033
			0.8303	-0.1396	0.5395
		b:
			42.3354
			-85.8359
			-47.5088
			135.3905
			42.8294
			175.0772
	==================================================================================
	Q5:
		Shape: Hybrid
		q_c:	156.0	112.5	119.5
		ub :	162.5317	118.8695	125.7065
		lb :	149.4683	106.1305	113.2935
		P^-1:
			1.1608	-1.0937	1.4124
			-1.0937	1.0797	-1.3773
			1.4124	-1.3773	1.82
		A:
			-0.5547	0.5733	-0.6029
			-0.7822	0.476	-0.4021
			0.3563	-0.5786	0.7337
			-0.5355	0.4267	-0.7288
			-0.7339	0.3998	-0.5491
			0.4542	-0.465	0.7599
		b:
			-93.5867
			-114.8883
			79.1002
			-122.0018
			-133.8737
			109.9611
	==================================================================================
	Q6:
		Shape: Hybrid
		q_c:	158.5	98.0	94.5
		ub :	175.1066	114.2272	100.0486
		lb :	141.8934	81.7728	88.9514
		P^-1:
			0.0089	0.0013	-0.0093
			0.0013	0.0078	0.0003
			-0.0093	0.0003	0.0804
		A:
			-0.3421	0.2062	-0.9168
			-0.1328	0.079	-0.988
			-0.0073	0.3787	0.9255
			-0.2385	0.8288	0.5062
			-0.3012	0.2503	0.9201
			-0.1649	-0.0612	-0.9844
		b:
			-115.538
			-103.7295
			127.0437
			99.7293
			67.0614
			-122.2146


===========================================================================================
===========================================================================================
S3:
	q_c:	203.0	277.5	58.5
	ub :	208.7108	281.2574	65.3819
	lb :	196.1346	271.9791	52.5534

	==================================================================================
	Q1:
		Shape: Hybrid
		q_c:	199.5	275.0	59.5
		ub :	202.8654	278.0209	63.0961
		lb :	196.1346	271.9791	55.9039
		P^-1:
			0.221	0.0007	-0.0421
			0.0007	0.16	-0.0005
			-0.0421	-0.0005	0.189
		A:
			-0.2429	0.3412	-0.9081
			-0.1855	0.4958	-0.8484
			-0.8972	-0.3785	-0.2276
			0.2759	0.5721	-0.7724
			-0.9874	0.0363	-0.1543
			0.1792	-0.5832	-0.7923
		b:
			-7.2022
			50.2933
			-295.2846
			167.7129
			-194.9219
			-170.417
	==================================================================================
	Q2:
		Shape: Polyhedra
		q_c:	200.5	275.0	62.0
		ub :	202.5206	277.8139	65.1409
		lb :	198.4794	272.1861	58.8591
		A:
			0.7274	-0.4023	-0.5559
			0.7993	-0.5748	-0.1754
			-0.1327	0.2278	-0.9646
			-0.8362	-0.1791	-0.5184
			-0.7413	-0.2233	-0.6329
			0.5455	0.5245	-0.6537
			0.1768	0.7899	0.5872
			-0.1157	0.6092	-0.7846
			-0.9774	0.0708	0.1991
			-0.1768	-0.7899	-0.5872
			0.1157	-0.6092	0.7846
			0.9774	-0.0708	-0.1991
		b:
			2.251
			-7.0638
			-21.4029
			-247.3451
			-247.5501
			215.2479
			290.5728
			98.1829
			-162.6674
			-287.5728
			-93.1829
			165.6674
	==================================================================================
	Q3:
		Shape: Ellipse
		q_c:	206.0	278.5	62.5
		ub :	208.7108	281.1698	65.3819
		lb :	203.2892	275.8302	59.6181
		P^-1:
			0.6221	-0.3724	0.0441
			-0.3724	0.6227	-0.0441
			0.0441	-0.0441	0.2552
	==================================================================================
	Q4:
		Shape: Polyhedra
		q_c:	202.0	278.0	56.0
		ub :	205.4426	280.5819	59.4466
		lb :	198.5574	275.4181	52.5534
		A:
			-0.1146	-0.1279	0.9852
			0.6237	0.6456	-0.4407
			0.3563	-0.8741	-0.3301
			-0.2222	0.6104	0.7603
			0.4011	-0.911	-0.0963
			-0.9269	0.3708	-0.0578
			0.4692	0.5932	0.6542
			-0.266	0.8013	-0.5359
			-0.8421	0.0774	0.5338
			-0.4692	-0.5932	-0.6542
			0.266	-0.8013	0.5359
			0.8421	-0.0774	-0.5338
		b:
			-1.464
			282.904
			-187.5188
			169.5968
			-175.7873
			-85.2124
			298.3312
			140.5116
			-116.1911
			-294.3312
			-137.5116
			121.1911
	==================================================================================
	Q5:
		Shape: Hybrid
		q_c:	201.0	278.5	59.0
		ub :	202.6376	281.2574	61.4134
		lb :	199.3624	275.7426	56.5866
		P^-1:
			0.9862	-0.0928	0.053
			-0.0928	0.3769	0.3557
			0.053	0.3557	0.7969
		A:
			0.2631	0.4528	-0.8519
			0.966	-0.2514	0.0605
			0.375	0.2704	0.8867
			-0.5417	0.8373	0.0738
			0.3577	0.039	0.933
			-0.9109	-0.3697	-0.1829
		b:
			130.3962
			128.2591
			203.5591
			129.8935
			138.6193
			-296.0918
	==================================================================================
	Q6:
		Shape: Ellipse
		q_c:	206.0	278.5	60.5
		ub :	208.3879	280.7689	62.6405
		lb :	203.6121	276.2311	58.3595
		P^-1:
			0.2873	0.0653	-0.1493
			0.0653	0.3643	-0.2616
			-0.1493	-0.2616	0.8484


===========================================================================================
===========================================================================================
S4:
	q_c:	354.0	119.5	411.0
	ub :	358.6053	123.5738	415.6843
	lb :	350.3266	115.7792	408.942

	==================================================================================
	Q1:
		Shape: Polyhedra
		q_c:	356.0	118.5	413.0
		ub :	358.3763	121.2208	415.6843
		lb :	353.6237	115.7792	410.3157
		A:
			0.548	-0.1945	0.8135
			-0.9339	0.2522	0.2534
			-0.5659	-0.5371	0.6255
			-0.662	0.5489	0.5104
			0.4004	-0.0378	-0.9156
			-0.594	0.5994	0.5365
			0.6813	0.3643	0.635
			0.7168	-0.156	-0.6796
			-0.1485	0.9181	-0.3674
			-0.6813	-0.3643	-0.635
			-0.7168	0.156	0.6796
			0.1485	-0.9181	0.3674
		b:
			510.0277
			-196.6267
			-5.2297
			41.4225
			-238.8684
			82.4037
			549.9386
			-42.969
			-93.7981
			-545.9386
			44.969
			97.7981
	==================================================================================
	Q2:
		Shape: Hybrid
		q_c:	356.5	120.5	412.0
		ub :	358.6053	123.1166	414.3283
		lb :	354.3947	117.8834	409.6717
		P^-1:
			0.8334	-0.2962	-0.0099
			-0.2962	0.4516	0.0953
			-0.0099	0.0953	0.4094
		A:
			-0.0139	0.6659	0.7459
			0.2608	-0.9244	-0.2783
			0.366	-0.5706	-0.7352
			0.7718	-0.4129	-0.4835
			0.7701	-0.2325	-0.5941
			-0.2862	0.7805	-0.5558
		b:
			383.5677
			-132.1583
			-240.3771
			26.8132
			2.5164
			-235.8121
	==================================================================================
	Q3:
		Shape: Hybrid
		q_c:	352.5	120.0	413.5
		ub :	354.6734	122.1602	414.6081
		lb :	350.3266	117.8398	412.3919
		P^-1:
			0.7666	-0.1105	-1.0146
			-0.1105	0.4823	0.3479
			-1.0146	0.3479	3.64
		A:
			-0.2517	-0.5297	0.81
			0.4702	-0.5411	-0.6973
			0.2436	0.2816	-0.9281
			-0.1246	-0.7118	-0.6912
			-0.0336	0.0653	-0.9973
			0.9248	0.0612	-0.3756
		b:
			183.3819
			-186.8855
			-263.6099
			-414.2594
			-415.9083
			178.9686
	==================================================================================
	Q4:
		Shape: Polyhedra
		q_c:	353.0	118.0	411.0
		ub :	354.2747	119.937	412.9458
		lb :	351.7253	116.063	409.0542
		A:
			-0.3454	0.2238	-0.9114
			-0.8587	0.4965	0.1274
			0.9048	-0.3534	0.2375
			0.4858	0.7891	0.3759
			-0.9698	-0.2069	-0.1291
			-0.7739	0.2685	0.5735
			0.9569	0.1869	0.2222
			-0.0187	-0.7241	0.6895
			0.2898	-0.6639	-0.6894
			-0.9569	-0.1869	-0.2222
			0.0187	0.7241	-0.6895
			-0.2898	0.6639	0.6894
		b:
			-468.7605
			-191.1319
			376.428
			420.1645
			-418.803
			-4.7762
			452.1835
			192.8427
			-258.375
			-450.1835
			-189.8427
			260.375
	==================================================================================
	Q5:
		Shape: Polyhedra
		q_c:	355.0	121.5	411.5
		ub :	357.6751	123.5738	414.058
		lb :	352.3249	119.4262	408.942
		A:
			0.4877	-0.8647	-0.1203
			-0.1879	0.3578	-0.9147
			0.2712	0.9462	-0.1762
			0.2627	-0.4393	0.8591
			0.2016	-0.7166	-0.6677
			-0.0618	0.027	-0.9977
			0.673	0.5433	0.5019
			0.3592	-0.8332	0.4203
			0.6465	-0.1027	-0.7559
			-0.673	-0.5433	-0.5019
			-0.3592	0.8332	-0.4203
			-0.6465	0.1027	0.7559
		b:
			19.7671
			-398.3009
			140.2022
			394.6664
			-288.6186
			-427.6479
			513.4507
			200.242
			-92.5229
			-509.4507
			-198.242
			95.5229
	==================================================================================
	Q6:
		Shape: Polyhedra
		q_c:	352.5	117.5	411.5
		ub :	354.1638	118.7684	412.6106
		lb :	350.8362	116.2316	410.3894
		A:
			-0.483	-0.3034	-0.8214
			0.3442	0.7511	0.5633
			-0.4653	-0.6105	-0.6409
			-0.113	-0.6667	-0.7367
			0.4661	0.6734	0.5738
			-0.6045	-0.7773	-0.1742
			0.1629	0.7939	0.5858
			0.1119	0.5751	-0.8104
			-0.9803	0.1976	0.0048
			-0.1629	-0.7939	-0.5858
			-0.1119	-0.5751	0.8104
			0.9803	-0.1976	-0.0048
		b:
			-543.047
			441.9613
			-498.7909
			-420.7823
			480.2153
			-375.272
			392.2821
			-225.47
			-318.8325
			-391.2821
			227.47
			321.8325


===========================================================================================
===========================================================================================
S5:
	q_c:	406.0	12.5	474.5
	ub :	429.1302	25.1782	490.8501
	lb :	388.5115	-9.5921	454.2543

	==================================================================================
	Q1:
		Shape: Ellipse
		q_c:	410.0	3.5	481.0
		ub :	419.1766	12.2045	490.8501
		lb :	400.8234	-5.2045	471.1499
		P^-1:
			0.0229	-0.0017	-0.0004
			-0.0017	0.0476	-0.0198
			-0.0004	-0.0198	0.0361
	==================================================================================
	Q2:
		Shape: Polyhedra
		q_c:	395.0	21.5	461.0
		ub :	401.4885	25.1782	467.6379
		lb :	388.5115	17.8218	454.3621
		A:
			-0.5288	-0.8075	-0.2614
			0.2072	0.7941	0.5714
			0.3447	0.8674	0.3589
			-0.7234	-0.688	0.0585
			-0.427	-0.7816	-0.4548
			0.2182	0.9632	0.1572
			0.3843	0.8742	0.2968
			0.7882	-0.1433	-0.5986
			-0.4807	0.4639	-0.7441
			-0.3843	-0.8742	-0.2968
			-0.7882	0.1433	0.5986
			0.4807	-0.4639	0.7441
		b:
			-345.5015
			364.2141
			321.3464
			-270.8619
			-393.8276
			180.8052
			308.407
			37.3109
			-518.439
			-306.407
			-27.3109
			527.439
	==================================================================================
	Q3:
		Shape: Polyhedra
		q_c:	421.0	13.0	481.0
		ub :	429.1302	20.462	489.3348
		lb :	412.8698	5.538	472.6652
		A:
			0.5557	0.1723	0.8133
			-0.5162	0.3447	-0.7841
			-0.4156	-0.0127	-0.9095
			-0.9064	-0.3498	-0.2367
			0.4095	-0.2773	0.8691
			-0.0274	-0.9028	0.4292
			0.4259	0.8131	0.3968
			0.5628	0.1054	-0.8199
			-0.7085	0.5725	-0.4127
			-0.4259	-0.8131	-0.3968
			-0.5628	-0.1054	0.8199
			0.7085	-0.5725	0.4127
		b:
			632.495
			-585.9079
			-607.6702
			-494.6581
			591.219
			188.0493
			386.7586
			-150.5731
			-485.821
			-374.7586
			161.5731
			492.821
	==================================================================================
	Q4:
		Shape: Ellipse
		q_c:	404.0	-1.5	461.5
		ub :	413.0076	6.5921	468.7457
		lb :	394.9924	-9.5921	454.2543
		P^-1:
			0.0344	0.0059	-0.0016
			0.0059	0.0338	0.0016
			-0.0016	0.0016	0.0396
	==================================================================================
	Q5:
		Shape: Ellipse
		q_c:	407.0	9.0	471.0
		ub :	417.0437	18.5363	479.6818
		lb :	396.9563	-0.5363	462.3182
		P^-1:
			0.0241	-0.0087	0.0076
			-0.0087	0.0468	-0.0283
			0.0076	-0.0283	0.0548
	==================================================================================
	Q6:
		Shape: Polyhedra
		q_c:	401.0	11.5	470.0
		ub :	409.5186	19.8813	474.3347
		lb :	392.4814	3.1187	465.6653
		A:
			0.7833	-0.6154	0.0877
			0.4352	-0.3687	0.8213
			-0.7808	0.566	-0.2646
			-0.6318	0.4219	0.6502
			-0.1609	-0.1125	-0.9805
			-0.5829	0.7921	-0.1813
			0.693	0.7111	0.1183
			0.5015	-0.3577	-0.7877
			-0.5179	0.6052	-0.6045
			-0.693	-0.7111	-0.1183
			-0.5015	0.3577	0.7877
			0.5179	-0.6052	0.6045
		b:
			350.5418
			558.3938
			-428.5885
			60.1019
			-523.0041
			-307.5889
			350.6796
			-170.2427
			-483.3457
			-332.6796
			176.2427
			486.3457


===========================================================================================
===========================================================================================
S6:
	q_c:	238.0	109.0	342.0
	ub :	271.205	141.1195	372.3282
	lb :	206.7634	78.4837	309.3695

	==================================================================================
	Q1:
		Shape: Hybrid
		q_c:	222.5	126.0	333.0
		ub :	238.2366	141.1195	346.0837
		lb :	206.7634	110.8805	319.9163
		P^-1:
			0.0131	0.0018	-0.0045
			0.0018	0.0093	-0.0004
			-0.0045	-0.0004	0.0174
		A:
			0.9441	0.1895	-0.2697
			-0.8219	0.5553	-0.1269
			-0.2471	-0.9461	0.2095
			-0.3368	0.5192	0.7855
			0.1801	-0.4527	-0.8733
			0.2446	0.1036	-0.9641
		b:
			148.8941
			-148.0824
			-98.0029
			256.9843
			-303.0145
			-249.695
	==================================================================================
	Q2:
		Shape: Hybrid
		q_c:	238.0	108.5	360.5
		ub :	251.6641	116.5332	372.3282
		lb :	224.3359	100.4668	348.6718
		P^-1:
			0.0379	-0.0051	-0.0362
			-0.0051	0.0475	-0.0096
			-0.0362	-0.0096	0.0507
		A:
			0.6101	-0.4403	-0.6587
			0.7962	-0.3269	-0.5092
			-0.5457	0.3041	0.7809
			0.1793	0.7276	-0.6621
			-0.3524	0.8281	0.436
			0.5569	-0.8303	-0.0228
		b:
			-137.8398
			-26.7479
			187.1671
			-114.4891
			166.5144
			37.6787
	==================================================================================
	Q3:
		Shape: Ellipse
		q_c:	223.5	92.5	330.0
		ub :	234.0854	106.5163	345.3897
		lb :	212.9146	78.4837	314.6103
		P^-1:
			0.0291	-0.0063	-0.0066
			-0.0063	0.0134	0.0
			-0.0066	0.0	0.0105
	==================================================================================
	Q4:
		Shape: Polyhedra
		q_c:	250.0	120.0	324.0
		ub :	265.0004	136.8667	338.6305
		lb :	234.9996	103.1333	309.3695
		A:
			0.0929	-0.044	-0.9947
			-0.0125	-0.2175	0.976
			0.5798	-0.0547	0.8129
			-0.1873	0.1093	0.9762
			0.5229	0.5369	0.6621
			0.1226	-0.6152	-0.7788
			0.2515	0.3419	0.9055
			-0.9487	0.2725	0.1606
			-0.1918	-0.8994	0.3929
			-0.2515	-0.3419	-0.9055
			0.9487	-0.2725	-0.1606
			0.1918	0.8994	-0.3929
		b:
			-294.7347
			297.1196
			411.3958
			292.2065
			419.1413
			-285.9564
			406.2727
			-141.426
			-16.5788
			-388.2727
			163.426
			40.5788
	==================================================================================
	Q5:
		Shape: Polyhedra
		q_c:	253.0	111.5	330.0
		ub :	262.7369	129.4596	346.6529
		lb :	243.2631	93.5404	313.3471
		A:
			0.4017	0.054	0.9142
			-0.8336	-0.512	-0.207
			0.9262	-0.0368	0.3752
			0.2809	0.8131	-0.5098
			-0.9134	0.1374	-0.3833
			-0.3369	0.9142	-0.2254
			0.0643	0.3941	0.9168
			0.3131	0.8644	-0.3935
			-0.9475	0.3124	-0.0678
			-0.0643	-0.3941	-0.9168
			-0.3131	-0.8644	0.3935
			0.9475	-0.3124	0.0678
		b:
			420.4601
			-325.8591
			360.7599
			6.9638
			-335.9049
			-46.6855
			374.7671
			59.2507
			-222.2622
			-350.7671
			-32.2507
			232.2622
	==================================================================================
	Q6:
		Shape: Ellipse
		q_c:	260.0	118.5	351.0
		ub :	271.205	133.5946	366.3626
		lb :	248.795	103.4054	335.6374
		P^-1:
			0.0156	-0.0001	0.0001
			-0.0001	0.0138	0.0033
			0.0001	0.0033	0.0093


===========================================================================================
===========================================================================================
S7:
	q_c:	473.0	326.0	174.5
	ub :	492.0091	348.6245	186.468
	lb :	463.4874	311.68	160.6536

	==================================================================================
	Q1:
		Shape: Hybrid
		q_c:	467.0	318.0	179.0
		ub :	469.741	322.039	181.8986
		lb :	464.259	313.961	176.1014
		P^-1:
			0.2464	0.0238	0.0044
			0.0238	0.0907	-0.0297
			0.0044	-0.0297	0.2445
		A:
			-0.3801	0.5483	-0.7449
			0.5602	-0.1472	0.8152
			0.4539	-0.0609	-0.889
			-0.7085	-0.4944	0.5036
			-0.8108	-0.2843	0.5116
			-0.8455	0.2931	0.4463
		b:
			-135.0941
			361.7239
			34.6659
			-396.7628
			-376.4992
			-220.3203
	==================================================================================
	Q2:
		Shape: Polyhedra
		q_c:	472.5	322.0	181.0
		ub :	478.4129	328.2446	186.468
		lb :	466.5871	315.7554	175.532
		A:
			0.5508	0.8061	-0.2166
			0.3637	-0.4395	-0.8213
			0.9084	-0.0293	-0.4171
			-0.9914	-0.1258	-0.0374
			-0.7425	-0.1458	0.6538
			0.4783	0.284	-0.831
			0.6109	0.5121	0.6038
			0.4191	-0.8562	0.3021
			0.6717	0.0685	-0.7377
			-0.6109	-0.5121	-0.6038
			-0.4191	0.8562	-0.3021
			-0.6717	-0.0685	0.7377
		b:
			484.2992
			-115.2811
			347.147
			-512.3664
			-276.8905
			169.8622
			566.3221
			-17.9751
			208.424
			-559.3221
			27.9751
			-203.424
	==================================================================================
	Q3:
		Shape: Ellipse
		q_c:	473.0	328.0	169.0
		ub :	478.0426	336.1831	177.3464
		lb :	467.9574	319.8169	160.6536
		P^-1:
			0.11	-0.0069	0.0075
			-0.0069	0.0685	0.046
			0.0075	0.046	0.0615
	==================================================================================
	Q4:
		Shape: Polyhedra
		q_c:	475.5	325.0	176.0
		ub :	482.6681	330.1341	183.1299
		lb :	468.3319	319.8659	168.8701
		A:
			0.1722	-0.815	-0.5532
			0.3017	-0.9343	-0.1901
			0.2037	-0.6192	-0.7584
			0.7185	-0.6807	-0.1431
			0.5887	-0.0429	0.8072
			0.693	-0.693	-0.1987
			0.5959	0.1255	0.7932
			-0.4868	0.842	0.2325
			-0.6388	-0.5246	0.5628
			-0.5959	-0.1255	-0.7932
			0.4868	-0.842	-0.2325
			0.6388	0.5246	-0.5628
		b:
			-277.7021
			-191.4074
			-234.5989
			97.6135
			412.5343
			71.6553
			468.2177
			85.1229
			-369.677
			-459.2177
			-81.1229
			380.677
	==================================================================================
	Q5:
		Shape: Hybrid
		q_c:	485.0	339.0	175.5
		ub :	492.0091	348.6245	184.925
		lb :	477.9909	329.3755	166.075
		P^-1:
			0.0884	0.0179	0.0346
			0.0179	0.0281	0.0053
			0.0346	0.0053	0.0427
		A:
			-0.5293	-0.7078	-0.4679
			0.6985	0.0103	0.7155
			-0.016	-0.9998	0.0099
			0.9397	-0.1262	0.3179
			-0.9248	-0.3681	0.0959
			-0.6265	0.5183	-0.5821
		b:
			-575.6653
			469.9123
			-340.0625
			471.0397
			-553.7769
			-226.8909
	==================================================================================
	Q6:
		Shape: Ellipse
		q_c:	471.0	319.0	173.5
		ub :	478.5126	326.32	179.457
		lb :	463.4874	311.68	167.543
		P^-1:
			0.0546	0.0107	-0.0009
			0.0107	0.048	0.0013
			-0.0009	0.0013	0.0624


===========================================================================================
===========================================================================================
S8:
	q_c:	396.5	454.5	79.0
	ub :	416.631	473.0141	102.5181
	lb :	380.8789	435.6224	57.3482

	==================================================================================
	Q1:
		Shape: Ellipse
		q_c:	403.5	465.5	80.5
		ub :	410.6577	472.0807	85.7188
		lb :	396.3423	458.9193	75.2812
		P^-1:
			0.063	-0.0531	0.0222
			-0.0531	0.1299	-0.0859
			0.0222	-0.0859	0.1665
	==================================================================================
	Q2:
		Shape: Hybrid
		q_c:	404.5	446.0	77.0
		ub :	413.9163	456.0098	88.1622
		lb :	395.0837	435.9902	65.8378
		P^-1:
			0.0661	0.0377	0.0319
			0.0377	0.0489	0.0138
			0.0319	0.0138	0.035
		A:
			-0.3184	-0.9322	-0.1722
			-0.6476	-0.7122	0.2709
			0.0789	-0.8209	0.5656
			0.8464	0.2364	0.4773
			0.5222	0.8516	0.0452
			0.4894	0.8621	0.1312
		b:
			-554.4838
			-555.1867
			-286.1921
			486.662
			597.0411
			595.0788
	==================================================================================
	Q3:
		Shape: Polyhedra
		q_c:	388.5	443.5	65.5
		ub :	396.1211	451.3776	73.6518
		lb :	380.8789	435.6224	57.3482
		A:
			0.0833	-0.9672	0.2399
			0.4383	0.0044	-0.8988
			0.2403	0.9209	-0.3068
			-0.668	-0.4819	0.5671
			0.3492	-0.5681	0.7452
			0.2407	-0.9047	0.3515
			0.6849	0.4524	0.5713
			-0.0379	-0.7608	0.6479
			0.7277	-0.4654	-0.5039
			-0.6849	-0.4524	-0.5713
			0.0379	0.7608	-0.6479
			-0.7277	0.4654	0.5039
		b:
			-376.4042
			118.9703
			485.747
			-431.202
			-63.3822
			-280.1669
			508.1084
			-305.7016
			49.7947
			-500.1084
			313.7016
			-36.7947
	==================================================================================
	Q4:
		Shape: Hybrid
		q_c:	405.5	449.0	94.0
		ub :	416.631	459.7579	102.5181
		lb :	394.369	438.2421	85.4819
		P^-1:
			0.0233	-0.0029	-0.0069
			-0.0029	0.019	-0.0034
			-0.0069	-0.0034	0.0369
		A:
			-0.7405	0.3028	0.6
			0.655	-0.4114	-0.6338
			0.2661	0.3017	0.9155
			0.8722	0.1334	-0.4707
			-0.5196	0.4483	0.7274
			0.1711	-0.5739	0.8008
		b:
			-104.8156
			24.499
			333.4553
			372.859
			62.1493
			-109.8002
	==================================================================================
	Q5:
		Shape: Ellipse
		q_c:	399.5	453.0	72.5
		ub :	405.8968	459.8096	80.0041
		lb :	393.1032	446.1904	64.9959
		P^-1:
			0.0723	0.0001	-0.0163
			0.0001	0.0464	-0.0052
			-0.0163	-0.0052	0.0523
	==================================================================================
	Q6:
		Shape: Ellipse
		q_c:	395.0	463.5	88.5
		ub :	404.025	473.0141	96.8596
		lb :	385.975	453.9859	80.1404
		P^-1:
			0.0266	-0.0041	-0.0014
			-0.0041	0.0302	0.0003
			-0.0014	0.0003	0.0277


===========================================================================================
===========================================================================================
