3D_50_5_6_f                l = 3

===========================================================================================
===========================================================================================
S1:
	q_c:    433.5000    214.5000    492.0000
	ub :    443.0000    222.0000    512.0000
	lb :    424.0000    207.0000    472.0000

	==================================================================================
	Q1:
		Shape: Hybrid
		q_c:    439.0000    215.0000    491.5000
		ub :    441.5073    220.1646    496.1125
		lb :    436.4927    209.8354    486.8875
		P^-1: 
			    0.4115    0.0190    -0.1025
			    0.0190    0.0518    -0.0123
			    -0.1025    -0.0123    0.1122
		A:
			    0.5854    -0.1515    -0.7965
			    0.6719    0.3676    0.6430
			    -0.4868    -0.1095    0.8666
			    -0.9598    -0.1809    0.2146
			    -0.7553    -0.2814    0.5919
			    0.8470    0.4782    0.2320
		b:
			    -165.1950
			    692.7317
			    190.5953
			    -353.9250
			    -99.8516
			    590.8709
	==================================================================================
	Q2:
		Shape: Hybrid
		q_c:    429.0000    208.0000    489.0000
		ub :    435.7669    214.6059    494.4726
		lb :    422.2331    201.3941    483.5274
		P^-1: 
			    0.0905    0.0427    -0.0382
			    0.0427    0.0762    -0.0335
			    -0.0382    -0.0335    0.0826
		A:
			    0.8899    0.3329    -0.3117
			    -0.7055    -0.6010    0.3757
			    -0.7936    -0.4903    0.3603
			    -0.6315    -0.6545    0.4158
			    -0.3064    -0.1244    0.9437
			    -0.6275    -0.2642    0.7324
		b:
			    300.3360
			    -242.5991
			    -264.7877
			    -202.3694
			    306.3350
			    35.5618
	==================================================================================
	Q3:
		Shape: Ellipse
		q_c:    425.5000    213.0000    486.5000
		ub :    430.2879    217.6180    491.7561
		lb :    420.7121    208.3820    481.2439
		P^-1: 
			    0.1502    0.0623    0.0544
			    0.0623    0.1383    0.0494
			    0.0544    0.0494    0.1247
	==================================================================================
	Q4:
		Shape: Hybrid
		q_c:    432.0000    214.5000    499.5000
		ub :    437.6399    218.3896    504.7724
		lb :    426.3601    210.6104    494.2276
		P^-1: 
			    0.0730    0.0225    0.0104
			    0.0225    0.1530    0.0072
			    0.0104    0.0072    0.0782
		A:
			    0.1849    -0.9310    0.3149
			    -0.1499    -0.9883    -0.0291
			    0.0531    -0.2192    0.9742
			    0.2652    -0.1115    0.9577
			    -0.0225    -0.6958    -0.7179
			    -0.3533    -0.9206    0.1665
		b:
			    39.1141
			    -290.0087
			    464.8962
			    571.2912
			    -515.7064
			    -265.5337
	==================================================================================
	Q5:
		Shape: Ellipse
		q_c:    438.0000    219.5000    491.5000
		ub :    441.6066    223.3107    494.5582
		lb :    434.3934    215.6893    488.4418
		P^-1: 
			    0.2749    0.1501    -0.0685
			    0.1501    0.2492    -0.0579
			    -0.0685    -0.0579    0.1915
	==================================================================================
	Q6:
		Shape: Polyhedra
		q_c:    434.5000    207.5000    496.5000
		ub :    439.3786    211.8759    501.1882
		lb :    429.6214    203.1241    491.8118
		A:
			    0.7023    0.2125    0.6794
			    -0.7769    0.0093    -0.6296
			    -0.7509    -0.4820    -0.4515
			    0.3965    -0.6774    -0.6196
			    0.1029    0.9874    0.1198
			    -0.3172    -0.9403    -0.1232
			    0.5107    0.4456    0.7353
			    -0.6060    0.7932    -0.0597
			    -0.6098    -0.4151    0.6751
			    -0.5107    -0.4456    -0.7353
			    0.6060    -0.7932    0.0597
			    0.6098    0.4151    -0.6751
		b:
			    689.5081
			    -645.4384
			    -647.3809
			    -273.3569
			    311.7368
			    -391.2486
			    682.4297
			    -126.3774
			    -12.4160
			    -676.4297
			    130.3774
			    19.4160


===========================================================================================
===========================================================================================
S2:
	q_c:    396.5000    454.5000    79.0000
	ub :    418.0000    473.0000    93.0000
	lb :    375.0000    436.0000    65.0000

	==================================================================================
	Q1:
		Shape: Ellipse
		q_c:    403.5000    465.5000    80.5000
		ub :    410.6577    472.0807    85.7188
		lb :    396.3423    458.9193    75.2812
		P^-1: 
			    0.0630    -0.0531    0.0222
			    -0.0531    0.1299    -0.0859
			    0.0222    -0.0859    0.1665
	==================================================================================
	Q2:
		Shape: Hybrid
		q_c:    404.5000    446.0000    77.0000
		ub :    413.9163    456.0098    88.1622
		lb :    395.0837    435.9902    65.8378
		P^-1: 
			    0.0661    0.0377    0.0319
			    0.0377    0.0489    0.0138
			    0.0319    0.0138    0.0350
		A:
			    -0.3184    -0.9322    -0.1722
			    -0.6476    -0.7122    0.2709
			    0.0789    -0.8209    0.5656
			    0.8464    0.2364    0.4773
			    0.5222    0.8516    0.0452
			    0.4894    0.8621    0.1312
		b:
			    -554.4838
			    -555.1867
			    -286.1921
			    486.6620
			    597.0411
			    595.0788
	==================================================================================
	Q3:
		Shape: Polyhedra
		q_c:    388.5000    443.5000    65.5000
		ub :    396.1211    451.3776    73.6518
		lb :    380.8789    435.6224    57.3482
		A:
			    0.0833    -0.9672    0.2399
			    0.4383    0.0044    -0.8988
			    0.2403    0.9209    -0.3068
			    -0.6680    -0.4819    0.5671
			    0.3492    -0.5681    0.7452
			    0.2407    -0.9047    0.3515
			    0.6849    0.4524    0.5713
			    -0.0379    -0.7608    0.6479
			    0.7277    -0.4654    -0.5039
			    -0.6849    -0.4524    -0.5713
			    0.0379    0.7608    -0.6479
			    -0.7277    0.4654    0.5039
		b:
			    -376.4042
			    118.9703
			    485.7470
			    -431.2020
			    -63.3822
			    -280.1669
			    508.1084
			    -305.7016
			    49.7947
			    -500.1084
			    313.7016
			    -36.7947
	==================================================================================
	Q4:
		Shape: Hybrid
		q_c:    405.5000    449.0000    94.0000
		ub :    416.6310    459.7579    102.5181
		lb :    394.3690    438.2421    85.4819
		P^-1: 
			    0.0233    -0.0029    -0.0069
			    -0.0029    0.0190    -0.0034
			    -0.0069    -0.0034    0.0369
		A:
			    -0.7405    0.3028    0.6000
			    0.6550    -0.4114    -0.6338
			    0.2661    0.3017    0.9155
			    0.8722    0.1334    -0.4707
			    -0.5196    0.4483    0.7274
			    0.1711    -0.5739    0.8008
		b:
			    -104.8156
			    24.4990
			    333.4553
			    372.8590
			    62.1493
			    -109.8002
	==================================================================================
	Q5:
		Shape: Ellipse
		q_c:    399.5000    453.0000    72.5000
		ub :    405.8968    459.8096    80.0041
		lb :    393.1032    446.1904    64.9959
		P^-1: 
			    0.0723    0.0001    -0.0163
			    0.0001    0.0464    -0.0052
			    -0.0163    -0.0052    0.0523
	==================================================================================
	Q6:
		Shape: Ellipse
		q_c:    395.0000    463.5000    88.5000
		ub :    404.0250    473.0141    96.8596
		lb :    385.9750    453.9859    80.1404
		P^-1: 
			    0.0266    -0.0041    -0.0014
			    -0.0041    0.0302    0.0003
			    -0.0014    0.0003    0.0277


===========================================================================================
===========================================================================================
S3:
	q_c:    360.5000    370.5000    135.5000
	ub :    374.0000    384.0000    155.0000
	lb :    347.0000    357.0000    116.0000

	==================================================================================
	Q1:
		Shape: Polyhedra
		q_c:    373.5000    377.5000    134.0000
		ub :    379.8105    383.8813    138.2551
		lb :    367.1895    371.1187    129.7449
		A:
			    -0.5672    0.6147    0.5481
			    0.1839    0.2418    0.9527
			    0.7679    0.4099    -0.4922
			    0.7139    -0.3787    -0.5890
			    0.9098    -0.1849    -0.3717
			    -0.3510    0.2965    0.8882
			    0.6803    0.7309    0.0550
			    0.5857    -0.5872    0.5588
			    0.4407    -0.3479    -0.8275
			    -0.6803    -0.7309    -0.0550
			    -0.5857    0.5872    -0.5588
			    -0.4407    0.3479    0.8275
		b:
			    96.0434
			    290.7356
			    378.9187
			    46.9564
			    223.2710
			    101.4506
			    541.3658
			    76.9541
			    -76.1216
			    -533.3658
			    -66.9541
			    79.1216
	==================================================================================
	Q2:
		Shape: Hybrid
		q_c:    363.0000    373.5000    132.5000
		ub :    367.9677    376.3642    137.8291
		lb :    358.0323    370.6358    127.1709
		P^-1: 
			    0.0809    -0.0198    0.0036
			    -0.0198    0.2428    0.0300
			    0.0036    0.0300    0.0704
		A:
			    -0.4892    0.8706    -0.0532
			    -0.0389    0.9978    -0.0545
			    0.7348    0.6599    -0.1568
			    -0.4664    0.8639    -0.1902
			    -0.2296    0.9370    -0.2632
			    0.0483    -0.9972    -0.0565
		b:
			    141.9087
			    352.4686
			    494.7481
			    129.6068
			    233.2099
			    -361.3713
	==================================================================================
	Q3:
		Shape: Hybrid
		q_c:    371.5000    359.5000    144.0000
		ub :    377.6600    364.4739    148.2924
		lb :    365.3400    354.5261    139.7076
		P^-1: 
			    0.0355    0.0132    0.0028
			    0.0132    0.1088    -0.0005
			    0.0028    -0.0005    0.1110
		A:
			    0.1775    -0.9479    -0.2645
			    -0.5487    0.4268    -0.7188
			    0.0465    -0.0992    -0.9940
			    0.1765    -0.7364    0.6531
			    -0.2595    0.8521    -0.4545
			    -0.4029    0.6144    -0.6784
		b:
			    -311.0157
			    -151.3915
			    -159.9645
			    -103.3296
			    146.4716
			    -24.2927
	==================================================================================
	Q4:
		Shape: Polyhedra
		q_c:    363.0000    366.5000    123.5000
		ub :    370.1756    373.7437    128.7692
		lb :    355.8244    359.2563    118.2308
		A:
			    -0.2859    -0.5316    0.7973
			    -0.2250    0.7011    -0.6767
			    -0.8931    -0.3008    -0.3343
			    0.2896    -0.4774    -0.8296
			    0.0211    0.5400    -0.8414
			    0.5036    0.1010    0.8580
			    0.2161    0.9621    0.1662
			    0.9758    -0.2071    -0.0701
			    -0.0330    0.1774    -0.9836
			    -0.2161    -0.9621    -0.1662
			    -0.9758    0.2071    0.0701
			    0.0330    -0.1774    0.9836
		b:
			    -195.6837
			    96.3685
			    -470.0598
			    -167.3931
			    105.9032
			    330.3825
			    457.0989
			    275.6606
			    -64.4477
			    -446.0989
			    -263.6606
			    72.4477
	==================================================================================
	Q5:
		Shape: Ellipse
		q_c:    353.0000    364.5000    129.5000
		ub :    360.2385    372.0643    135.4556
		lb :    345.7615    356.9357    123.5444
		P^-1: 
			    0.0565    0.0100    -0.0051
			    0.0100    0.0313    -0.0012
			    -0.0051    -0.0012    0.0520
	==================================================================================
	Q6:
		Shape: Polyhedra
		q_c:    360.5000    366.0000    144.5000
		ub :    364.2011    370.1747    149.1531
		lb :    356.7989    361.8253    139.8469
		A:
			    0.8048    0.0880    0.5870
			    -0.7188    -0.1373    0.6815
			    0.8340    0.0566    0.5488
			    -0.9080    0.0181    -0.4186
			    0.8952    -0.2137    0.3910
			    0.7440    0.4743    0.4706
			    0.8305    0.1325    0.5411
			    -0.5478    0.0174    0.8365
			    0.1014    -0.9910    0.0870
			    -0.8305    -0.1325    -0.5411
			    0.5478    -0.0174    -0.8365
			    -0.1014    0.9910    -0.0870
		b:
			    408.1787
			    -206.5321
			    401.7430
			    -379.8671
			    302.7961
			    511.5138
			    427.0618
			    -65.7465
			    -309.5813
			    -425.0618
			    74.7465
			    317.5813


===========================================================================================
===========================================================================================
S4:
	q_c:    79.0000    112.0000    431.0000
	ub :    107.0000    129.0000    441.0000
	lb :    51.0000    95.0000    421.0000

	==================================================================================
	Q1:
		Shape: Polyhedra
		q_c:    74.5000    115.0000    425.5000
		ub :    80.5370    121.6728    432.2574
		lb :    68.4630    108.3272    418.7426
		A:
			    0.4362    -0.8450    0.3093
			    -0.9104    -0.4128    -0.0273
			    0.5413    0.6828    0.4907
			    -0.7607    0.3225    0.5634
			    0.2201    0.0687    -0.9731
			    0.3609    0.5225    -0.7725
			    0.4680    0.7453    0.4748
			    0.2381    -0.6238    0.7445
			    0.8511    -0.2353    -0.4694
			    -0.4680    -0.7453    -0.4748
			    -0.2381    0.6238    -0.7445
			    -0.8511    0.2353    0.4694
		b:
			    70.8970
			    -122.8221
			    332.1456
			    223.6571
			    -385.8715
			    -237.8230
			    327.1190
			    266.7765
			    -159.8738
			    -318.1190
			    -258.7765
			    166.8738
	==================================================================================
	Q2:
		Shape: Hybrid
		q_c:    82.0000    104.5000    427.0000
		ub :    88.1080    111.4418    433.9366
		lb :    75.8920    97.5582    420.0634
		P^-1: 
			    0.0667    -0.0288    -0.0189
			    -0.0288    0.0750    0.0156
			    -0.0189    0.0156    0.0587
		A:
			    0.5208    -0.2320    -0.8215
			    0.1052    -0.3478    -0.9317
			    -0.9356    0.2961    0.1925
			    -0.1539    -0.9729    -0.1726
			    0.4994    0.0780    -0.8628
			    0.9175    -0.3815    0.1120
		b:
			    -330.2642
			    -423.0412
			    38.5691
			    -185.2593
			    -316.8193
			    85.5720
	==================================================================================
	Q3:
		Shape: Hybrid
		q_c:    80.5000    111.0000    435.0000
		ub :    86.9756    117.1483    443.3652
		lb :    74.0244    104.8517    426.6348
		P^-1: 
			    0.0486    -0.0011    0.0062
			    -0.0011    0.0603    -0.0082
			    0.0062    -0.0082    0.0234
		A:
			    0.8260    0.4699    -0.3113
			    -0.1493    0.9395    0.3084
			    0.8030    0.5632    -0.1951
			    -0.6774    0.3771    -0.6317
			    0.4778    0.8768    -0.0538
			    -0.6437    0.7648    0.0269
		b:
			    -13.8929
			    229.3612
			    44.8818
			    -284.6410
			    114.5956
			    47.2617
	==================================================================================
	Q4:
		Shape: Polyhedra
		q_c:    82.0000    121.0000    426.5000
		ub :    90.4349    128.8430    433.5321
		lb :    73.5651    113.1570    419.4679
		A:
			    0.8059    -0.4498    -0.3849
			    0.2207    0.1111    0.9690
			    -0.3019    -0.9533    -0.0124
			    0.0024    -0.4138    0.9103
			    -0.5233    0.5697    -0.6337
			    -0.6652    -0.7462    -0.0253
			    0.6630    0.5088    0.5492
			    0.5038    -0.8458    0.1754
			    0.5538    0.1604    -0.8171
			    -0.6630    -0.5088    -0.5492
			    -0.5038    0.8458    -0.1754
			    -0.5538    -0.1604    0.8171
		b:
			    -148.1381
			    449.8696
			    -140.0072
			    342.5775
			    -239.1919
			    -150.1807
			    356.1615
			    18.7837
			    -280.1620
			    -344.1615
			    -8.7837
			    287.1620
	==================================================================================
	Q5:
		Shape: Polyhedra
		q_c:    72.5000    103.5000    439.5000
		ub :    78.2122    107.1196    446.3230
		lb :    66.7878    99.8804    432.6770
		A:
			    0.0233    -0.9609    0.2759
			    -0.1083    0.9595    -0.2600
			    0.1356    0.8623    -0.4880
			    -0.5921    0.7579    0.2740
			    -0.1194    -0.8924    -0.4352
			    0.5126    -0.6124    0.6018
			    0.0266    0.3224    0.9462
			    -0.0291    0.9464    -0.3216
			    -0.9992    -0.0190    0.0346
			    -0.0266    -0.3224    -0.9462
			    0.0291    -0.9464    0.3216
			    0.9992    0.0190    -0.0346
		b:
			    25.0264
			    -21.2096
			    -113.3119
			    160.5732
			    -287.5679
			    242.0774
			    457.6649
			    -44.0140
			    -53.7240
			    -444.6649
			    47.0140
			    64.7240
	==================================================================================
	Q6:
		Shape: Hybrid
		q_c:    82.0000    119.5000    437.5000
		ub :    88.5601    126.9146    444.7381
		lb :    75.4399    112.0854    430.2619
		P^-1: 
			    0.0672    0.0211    -0.0144
			    0.0211    0.0706    0.0360
			    -0.0144    0.0360    0.0786
		A:
			    0.3933    0.8489    0.3532
			    0.8145    0.5147    -0.2679
			    0.7705    -0.3286    -0.5462
			    -0.4878    0.4934    0.7201
			    -0.4379    0.3789    0.8153
			    0.9511    -0.1319    0.2794
		b:
			    289.9620
			    13.0907
			    -212.8103
			    335.8171
			    367.7309
			    188.2461


===========================================================================================
===========================================================================================
S5:
	q_c:    241.0000    66.5000    371.5000
	ub :    260.0000    85.0000    392.0000
	lb :    222.0000    48.0000    351.0000

	==================================================================================
	Q1:
		Shape: Hybrid
		q_c:    236.5000    54.5000    386.5000
		ub :    244.5135    61.7498    394.7002
		lb :    228.4865    47.2502    378.2998
		P^-1: 
			    0.0461    -0.0087    -0.0122
			    -0.0087    0.0327    0.0085
			    -0.0122    0.0085    0.0445
		A:
			    -0.8781    -0.4498    0.1628
			    0.8279    0.2742    0.4892
			    -0.4847    0.7136    0.5058
			    -0.2105    0.7907    0.5749
			    0.4695    0.2074    0.8582
			    0.1367    -0.9124    -0.3859
		b:
			    -165.8911
			    403.3587
			    122.1288
			    218.2368
			    457.4210
			    -163.3739
	==================================================================================
	Q2:
		Shape: Hybrid
		q_c:    230.0000    68.0000    384.5000
		ub :    236.4722    77.6038    393.8305
		lb :    223.5278    58.3962    375.1695
		P^-1: 
			    0.0584    0.0101    0.0051
			    0.0101    0.0285    0.0037
			    0.0051    0.0037    0.0270
		A:
			    -0.3639    -0.5207    0.7723
			    -0.3023    0.4132    -0.8590
			    0.8976    0.4261    -0.1129
			    -0.4960    -0.0311    0.8678
			    0.7594    0.3735    -0.5327
			    0.8819    0.4262    0.2016
		b:
			    181.9679
			    -367.4542
			    194.2916
			    221.4069
			    -1.5637
			    311.3785
	==================================================================================
	Q3:
		Shape: Hybrid
		q_c:    241.0000    55.5000    357.5000
		ub :    249.5943    64.8174    364.9937
		lb :    232.4057    46.1826    350.0063
		P^-1: 
			    0.0671    0.0347    0.0860
			    0.0347    0.0369    0.0635
			    0.0860    0.0635    0.1787
		A:
			    0.6763    0.2455    0.6945
			    0.6957    0.1711    0.6977
			    -0.3922    -0.3109    -0.8657
			    0.2431    0.5284    0.8134
			    -0.7891    -0.1606    -0.5930
			    0.0861    0.6954    0.7135
		b:
			    426.6305
			    428.5892
			    -420.2285
			    380.8326
			    -408.4386
			    318.1540
	==================================================================================
	Q4:
		Shape: Ellipse
		q_c:    248.5000    62.0000    365.5000
		ub :    256.0714    69.0132    374.6388
		lb :    240.9286    54.9868    356.3612
		P^-1: 
			    0.0561    -0.0068    -0.0116
			    -0.0068    0.0512    -0.0037
			    -0.0116    -0.0037    0.0223
	==================================================================================
	Q5:
		Shape: Polyhedra
		q_c:    243.0000    47.5000    377.0000
		ub :    256.0745    60.8736    385.6785
		lb :    229.9255    34.1264    368.3215
		A:
			    -0.2645    0.5378    -0.8005
			    0.1589    -0.5008    0.8509
			    0.5050    -0.1635    -0.8475
			    0.1890    0.4262    0.8847
			    -0.1418    -0.1760    0.9741
			    -0.4938    -0.3437    -0.7988
			    0.6002    0.7449    0.2912
			    -0.1290    -0.2692    0.9544
			    0.7894    -0.6104    -0.0655
			    -0.6002    -0.7449    -0.2912
			    0.1290    0.2692    -0.9544
			    -0.7894    0.6104    0.0655
		b:
			    -333.5394
			    342.1947
			    -197.3144
			    406.8212
			    330.4597
			    -430.0917
			    299.0246
			    321.6943
			    147.6160
			    -283.0246
			    -309.6943
			    -128.6160
	==================================================================================
	Q6:
		Shape: Ellipse
		q_c:    224.5000    64.5000    379.0000
		ub :    232.4991    72.7230    387.9810
		lb :    216.5009    56.2770    370.0190
		P^-1: 
			    0.0292    0.0013    0.0019
			    0.0013    0.0433    -0.0084
			    0.0019    -0.0084    0.0377


===========================================================================================
===========================================================================================
