3D_50_25_6_d                l = 3

===========================================================================================
===========================================================================================
S1:
	q_c:	166.5	249.0	261.0
	ub :	198.177	275.3264	293.6887
	lb :	137.1123	219.1273	223.4912

	==================================================================================
	Q1:
		Shape: Polyhedra
		q_c:	177.0	237.0	266.0
		ub :	187.7511	248.5907	277.4267
		lb :	166.2489	225.4093	254.5733
		A:
			-0.5713	-0.0386	0.8198
			0.9888	-0.1298	0.074
			-0.264	0.5858	0.7663
			0.3207	0.5737	-0.7537
			-0.3169	-0.945	-0.0808
			-0.3951	0.9114	-0.1147
			0.7657	0.3729	0.5241
			0.2207	0.6131	-0.7586
			-0.6042	0.6965	0.3871
			-0.7657	-0.3729	-0.5241
			-0.2207	-0.6131	0.7586
			0.6042	-0.6965	-0.3871
		b:
			114.8068
			170.6442
			302.8378
			-0.7479
			-294.7588
			122.5649
			369.8181
			-10.4111
			168.0925
			-356.8181
			24.4111
			-154.0925
	==================================================================================
	Q2:
		Shape: Hybrid
		q_c:	171.5	268.5	267.0
		ub :	179.0124	275.3264	272.4836
		lb :	163.9876	261.6736	261.5164
		P^-1:
			0.0636	0.0189	-0.0835
			0.0189	0.045	-0.0305
			-0.0835	-0.0305	0.2051
		A:
			0.6348	0.1324	-0.7612
			0.3727	-0.2338	-0.898
			-0.1678	-0.5801	0.7971
			0.1933	0.1524	-0.9692
			0.3804	-0.1495	-0.9126
			-0.2962	-0.4605	-0.8368
		b:
			-57.293
			-236.915
			30.475
			-183.2372
			-217.0825
			-394.1469
	==================================================================================
	Q3:
		Shape: Ellipse
		q_c:	156.5	234.0	243.5
		ub :	175.8877	248.8475	263.5088
		lb :	137.1123	219.1525	223.4912
		P^-1:
			0.0044	0.0003	0.0006
			0.0003	0.0115	-0.0022
			0.0006	-0.0022	0.0065
	==================================================================================
	Q4:
		Shape: Polyhedra
		q_c:	185.0	267.0	253.0
		ub :	198.177	274.6316	260.8083
		lb :	171.823	259.3684	245.1917
		A:
			-0.0207	-0.7457	0.666
			0.0581	0.8341	-0.5485
			-0.018	-0.7883	0.6151
			0.1258	-0.9627	-0.2395
			-0.0617	0.4876	-0.8709
			0.2911	-0.2936	-0.9105
			0.0047	0.6742	0.7385
			-0.9938	0.0852	-0.0714
			-0.1111	-0.7336	0.6705
			-0.0047	-0.6742	-0.7385
			0.9938	-0.0852	0.0714
			0.1111	0.7336	-0.6705
		b:
			-32.1081
			97.0737
			-55.7722
			-287.614
			-97.8536
			-247.5879
			375.2356
			-166.1761
			-44.7913
			-360.2356
			192.1761
			48.7913
	==================================================================================
	Q5:
		Shape: Polyhedra
		q_c:	147.0	233.0	279.5
		ub :	156.1639	246.8727	293.6887
		lb :	137.8361	219.1273	265.3113
		A:
			0.9444	-0.3233	-0.0598
			-0.5502	0.8287	-0.1023
			0.8866	-0.4502	-0.1057
			0.7656	-0.6082	0.2098
			0.7606	-0.6412	-0.1017
			-0.864	0.4731	0.172
			0.2103	0.6373	0.7414
			0.4317	0.6199	-0.6553
			-0.8772	0.4579	-0.1447
			-0.2103	-0.6373	-0.7414
			-0.4317	-0.6199	0.6553
			0.8772	-0.4579	0.1447
		b:
			50.8612
			89.2355
			0.0648
			33.3544
			-61.2808
			35.864
			397.1199
			33.7299
			-59.2038
			-376.1199
			-15.7299
			66.2038
	==================================================================================
	Q6:
		Shape: Hybrid
		q_c:	179.5	261.5	270.0
		ub :	188.7224	269.6093	281.1843
		lb :	170.2776	253.3907	258.8157
		P^-1:
			0.0434	-0.0008	-0.0125
			-0.0008	0.04	0.0067
			-0.0125	0.0067	0.016
		A:
			0.119	0.9398	-0.3205
			-0.9862	0.1638	-0.0249
			-0.5744	0.8138	0.0885
			-0.0544	0.4999	0.8644
			-0.5551	-0.6131	-0.5622
			-0.4106	-0.8431	0.3474
		b:
			184.5888
			-137.4609
			136.5689
			359.7072
			-406.8661
			-196.8186


===========================================================================================
===========================================================================================
S2:
	q_c:	208.0	34.5	247.5
	ub :	221.729	55.874	270.8705
	lb :	191.0577	21.2547	235.3565

	==================================================================================
	Q1:
		Shape: Hybrid
		q_c:	199.0	29.0	263.0
		ub :	206.9423	36.7453	270.8705
		lb :	191.0577	21.2547	255.1295
		P^-1:
			0.0471	-0.0062	-0.0024
			-0.0062	0.0325	-0.0064
			-0.0024	-0.0064	0.0469
		A:
			0.4433	-0.8923	0.0851
			-0.4208	0.1908	0.8868
			0.9881	-0.133	0.0774
			-0.922	-0.1928	-0.3358
			-0.9945	-0.028	0.101
			-0.9666	-0.2541	-0.0345
		b:
			87.5816
			157.4637
			215.4807
			-274.5765
			-169.7358
			-206.0373
	==================================================================================
	Q2:
		Shape: Polyhedra
		q_c:	201.0	45.0	247.5
		ub :	206.4627	51.6866	254.9944
		lb :	195.5373	38.3134	240.0056
		A:
			0.2134	0.273	-0.938
			0.5006	0.1304	-0.8558
			0.9721	-0.2345	-0.0052
			0.751	-0.6353	-0.18
			0.7593	0.1068	-0.642
			0.5064	-0.7905	-0.3444
			0.3845	0.5746	0.7224
			-0.1166	0.8066	-0.5795
			-0.9157	0.1386	0.3772
			-0.3845	-0.5746	-0.7224
			0.1166	-0.8066	0.5795
			0.9157	-0.1386	-0.3772
		b:
			-172.9821
			-101.6635
			186.8328
			81.1318
			1.6545
			-14.9372
			287.9549
			-127.0734
			-81.4646
			-275.9549
			134.0734
			87.4646
	==================================================================================
	Q3:
		Shape: Ellipse
		q_c:	208.5	45.5	258.0
		ub :	216.9852	55.874	268.4262
		lb :	200.0148	35.126	247.5738
		P^-1:
			0.0411	0.0009	0.0123
			0.0009	0.0173	0.0043
			0.0123	0.0043	0.0302
	==================================================================================
	Q4:
		Shape: Polyhedra
		q_c:	204.0	38.5	244.5
		ub :	211.5256	47.2772	253.6435
		lb :	196.4744	29.7228	235.3565
		A:
			-0.8245	0.4302	0.3675
			0.9216	-0.1458	-0.3597
			-0.66	0.1213	-0.7414
			-0.8951	0.2364	-0.378
			-0.5456	0.8261	-0.1406
			-0.8612	0.336	0.3813
			0.183	0.453	0.8725
			-0.706	0.6782	-0.204
			-0.6841	-0.5787	0.4439
			-0.183	-0.453	-0.8725
			0.706	-0.6782	0.204
			0.6841	0.5787	-0.4439
		b:
			-57.0568
			99.1395
			-305.5148
			-261.2582
			-109.7473
			-64.8043
			275.0986
			-163.8105
			-48.3039
			-261.0986
			171.8105
			58.3039
	==================================================================================
	Q5:
		Shape: Polyhedra
		q_c:	213.0	34.0	247.5
		ub :	217.7571	40.2236	253.1166
		lb :	208.2429	27.7764	241.8834
		A:
			0.2815	0.6459	0.7096
			-0.3166	-0.4796	-0.8184
			-0.8344	0.2598	-0.486
			0.8977	-0.3899	-0.2052
			0.817	-0.5627	0.1256
			-0.1172	0.1185	-0.986
			0.2104	0.166	0.9634
			-0.0009	0.9855	-0.1696
			-0.9776	0.0348	0.2075
			-0.2104	-0.166	-0.9634
			0.0009	-0.9855	0.1696
			0.9776	-0.0348	-0.2075
		b:
			261.9972
			-282.0985
			-284.9882
			131.393
			190.5415
			-260.8241
			292.8998
			-3.1775
			-151.7012
			-284.8998
			14.1775
			159.7012
	==================================================================================
	Q6:
		Shape: Polyhedra
		q_c:	213.0	34.5	258.5
		ub :	221.729	43.4095	266.5379
		lb :	204.271	25.5905	250.4621
		A:
			-0.0137	-0.016	-0.9998
			0.2405	-0.7753	0.584
			0.8252	0.1927	-0.531
			-0.213	-0.7673	-0.6048
			0.1015	0.1295	-0.9864
			-0.1288	0.1609	-0.9785
			0.5994	0.5148	0.6129
			0.672	0.0923	-0.7348
			-0.4348	0.8523	-0.2906
			-0.5994	-0.5148	-0.6129
			-0.672	-0.0923	0.7348
			0.4348	-0.8523	0.2906
		b:
			-257.1977
			182.1374
			49.2213
			-222.8956
			-224.1821
			-269.6637
			308.8793
			-39.6126
			-131.3358
			-298.8793
			47.6126
			145.3358


===========================================================================================
===========================================================================================
S3:
	q_c:	100.5	266.5	432.5
	ub :	113.0061	280.9525	443.9875
	lb :	93.8306	258.0077	422.9131

	==================================================================================
	Q1:
		Shape: Polyhedra
		q_c:	98.5	269.0	425.0
		ub :	100.6828	271.3444	427.0869
		lb :	96.3172	266.6556	422.9131
		A:
			0.0942	0.9085	0.4072
			-0.8243	-0.5237	0.2151
			0.788	-0.5037	0.3541
			0.0057	0.8134	-0.5817
			0.1332	0.9847	0.1125
			-0.619	0.1896	-0.7621
			0.615	0.4331	0.659
			-0.717	0.655	0.2386
			-0.3282	-0.6192	0.7133
			-0.615	-0.4331	-0.659
			0.717	-0.655	-0.2386
			0.3282	0.6192	-0.7133
		b:
			427.9787
			-129.2969
			94.0173
			-26.3659
			327.1526
			-332.6565
			458.1428
			208.4832
			105.7433
			-456.1428
			-205.4832
			-102.7433
	==================================================================================
	Q2:
		Shape: Hybrid
		q_c:	107.5	270.5	432.0
		ub :	113.0061	274.0102	437.8833
		lb :	101.9939	266.9898	426.1167
		P^-1:
			0.1151	-0.009	0.0563
			-0.009	0.1138	-0.0066
			0.0563	-0.0066	0.0822
		A:
			-0.9155	0.1583	-0.3699
			-0.9225	0.2671	-0.2785
			-0.037	-0.7612	0.6475
			0.5348	-0.6726	0.5115
			-0.3086	0.7927	-0.5258
			0.7499	-0.3667	0.5507
		b:
			-213.8872
			-145.6171
			72.1864
			97.9397
			-44.2482
			220.5566
	==================================================================================
	Q3:
		Shape: Hybrid
		q_c:	101.5	263.5	439.0
		ub :	105.5823	267.3571	443.2273
		lb :	97.4177	259.6429	434.7727
		P^-1:
			0.192	-0.0197	-0.0615
			-0.0197	0.145	-0.0127
			-0.0615	-0.0127	0.1841
		A:
			0.3508	0.8946	-0.2766
			-0.7552	-0.0802	0.6506
			0.3325	-0.7795	-0.5309
			0.1669	-0.9298	-0.3279
			0.2029	0.3899	0.8982
			-0.436	0.1989	-0.8777
		b:
			151.5005
			188.849
			-403.2364
			-370.3965
			519.4427
			-375.4469
	==================================================================================
	Q4:
		Shape: Hybrid
		q_c:	104.0	264.0	438.5
		ub :	109.9259	269.9923	441.8225
		lb :	98.0741	258.0077	435.1775
		P^-1:
			0.0688	-0.0233	0.0235
			-0.0233	0.0793	-0.0457
			0.0235	-0.0457	0.2328
		A:
			-0.3182	-0.897	0.3068
			-0.2579	-0.3459	0.9021
			-0.1568	-0.1978	-0.9676
			-0.7199	0.231	-0.6545
			0.2536	0.0538	-0.9658
			0.4853	-0.2152	-0.8475
		b:
			-132.414
			278.958
			-491.2586
			-299.0007
			-381.5013
			-375.9946
	==================================================================================
	Q5:
		Shape: Hybrid
		q_c:	102.5	265.0	440.0
		ub :	106.3525	268.4063	443.9875
		lb :	98.6475	261.5937	436.0125
		P^-1:
			0.194	0.0308	0.0309
			0.0308	0.1879	0.028
			0.0309	0.028	0.1881
		A:
			-0.1153	0.8978	-0.4251
			0.2724	-0.5875	0.762
			0.6233	-0.7349	0.2673
			0.731	-0.6524	-0.2001
			-0.9505	-0.1634	-0.2643
			0.4202	0.8918	0.1674
		b:
			40.5264
			208.9878
			-11.7588
			-184.4774
			-255.8558
			354.2178
	==================================================================================
	Q6:
		Shape: Polyhedra
		q_c:	98.5	275.0	437.5
		ub :	103.1694	280.9525	443.6444
		lb :	93.8306	269.0475	431.3556
		A:
			-0.9191	0.3862	-0.0785
			-0.7141	0.1002	0.6928
			-0.2829	0.5794	0.7644
			0.0802	-0.8819	0.4645
			0.9025	0.4254	-0.0677
			0.932	0.3625	-0.0035
			0.2486	0.4274	0.8692
			-0.1825	0.902	-0.3913
			-0.9513	-0.0614	0.3022
			-0.2486	-0.4274	-0.8692
			0.1825	-0.902	0.3913
			0.9513	0.0614	-0.3022
		b:
			-15.158
			263.5674
			469.7298
			-26.9245
			179.4907
			193.1791
			526.3014
			63.3731
			24.6491
			-518.3014
			-54.3731
			-18.6491


===========================================================================================
===========================================================================================
S4:
	q_c:	192.0	140.5	130.5
	ub :	220.7257	167.2295	158.9663
	lb :	160.2327	111.6866	114.7385

	==================================================================================
	Q1:
		Shape: Ellipse
		q_c:	210.5	120.0	137.0
		ub :	220.7257	128.3134	145.5009
		lb :	200.2743	111.6866	128.4991
		P^-1:
			0.028	-0.0125	-0.0045
			-0.0125	0.0419	-0.0041
			-0.0045	-0.0041	0.0303
	==================================================================================
	Q2:
		Shape: Polyhedra
		q_c:	181.0	147.0	120.0
		ub :	187.2355	153.6936	125.2615
		lb :	174.7645	140.3064	114.7385
		A:
			-0.4549	-0.5958	0.6619
			-0.9113	-0.3944	-0.1183
			-0.3486	-0.6617	-0.6638
			-0.5299	-0.7458	-0.4037
			-0.3627	-0.5798	-0.7295
			-0.1221	0.0966	-0.9878
			0.7026	0.5842	0.4062
			-0.6594	0.7492	0.0631
			-0.2675	-0.3122	0.9116
			-0.7026	-0.5842	-0.4062
			0.6594	-0.7492	-0.0631
			0.2675	0.3122	-0.9116
		b:
			-86.2724
			-234.3956
			-237.1899
			-251.6608
			-235.6141
			-122.2725
			263.8007
			3.8447
			19.5881
			-259.8007
			7.1553
			-10.5881
	==================================================================================
	Q3:
		Shape: Polyhedra
		q_c:	173.5	139.5	127.5
		ub :	182.8306	146.8365	137.4978
		lb :	164.1694	132.1635	117.5022
		A:
			0.1695	0.4504	-0.8766
			0.4693	0.7159	-0.5169
			-0.0893	0.7876	-0.6097
			-0.2689	-0.3629	0.8922
			-0.6129	0.4466	-0.6518
			-0.7335	-0.1256	0.668
			0.5807	0.3474	0.7363
			-0.7871	0.0086	0.6168
			0.2079	-0.9377	0.2784
			-0.5807	-0.3474	-0.7363
			0.7871	-0.0086	-0.6168
			-0.2079	0.9377	-0.2784
		b:
			-14.065
			120.4463
			21.8024
			21.8863
			-120.8663
			-54.6067
			250.587
			-51.7322
			-54.2361
			-235.587
			61.7322
			64.2361
	==================================================================================
	Q4:
		Shape: Polyhedra
		q_c:	173.0	156.5	143.0
		ub :	185.7673	167.2295	153.6647
		lb :	160.2327	145.7705	132.3353
		A:
			-0.3258	0.2912	-0.8995
			0.3704	-0.1974	0.9077
			0.324	0.9452	0.0404
			0.1729	0.9465	-0.2723
			0.7879	0.319	0.5267
			0.1936	0.9729	-0.1266
			0.6459	0.6994	0.3059
			0.7256	-0.438	-0.5307
			-0.2372	0.5648	-0.7904
			-0.6459	-0.6994	-0.3059
			-0.7256	0.438	0.5307
			0.2372	-0.5648	0.7904
		b:
			-135.5364
			166.9939
			214.9848
			143.6965
			266.5997
			172.7494
			269.9492
			-6.9041
			-62.1871
			-259.9492
			30.9041
			69.1871
	==================================================================================
	Q5:
		Shape: Polyhedra
		q_c:	187.5	156.5	135.5
		ub :	202.1513	166.1763	148.6441
		lb :	172.8487	146.8237	122.3559
		A:
			-0.7769	-0.2331	0.5848
			-0.2749	0.8229	-0.4972
			0.1279	-0.9576	0.2583
			-0.1617	0.945	0.2842
			0.2495	-0.5198	0.817
			0.4203	-0.8556	0.3023
			0.1614	0.4866	0.8586
			-0.3038	0.8523	-0.4259
			-0.939	-0.1921	0.2854
			-0.1614	-0.4866	-0.8586
			0.3038	-0.8523	0.4259
			0.939	0.1921	-0.2854
		b:
			-90.4065
			12.9856
			-86.8633
			162.9186
			81.5993
			-10.5365
			232.2514
			21.7186
			-154.452
			-213.2514
			-15.7186
			180.452
	==================================================================================
	Q6:
		Shape: Hybrid
		q_c:	198.5	149.5	148.5
		ub :	207.7788	159.9764	158.9663
		lb :	189.2212	139.0236	138.0337
		P^-1:
			0.0218	-0.0022	0.0018
			-0.0022	0.0256	-0.0013
			0.0018	-0.0013	0.0245
		A:
			-0.5503	0.4005	0.7327
			0.1648	0.4595	-0.8728
			0.9515	0.283	-0.1205
			-0.1536	-0.985	0.0781
			-0.6995	-0.3056	-0.6459
			-0.7817	-0.5591	0.2764
		b:
			63.1236
			-24.7968
			217.2603
			-162.7801
			-276.9129
			-193.7537


===========================================================================================
===========================================================================================
S5:
	q_c:	390.5	462.5	203.5
	ub :	400.1585	473.1575	211.2876
	lb :	382.2598	457.0504	197.079

	==================================================================================
	Q1:
		Shape: Hybrid
		q_c:	394.5	466.0	207.5
		ub :	397.8305	468.9336	211.2876
		lb :	391.1695	463.0664	203.7124
		P^-1:
			0.5071	0.4354	0.0781
			0.4354	0.5895	0.0829
			0.0781	0.0829	0.0961
		A:
			0.7621	0.6278	-0.1584
			-0.2793	-0.9597	0.0321
			-0.4608	0.3028	-0.8342
			0.0276	0.908	-0.4181
			0.6079	0.7734	0.1799
			0.4809	0.859	0.1759
		b:
			561.2712
			-549.5502
			-211.0316
			349.2775
			638.067
			627.179
	==================================================================================
	Q2:
		Shape: Ellipse
		q_c:	394.5	460.5	204.5
		ub :	397.1527	463.9496	207.7017
		lb :	391.8473	457.0504	201.2983
		P^-1:
			0.85	0.2318	0.2389
			0.2318	0.1838	0.075
			0.2389	0.075	0.1884
	==================================================================================
	Q3:
		Shape: Ellipse
		q_c:	386.0	469.0	202.5
		ub :	389.7402	473.1575	206.1962
		lb :	382.2598	464.8425	198.8038
		P^-1:
			0.2595	-0.0316	-0.1392
			-0.0316	0.1504	0.0752
			-0.1392	0.0752	0.3056
	==================================================================================
	Q4:
		Shape: Ellipse
		q_c:	396.5	464.5	201.5
		ub :	400.1585	468.3523	205.4237
		lb :	392.8415	460.6477	197.5763
		P^-1:
			0.2194	-0.0299	-0.0492
			-0.0299	0.2208	-0.048
			-0.0492	-0.048	0.1709
	==================================================================================
	Q5:
		Shape: Polyhedra
		q_c:	390.0	467.0	201.5
		ub :	394.1924	471.6512	205.921
		lb :	385.8076	462.3488	197.079
		A:
			-0.6397	0.6537	0.4044
			-0.4329	-0.4418	0.7858
			0.5713	-0.7625	0.3037
			0.4746	0.7222	0.5032
			0.9805	0.1604	0.1132
			0.9875	-0.0416	-0.1523
			0.5007	0.6958	0.5149
			-0.745	0.0434	0.6657
			0.4408	-0.7169	0.5401
			-0.5007	-0.6958	-0.5149
			0.745	-0.0434	-0.6657
			-0.4408	0.7169	-0.5401
		b:
			139.6044
			-214.701
			-69.1546
			627.2465
			482.8752
			337.1647
			627.4764
			-134.6059
			-51.0359
			-620.4764
			137.6059
			57.0359
	==================================================================================
	Q6:
		Shape: Hybrid
		q_c:	391.0	466.0	205.5
		ub :	393.1478	468.7697	208.318
		lb :	388.8522	463.2303	202.682
		P^-1:
			0.4442	0.0062	-0.0037
			0.0062	0.3022	0.086
			-0.0037	0.086	0.3925
		A:
			-0.93	0.3669	-0.0209
			-0.2963	-0.8843	-0.3608
			-0.3727	0.907	0.196
			-0.626	-0.7219	-0.2949
			-0.0022	-0.6032	-0.7976
			-0.0731	0.6261	0.7763
		b:
			-196.116
			-601.1618
			318.2067
			-640.9194
			-445.1198
			423.4978


===========================================================================================
===========================================================================================
S6:
	q_c:	327.0	218.5	17.5
	ub :	343.3724	230.4574	31.8842
	lb :	320.4126	213.6451	5.8329

	==================================================================================
	Q1:
		Shape: Polyhedra
		q_c:	325.5	220.5	25.0
		ub :	330.5874	225.7015	29.63
		lb :	320.4126	215.2985	20.37
		A:
			0.4992	-0.5404	0.6773
			0.5284	-0.8197	-0.2211
			0.6368	0.0712	0.7678
			-0.3805	0.9243	0.0297
			0.3549	-0.4963	-0.7923
			-0.4157	-0.6727	0.6121
			0.6566	0.7137	0.2438
			-0.3936	0.6	-0.6965
			-0.6434	0.3614	0.6749
			-0.6566	-0.7137	-0.2438
			0.3936	-0.6	0.6965
			0.6434	-0.3614	-0.6749
		b:
			63.2592
			-11.5261
			245.3651
			83.6402
			-11.0826
			-265.2244
			380.7048
			-10.2071
			-110.3612
			-373.7048
			16.2071
			115.3612
	==================================================================================
	Q2:
		Shape: Ellipse
		q_c:	333.5	226.0	16.5
		ub :	338.1476	229.6459	21.0667
		lb :	328.8524	222.3541	11.9333
		P^-1:
			0.2061	0.1601	0.0368
			0.1601	0.3071	0.0721
			0.0368	0.0721	0.124
	==================================================================================
	Q3:
		Shape: Ellipse
		q_c:	327.0	218.0	26.5
		ub :	330.5141	222.3549	30.7179
		lb :	323.4859	213.6451	22.2821
		P^-1:
			0.1913	0.0263	0.0351
			0.0263	0.167	0.053
			0.0351	0.053	0.1628
	==================================================================================
	Q4:
		Shape: Polyhedra
		q_c:	337.0	220.5	11.5
		ub :	343.3724	225.7519	17.1671
		lb :	330.6276	215.2481	5.8329
		A:
			0.5262	0.826	0.2022
			-0.9408	0.2217	-0.2566
			-0.5009	-0.8603	0.0944
			-0.2047	-0.0077	-0.9788
			-0.2068	0.6536	0.728
			0.5061	0.827	0.245
			0.819	0.2498	0.5166
			-0.5089	-0.1001	0.855
			0.2653	-0.9631	0.0451
			-0.819	-0.2498	-0.5166
			0.5089	0.1001	-0.855
			-0.2653	0.9631	-0.0451
		b:
			365.7827
			-267.1132
			-353.423
			-77.9529
			86.8026
			359.7137
			341.0054
			-179.7235
			-118.452
			-333.0054
			187.7235
			126.452
	==================================================================================
	Q5:
		Shape: Ellipse
		q_c:	330.0	222.5	24.5
		ub :	337.0716	230.4574	31.8842
		lb :	322.9284	214.5426	17.1158
		P^-1:
			0.0529	-0.0107	-0.0031
			-0.0107	0.0489	0.0026
			-0.0031	0.0026	0.0407
	==================================================================================
	Q6:
		Shape: Polyhedra
		q_c:	335.0	223.5	12.0
		ub :	341.6714	228.996	15.8446
		lb :	328.3286	218.004	8.1554
		A:
			-0.3293	0.9378	0.1097
			0.4587	-0.075	-0.8854
			0.6042	-0.7168	-0.3479
			-0.1098	-0.0822	-0.9906
			0.0968	0.3113	0.9454
			-0.4425	0.7232	-0.5302
			0.9	0.4157	0.1312
			0.2428	-0.7279	0.6412
			0.362	-0.5452	-0.7561
			-0.9	-0.4157	-0.1312
			-0.2428	0.7279	-0.6412
			-0.362	0.5452	0.7561
		b:
			103.0246
			128.6801
			40.2625
			-64.3824
			116.0385
			10.1275
			401.9834
			-70.6566
			-8.1475
			-389.9834
			76.6566
			11.1475


===========================================================================================
===========================================================================================
S7:
	q_c:	54.5	485.0	76.0
	ub :	63.9491	492.9315	89.3017
	lb :	41.6388	480.3227	67.7171

	==================================================================================
	Q1:
		Shape: Polyhedra
		q_c:	51.5	485.0	72.5
		ub :	56.1909	489.5752	77.2829
		lb :	46.8091	480.4248	67.7171
		A:
			0.1209	-0.8188	0.5612
			-0.1125	0.9797	0.1662
			0.3264	0.8544	-0.4044
			0.4149	-0.3089	0.8558
			0.3254	-0.3824	-0.8648
			-0.4491	-0.2402	0.8606
			0.5767	0.6763	0.4582
			0.7772	-0.2815	-0.5628
			-0.2516	0.6807	-0.688
			-0.5767	-0.6763	-0.4582
			-0.7772	0.2815	0.5628
			0.2516	-0.6807	0.688
		b:
			-347.6909
			484.2248
			404.5757
			-63.8262
			-228.4432
			-74.4253
			393.9348
			-134.2937
			269.8086
			-387.9348
			140.2937
			-264.8086
	==================================================================================
	Q2:
		Shape: Hybrid
		q_c:	47.5	486.5	83.0
		ub :	53.3612	491.7344	89.3017
		lb :	41.6388	481.2656	76.6983
		P^-1:
			0.1203	0.0828	0.0451
			0.0828	0.1605	0.0461
			0.0451	0.0461	0.0811
		A:
			0.1265	0.8884	0.4412
			-0.6231	-0.7669	0.1533
			-0.8549	-0.2943	-0.4273
			0.8381	0.2031	-0.5064
			0.5985	-0.0076	0.8011
			-0.0851	-0.4598	0.8839
		b:
			476.6048
			-388.268
			-217.5574
			99.656
			93.5838
			-151.2493
	==================================================================================
	Q3:
		Shape: Ellipse
		q_c:	51.0	484.0	77.0
		ub :	55.2071	487.6773	81.094
		lb :	46.7929	480.3227	72.906
		P^-1:
			0.1848	-0.0478	0.0278
			-0.0478	0.2107	-0.0015
			0.0278	-0.0015	0.1256
	==================================================================================
	Q4:
		Shape: Polyhedra
		q_c:	60.5	487.0	73.0
		ub :	63.9491	491.7959	77.4256
		lb :	57.0509	482.2041	68.5744
		A:
			0.2041	0.2018	0.9579
			0.8591	0.2507	0.4462
			0.511	0.1328	-0.8492
			0.1968	-0.6317	0.7498
			0.1517	0.7966	-0.5852
			-0.3552	0.6136	0.7052
			0.0253	0.7988	0.6011
			0.2069	0.5841	-0.7849
			-0.978	0.1442	-0.1505
			-0.0253	-0.7988	-0.6011
			-0.2069	-0.5841	0.7849
			0.978	-0.1442	0.1505
		b:
			183.8795
			209.9246
			36.156
			-238.7761
			356.6302
			332.6083
			438.4109
			241.6778
			3.0829
			-430.4109
			-237.6778
			2.9171
	==================================================================================
	Q5:
		Shape: Hybrid
		q_c:	56.0	488.5	80.5
		ub :	60.119	492.7954	84.3891
		lb :	51.881	484.2046	76.6109
		P^-1:
			0.267	-0.0304	-0.1576
			-0.0304	0.1146	-0.0241
			-0.1576	-0.0241	0.3044
		A:
			0.4018	-0.3347	-0.8524
			0.9947	0.09	0.0487
			-0.9926	-0.1177	0.0309
			-0.0061	-0.992	-0.1259
			0.58	0.3781	-0.7216
			-0.6717	0.5874	0.4515
		b:
			-208.3501
			105.4273
			-108.8449
			-492.6449
			160.1358
			287.0072
	==================================================================================
	Q6:
		Shape: Hybrid
		q_c:	52.5	487.0	78.5
		ub :	58.1105	492.9315	82.9941
		lb :	46.8895	481.0685	74.0059
		P^-1:
			0.0943	0.0294	0.0016
			0.0294	0.0567	0.0066
			0.0016	0.0066	0.0817
		A:
			0.9231	0.1868	0.3362
			-0.0554	0.5968	-0.8005
			-0.573	-0.19	0.7972
			0.4943	0.7762	0.3913
			0.0807	0.5492	-0.8318
			-0.4717	-0.8547	0.2165
		b:
			167.6027
			227.577
			-58.1551
			436.6417
			208.8656
			-421.7701


===========================================================================================
===========================================================================================
S8:
	q_c:	469.0	314.5	271.0
	ub :	491.6848	338.6661	293.2586
	lb :	445.4921	298.5471	253.9237

	==================================================================================
	Q1:
		Shape: Hybrid
		q_c:	466.0	310.5	276.5
		ub :	477.3175	322.4529	283.4901
		lb :	454.6825	298.5471	269.5099
		P^-1:
			0.0156	-0.0	0.0
			-0.0	0.0159	-0.0024
			0.0	-0.0024	0.0327
		A:
			-0.5792	-0.7352	-0.3522
			-0.2058	-0.1855	0.9608
			-0.1196	-0.9728	-0.1985
			0.7108	0.4512	0.5395
			0.6576	0.7423	-0.1284
			0.3391	-0.9379	-0.0732
		b:
			-590.4369
			115.0423
			-407.414
			625.3009
			506.5636
			-148.195
	==================================================================================
	Q2:
		Shape: Polyhedra
		q_c:	486.5	329.0	281.0
		ub :	491.6848	335.9618	288.9618
		lb :	481.3152	322.0382	273.0382
		A:
			0.2329	0.9711	0.0515
			0.4188	0.8829	-0.2126
			0.0322	-0.716	0.6973
			0.9454	-0.3228	-0.0455
			0.2232	-0.1737	-0.9592
			-0.9555	0.2351	-0.1779
			0.1866	0.5377	0.8222
			-0.347	0.8191	-0.4569
			-0.9191	-0.2	0.3394
			-0.1866	-0.5377	-0.8222
			0.347	-0.8191	0.4569
			0.9191	0.2	-0.3394
		b:
			452.0615
			438.3452
			-20.3584
			344.1042
			-212.3732
			-434.1266
			505.2382
			-24.2023
			-414.5848
			-492.2382
			31.2023
			420.5848
	==================================================================================
	Q3:
		Shape: Ellipse
		q_c:	471.0	308.5	264.0
		ub :	477.8945	318.1109	274.0763
		lb :	464.1055	298.8891	253.9237
		P^-1:
			0.0392	0.0005	-0.0032
			0.0005	0.0238	-0.0039
			-0.0032	-0.0039	0.0253
	==================================================================================
	Q4:
		Shape: Ellipse
		q_c:	456.0	314.0	279.0
		ub :	459.3021	320.1803	284.6616
		lb :	452.6979	307.8197	273.3384
		P^-1:
			2.4419	1.0173	-1.6349
			1.0173	0.4848	-0.7103
			-1.6349	-0.7103	1.1758
	==================================================================================
	Q5:
		Shape: Polyhedra
		q_c:	454.5	328.5	284.0
		ub :	463.5079	338.6661	293.2586
		lb :	445.4921	318.3339	274.7414
		A:
			-0.4307	-0.8278	-0.3594
			-0.5337	0.714	-0.4532
			-0.5108	0.601	0.6147
			0.312	0.9476	-0.0678
			-0.5048	0.8631	-0.0177
			-0.3879	-0.8867	-0.2518
			0.8157	0.4431	0.3718
			-0.5294	0.8309	0.1713
			-0.233	-0.3365	0.9124
			-0.8157	-0.4431	-0.3718
			0.5294	-0.8309	-0.1713
			0.233	0.3365	-0.9124
		b:
			-564.4642
			-129.906
			146.8098
			439.9587
			56.0908
			-533.53
			626.4041
			87.9572
			49.6588
			-617.4041
			-73.9572
			-35.6588
	==================================================================================
	Q6:
		Shape: Hybrid
		q_c:	465.0	307.0	263.0
		ub :	471.2166	312.7972	267.9199
		lb :	458.7834	301.2028	258.0801
		P^-1:
			0.0284	0.009	-0.013
			0.009	0.1623	-0.1946
			-0.013	-0.1946	0.3093
		A:
			-0.7981	0.1712	0.5777
			0.2553	0.8068	-0.5328
			-0.4476	0.3116	-0.8382
			0.1645	0.8453	-0.5084
			-0.5084	0.836	-0.2065
			0.1885	0.82	-0.5404
		b:
			-161.8369
			228.4009
			-330.2352
			204.4307
			-30.0605
			199.2866


===========================================================================================
===========================================================================================
S9:
	q_c:	354.0	132.5	91.0
	ub :	381.825	168.4867	126.5996
	lb :	324.8711	100.6191	60.4132

	==================================================================================
	Q1:
		Shape: Polyhedra
		q_c:	368.0	114.0	78.0
		ub :	377.9823	124.6905	92.1365
		lb :	358.0177	103.3095	63.8635
		A:
			-0.6722	0.6557	-0.3438
			0.7894	-0.6128	0.0369
			-0.817	0.5763	-0.0173
			-0.7673	0.6412	-0.0081
			0.5766	-0.817	0.0006
			0.8008	-0.5981	0.0317
			0.4788	0.562	0.6745
			0.7333	-0.6785	0.0449
			0.4828	0.4731	-0.7369
			-0.4788	-0.562	-0.6745
			-0.7333	0.6785	-0.0449
			-0.4828	-0.4731	0.7369
		b:
			-196.3715
			224.5125
			-234.884
			-209.0974
			121.2933
			230.1396
			302.8618
			196.4976
			184.1289
			-282.8618
			-195.4976
			-164.1289
	==================================================================================
	Q2:
		Shape: Ellipse
		q_c:	359.5	117.5	112.5
		ub :	374.2022	125.2216	126.5996
		lb :	344.7978	109.7784	98.4004
		P^-1:
			0.0087	0.0005	-0.0021
			0.0005	0.0235	-0.0013
			-0.0021	-0.0013	0.0114
	==================================================================================
	Q3:
		Shape: Polyhedra
		q_c:	364.5	148.5	99.0
		ub :	381.825	166.9463	115.2854
		lb :	347.175	130.0537	82.7146
		A:
			0.1734	-0.9769	0.125
			-0.1485	0.9038	-0.4014
			0.7468	0.4638	0.4766
			-0.0552	-0.6128	-0.7883
			0.6791	0.0106	-0.734
			-0.2142	0.8203	0.5304
			0.1899	0.8687	0.4575
			0.1258	0.4407	-0.8888
			-0.9737	0.2263	-0.0256
			-0.1899	-0.8687	-0.4575
			-0.1258	-0.4407	0.8888
			0.9737	-0.2263	0.0256
		b:
			-57.4326
			52.4524
			400.8417
			-177.5548
			189.2769
			108.1566
			255.0157
			35.2833
			-309.8387
			-232.0157
			-11.2833
			337.8387
	==================================================================================
	Q4:
		Shape: Hybrid
		q_c:	338.0	155.0	76.5
		ub :	351.1289	168.4867	91.5459
		lb :	324.8711	141.5133	61.4541
		P^-1:
			0.0309	-0.0191	0.0056
			-0.0191	0.0268	-0.0044
			0.0056	-0.0044	0.0108
		A:
			-0.0878	0.8234	0.5607
			-0.9459	0.0853	-0.3132
			-0.6888	0.6533	0.3142
			0.4447	-0.8037	0.3954
			-0.9411	0.3374	-0.0219
			0.9888	-0.0708	0.131
		b:
			147.5272
			-325.6984
			-103.4431
			59.4857
			-263.8542
			338.1807
	==================================================================================
	Q5:
		Shape: Polyhedra
		q_c:	350.5	120.5	75.5
		ub :	370.8455	140.3809	90.5868
		lb :	330.1545	100.6191	60.4132
		A:
			-0.1463	0.0917	0.985
			0.1796	-0.1726	-0.9685
			-0.5569	0.0219	0.8303
			-0.3929	0.0687	-0.917
			0.735	0.6542	-0.1782
			-0.887	-0.1521	-0.4361
			0.5273	0.6987	0.4835
			-0.8431	0.5009	0.1955
			-0.1056	-0.5107	0.8533
			-0.5273	-0.6987	-0.4835
			0.8431	-0.5009	-0.1955
			0.1056	0.5107	-0.8533
		b:
			44.089
			-20.4135
			-118.045
			-189.1447
			334.0129
			-349.0251
			317.0041
			-204.3917
			-26.6392
			-294.0041
			236.3917
			41.6392
	==================================================================================
	Q6:
		Shape: Polyhedra
		q_c:	354.5	148.0	79.0
		ub :	370.3244	166.6035	96.5732
		lb :	338.6756	129.3965	61.4268
		A:
			-0.8877	-0.2176	0.4058
			0.0974	-0.9952	-0.0033
			-0.9575	0.2076	0.2004
			-0.9343	0.3421	-0.1002
			0.9673	-0.1476	0.2063
			-0.9465	-0.1107	0.3032
			0.734	0.5755	0.3606
			-0.1122	0.6265	-0.7713
			-0.6698	0.5257	0.5245
			-0.734	-0.5755	-0.3606
			0.1122	-0.6265	0.7713
			0.6698	-0.5257	-0.5245
		b:
			-304.3938
			-102.3167
			-283.4487
			-278.4912
			348.2279
			-317.6833
			386.372
			3.4976
			-110.1986
			-361.372
			19.5024
			126.1986


===========================================================================================
===========================================================================================
S10:
	q_c:	274.5	317.0	102.5
	ub :	287.6655	332.0116	120.0438
	lb :	261.6772	309.9487	83.1563

	==================================================================================
	Q1:
		Shape: Hybrid
		q_c:	274.5	328.0	106.5
		ub :	278.2235	330.8809	110.4422
		lb :	270.7765	325.1191	102.5578
		P^-1:
			0.1716	0.0148	0.0673
			0.0148	0.2472	-0.0127
			0.0673	-0.0127	0.1923
		A:
			-0.2643	0.6332	-0.7275
			0.6376	0.0748	0.7667
			-0.4391	-0.3473	0.8286
			0.5686	-0.8223	-0.0239
			-0.7895	0.5307	-0.3084
			-0.2265	0.0545	-0.9725
		b:
			58.692
			282.2231
			-144.5044
			-114.8052
			-74.2254
			-146.649
	==================================================================================
	Q2:
		Shape: Ellipse
		q_c:	274.0	320.5	113.0
		ub :	278.4549	327.5434	120.0438
		lb :	269.5451	313.4566	105.9562
		P^-1:
			0.3658	-0.158	-0.0229
			-0.158	0.1159	0.02
			-0.0229	0.02	0.0451
	==================================================================================
	Q3:
		Shape: Hybrid
		q_c:	280.0	321.0	89.0
		ub :	287.6655	328.3607	94.8437
		lb :	272.3345	313.6393	83.1563
		P^-1:
			0.0615	-0.0202	-0.0269
			-0.0202	0.0617	-0.0226
			-0.0269	-0.0226	0.0932
		A:
			-0.7396	-0.0943	0.6664
			0.3624	0.4384	-0.8225
			-0.505	-0.3407	0.793
			0.0746	-0.8006	0.5945
			-0.1852	0.3426	-0.9211
			0.7858	0.3181	0.5305
		b:
			-176.1914
			170.6067
			-178.5147
			-181.2821
			-21.7185
			374.0749
	==================================================================================
	Q4:
		Shape: Hybrid
		q_c:	269.0	324.5	106.0
		ub :	276.3228	332.0116	111.6381
		lb :	261.6772	316.9884	100.3619
		P^-1:
			0.0754	0.0234	-0.0501
			0.0234	0.0479	-0.0206
			-0.0501	-0.0206	0.1192
		A:
			-0.2578	0.6377	0.7259
			-0.3165	-0.2068	0.9258
			0.6422	-0.0859	-0.7617
			-0.0217	-0.659	0.7518
			-0.4012	0.1387	0.9054
			0.8736	-0.4376	-0.2128
		b:
			217.5522
			-52.6659
			65.9186
			-137.3085
			34.8407
			74.0525
	==================================================================================
	Q5:
		Shape: Polyhedra
		q_c:	276.5	318.0	100.0
		ub :	281.9214	323.6946	105.8147
		lb :	271.0786	312.3054	94.1853
		A:
			-0.9563	0.2756	-0.0977
			0.759	0.5844	-0.2871
			0.9391	-0.3365	0.0695
			-0.968	-0.1559	-0.1968
			-0.8062	0.4533	-0.3802
			0.6543	-0.0052	-0.7562
			0.7841	0.4838	0.3887
			0.2847	-0.8369	0.4674
			0.5515	-0.2558	-0.794
			-0.7841	-0.4838	-0.3887
			-0.2847	0.8369	-0.4674
			-0.5515	0.2558	0.794
		b:
			-183.0957
			370.2866
			163.1168
			-333.7898
			-113.1267
			107.1425
			412.5333
			-136.6781
			-4.7674
			-406.5333
			144.6781
			11.7674
	==================================================================================
	Q6:
		Shape: Ellipse
		q_c:	280.0	313.5	107.0
		ub :	283.5489	317.0513	111.1965
		lb :	276.4511	309.9487	102.8035
		P^-1:
			0.1731	0.0633	0.0337
			0.0633	0.2666	0.1699
			0.0337	0.1699	0.2464


===========================================================================================
===========================================================================================
S11:
	q_c:	223.0	216.5	112.5
	ub :	241.1957	234.6097	132.1334
	lb :	202.4448	204.5198	94.1497

	==================================================================================
	Q1:
		Shape: Ellipse
		q_c:	233.5	215.5	123.0
		ub :	241.1957	223.3588	129.1594
		lb :	225.8043	207.6412	116.8406
		P^-1:
			0.0285	0.0018	0.0001
			0.0018	0.0323	-0.0
			0.0001	-0.0	0.0331
	==================================================================================
	Q2:
		Shape: Hybrid
		q_c:	219.5	212.0	115.0
		ub :	225.692	218.5183	119.8389
		lb :	213.308	205.4817	110.1611
		P^-1:
			0.0512	-0.007	0.0121
			-0.007	0.0763	-0.047
			0.0121	-0.047	0.1313
		A:
			0.0632	0.3222	-0.9446
			-0.0049	0.8835	-0.4684
			0.7813	-0.5765	0.239
			-0.4265	-0.5171	0.7421
			0.6176	0.0871	-0.7817
			0.3004	-0.4295	0.8517
		b:
			-24.9999
			134.3393
			79.4329
			-115.9445
			66.7066
			74.1637
	==================================================================================
	Q3:
		Shape: Ellipse
		q_c:	211.5	220.0	104.0
		ub :	220.5552	230.4496	113.8503
		lb :	202.4448	209.5504	94.1497
		P^-1:
			0.0322	-0.0031	-0.0017
			-0.0031	0.0221	-0.0061
			-0.0017	-0.0061	0.0296
	==================================================================================
	Q4:
		Shape: Ellipse
		q_c:	223.5	227.0	126.0
		ub :	231.1236	234.6097	128.5788
		lb :	215.8764	219.3903	123.4212
		P^-1:
			0.0373	0.0049	0.0413
			0.0049	0.0388	0.0481
			0.0413	0.0481	0.4344
	==================================================================================
	Q5:
		Shape: Hybrid
		q_c:	222.5	214.0	115.0
		ub :	230.2818	222.5404	122.4434
		lb :	214.7182	205.4596	107.5566
		P^-1:
			0.0542	-0.0034	-0.0187
			-0.0034	0.0362	-0.0168
			-0.0187	-0.0168	0.0642
		A:
			0.2098	-0.3905	0.8964
			0.8777	0.3865	-0.2833
			-0.1567	-0.6102	0.7766
			0.9328	-0.1596	0.3232
			-0.8561	0.5153	-0.0383
			0.7531	-0.4454	-0.4842
		b:
			68.5858
			248.2391
			-74.0701
			213.6647
			-81.9251
			19.132
	==================================================================================
	Q6:
		Shape: Hybrid
		q_c:	218.5	215.5	121.5
		ub :	230.7941	226.4802	132.1334
		lb :	206.2059	204.5198	110.8666
		P^-1:
			0.0209	-0.0061	0.0009
			-0.0061	0.0199	-0.0031
			0.0009	-0.0031	0.0212
		A:
			-0.2661	0.852	0.4508
			-0.7922	-0.3694	0.4858
			-0.857	0.283	-0.4307
			-0.4728	-0.1035	-0.8751
			-0.3228	-0.0555	-0.9449
			-0.1309	-0.5776	0.8058
		b:
			184.5198
			-189.0077
			-175.0903
			-227.6976
			-193.196
			-51.3694


===========================================================================================
===========================================================================================
S12:
	q_c:	524.0	317.5	365.5
	ub :	532.9556	332.7349	384.6982
	lb :	506.0578	299.3347	346.6386

	==================================================================================
	Q1:
		Shape: Hybrid
		q_c:	512.0	307.0	353.5
		ub :	517.9422	314.6653	360.3614
		lb :	506.0578	299.3347	346.6386
		P^-1:
			0.0986	0.0233	0.0167
			0.0233	0.0317	0.0089
			0.0167	0.0089	0.0445
		A:
			-0.8732	-0.4867	-0.0266
			0.3176	0.1351	0.9386
			0.3727	0.6696	0.6424
			-0.5437	-0.3508	-0.7625
			0.8669	0.3114	0.3894
			-0.6431	-0.5815	0.4982
		b:
			-603.9977
			538.799
			626.4397
			-653.2736
			678.6086
			-328.3849
	==================================================================================
	Q2:
		Shape: Hybrid
		q_c:	519.0	309.5	355.0
		ub :	525.3068	316.7707	361.1219
		lb :	512.6932	302.2293	348.8781
		P^-1:
			0.1549	0.0251	0.1025
			0.0251	0.0388	0.0187
			0.1025	0.0187	0.1294
		A:
			0.5974	0.719	-0.3551
			-0.7507	0.482	-0.4518
			0.3925	0.9166	0.0767
			0.7931	0.0424	0.6076
			0.7694	0.3311	0.5462
			0.8361	0.5485	-0.0012
		b:
			410.4027
			-398.0698
			518.3798
			641.5408
			696.9688
			606.1434
	==================================================================================
	Q3:
		Shape: Polyhedra
		q_c:	519.0	308.5	357.0
		ub :	525.5332	315.5229	362.9618
		lb :	512.4668	301.4771	351.0382
		A:
			-0.6462	-0.6144	-0.4527
			0.2644	-0.8629	-0.4306
			-0.5635	0.2759	0.7787
			-0.8985	-0.4341	-0.0654
			0.5747	0.2135	0.79
			-0.4496	0.1461	0.8812
			0.4055	0.6634	0.6289
			0.2803	0.5646	-0.7763
			-0.8701	0.4911	0.043
			-0.4055	-0.6634	-0.6289
			-0.2803	-0.5646	0.7763
			0.8701	-0.4911	-0.043
		b:
			-683.3479
			-278.9398
			75.1015
			-619.6085
			649.6717
			130.853
			642.6217
			47.4904
			-280.2119
			-636.6217
			-37.4904
			289.2119
	==================================================================================
	Q4:
		Shape: Ellipse
		q_c:	523.5	324.0	365.0
		ub :	532.9556	332.7349	372.4186
		lb :	514.0444	315.2651	357.5814
		P^-1:
			0.04	-0.0282	0.0342
			-0.0282	0.0722	-0.0589
			0.0342	-0.0589	0.0951
	==================================================================================
	Q5:
		Shape: Hybrid
		q_c:	520.5	314.0	376.0
		ub :	526.4409	322.793	384.6982
		lb :	514.5591	305.207	367.3018
		P^-1:
			0.0331	-0.0	0.0
			-0.0	0.0274	0.0046
			0.0	0.0046	0.0293
		A:
			-0.5384	-0.8143	-0.2167
			0.8915	-0.2627	-0.369
			-0.4051	0.7152	-0.5696
			-0.7784	0.6253	0.0556
			-0.461	-0.7073	-0.5359
			-0.4121	0.6326	-0.6558
		b:
			-614.4298
			245.5575
			-196.8314
			-184.9711
			-660.743
			-258.8765
	==================================================================================
	Q6:
		Shape: Polyhedra
		q_c:	522.0	320.5	361.5
		ub :	531.4672	330.1099	370.8782
		lb :	512.5328	310.8901	352.1218
		A:
			-0.0004	0.8706	0.492
			-0.2873	0.2121	-0.9341
			-0.5138	-0.2847	0.8093
			0.7142	0.6974	0.0602
			0.8634	-0.5019	-0.0512
			0.2739	0.8071	-0.5231
			0.8523	0.3861	0.353
			-0.0067	-0.6666	0.7454
			0.5231	-0.6377	-0.5655
			-0.8523	-0.3861	-0.353
			0.0067	0.6666	-0.7454
			-0.5231	0.6377	0.5655
		b:
			462.5745
			-413.7968
			-61.668
			625.5959
			277.2928
			218.0493
			704.2171
			57.3143
			-130.7623
			-688.2171
			-47.3143
			140.7623


===========================================================================================
