3D_50_15_6_a                l = 3

===========================================================================================
===========================================================================================
S1:
	q_c:    379.5000    326.5000    296.5000
	ub :    393.0000    345.0000    300.0000
	lb :    366.0000    308.0000    293.0000

	==================================================================================
	Q1:
		Shape: Polyhedra
		q_c:    378.5000    327.5000    294.0000
		ub :    381.8176    331.0341    297.6204
		lb :    375.1824    323.9659    290.3796
		A:
			    0.2734    0.0868    -0.9580
			    0.5264    -0.2526    -0.8118
			    -0.6951    -0.6035    -0.3906
			    -0.2187    -0.5685    -0.7931
			    -0.9078    0.1558    -0.3895
			    -0.2346    -0.9600    0.1532
			    0.0658    0.7055    0.7057
			    -0.5644    0.6095    -0.5567
			    -0.8229    -0.3616    0.4382
			    -0.0658    -0.7055    -0.7057
			    0.5644    -0.6095    0.5567
			    0.8229    0.3616    -0.4382
		b:
			    -147.4790
			    -119.8887
			    -573.3851
			    -500.1122
			    -404.9248
			    -355.9126
			    465.4146
			    -175.6677
			    -298.5575
			    -461.4146
			    179.6677
			    303.5575
	==================================================================================
	Q2:
		Shape: Hybrid
		q_c:    379.0000    330.5000    298.0000
		ub :    380.8586    332.9906    300.6995
		lb :    377.1414    328.0094    295.3005
		P^-1: 
			    0.4392    0.0188    -0.0253
			    0.0188    0.3771    0.0906
			    -0.0253    0.0906    0.3226
		A:
			    -0.9701    -0.0717    0.2318
			    -0.0906    0.1806    0.9794
			    -0.7837    -0.3205    0.5320
			    0.0081    -0.9497    0.3130
			    0.8346    -0.2271    0.5019
			    0.7687    0.1534    0.6210
		b:
			    -321.5363
			    318.2104
			    -243.5574
			    -216.4625
			    391.7932
			    527.9680
	==================================================================================
	Q3:
		Shape: Polyhedra
		q_c:    379.0000    323.5000    295.0000
		ub :    381.8904    325.9187    297.7261
		lb :    376.1096    321.0813    292.2739
		A:
			    0.0919    0.9133    -0.3968
			    0.9125    -0.0585    0.4049
			    0.2146    -0.4168    0.8833
			    0.2957    -0.4742    -0.8293
			    -0.7494    -0.4894    -0.4459
			    0.5071    0.8499    -0.1433
			    0.6143    0.5023    0.6086
			    -0.6010    -0.2021    0.7733
			    0.5114    -0.8408    0.1777
			    -0.6143    -0.5023    -0.6086
			    0.6010    0.2021    -0.7733
			    -0.5114    0.8408    -0.1777
		b:
			    214.8990
			    447.8734
			    208.7932
			    -284.1788
			    -572.3763
			    426.5467
			    576.3298
			    -63.0080
			    -24.2478
			    -573.3298
			    67.0080
			    27.2478
	==================================================================================
	Q4:
		Shape: Polyhedra
		q_c:    377.0000    327.5000    294.5000
		ub :    379.6292    330.1114    296.6080
		lb :    374.3708    324.8886    292.3920
		A:
			    -0.4689    -0.7913    0.3924
			    0.1143    -0.9795    0.1659
			    -0.3135    0.6934    -0.6487
			    -0.4145    -0.8841    0.2160
			    0.4060    0.1903    -0.8939
			    -0.0410    0.1514    0.9876
			    0.5754    0.6529    0.4926
			    0.5431    0.1452    -0.8270
			    -0.6115    0.7434    -0.2711
			    -0.5754    -0.6529    -0.4926
			    -0.5431    -0.1452    0.8270
			    0.6115    -0.7434    0.2711
		b:
			    -318.9847
			    -226.9897
			    -80.3264
			    -380.6643
			    -46.8414
			    326.1510
			    577.3124
			    9.7846
			    -64.9213
			    -574.3124
			    -7.7846
			    68.9213
	==================================================================================
	Q5:
		Shape: Ellipse
		q_c:    378.5000    328.5000    298.5000
		ub :    381.4140    331.2801    300.8685
		lb :    375.5860    325.7199    296.1315
		P^-1: 
			    0.4619    -0.2221    0.2544
			    -0.2221    0.4828    -0.2666
			    0.2544    -0.2666    0.5554
	==================================================================================
	Q6:
		Shape: Hybrid
		q_c:    382.5000    329.0000    296.0000
		ub :    385.0070    331.9298    298.8469
		lb :    379.9930    326.0702    293.1531
		P^-1: 
			    0.7434    0.1625    0.3293
			    0.1625    0.3229    -0.0587
			    0.3293    -0.0587    0.5381
		A:
			    -0.8687    -0.3696    -0.3298
			    0.5238    0.0596    0.8497
			    -0.5560    0.4651    -0.6889
			    0.9377    0.3462    -0.0303
			    0.9933    -0.1105    -0.0334
			    -0.5188    0.4825    -0.7057
		b:
			    -550.9348
			    472.1902
			    -262.7293
			    464.3787
			    334.8708
			    -247.7841


===========================================================================================
===========================================================================================
S2:
	q_c:    16.5000    216.5000    344.0000
	ub :    24.0000    227.0000    367.0000
	lb :    9.0000    206.0000    321.0000

	==================================================================================
	Q1:
		Shape: Polyhedra
		q_c:    25.5000    212.5000    351.5000
		ub :    31.8264    218.3809    357.9391
		lb :    19.1736    206.6191    345.0609
		A:
			    -0.1023    0.9298    -0.3536
			    0.1436    -0.9896    0.0006
			    0.5577    -0.2461    0.7927
			    -0.9131    -0.3854    -0.1333
			    0.8327    0.2195    0.5085
			    -0.2407    0.8789    -0.4118
			    0.4931    0.7240    0.4822
			    -0.7209    0.6504    -0.2393
			    -0.4869    -0.2297    0.8427
			    -0.4931    -0.7240    -0.4822
			    0.7209    -0.6504    0.2393
			    0.4869    0.2297    -0.8427
		b:
			    74.2514
			    -202.9277
			    244.1536
			    -148.1159
			    250.2823
			    39.3136
			    339.9445
			    38.7222
			    239.4978
			    -331.9445
			    -32.7222
			    -230.4978
	==================================================================================
	Q2:
		Shape: Polyhedra
		q_c:    13.5000    212.5000    344.0000
		ub :    18.9257    218.4726    349.2233
		lb :    8.0743    206.5274    338.7767
		A:
			    -0.7046    0.3579    -0.6127
			    -0.4872    -0.1964    -0.8509
			    -0.9834    -0.1644    0.0772
			    -0.4065    -0.8838    0.2314
			    -0.7588    0.2307    -0.6091
			    -0.7558    -0.5511    -0.3537
			    0.6187    0.2978    0.7270
			    -0.7093    0.6096    0.3539
			    -0.3377    -0.7347    0.5884
			    -0.6187    -0.2978    -0.7270
			    0.7093    -0.6096    -0.3539
			    0.3377    0.7347    -0.5884
		b:
			    -141.2423
			    -338.9071
			    -18.2344
			    -109.8833
			    -168.0116
			    -246.4127
			    323.7299
			    245.7083
			    45.7304
			    -319.7299
			    -237.7083
			    -37.7304
	==================================================================================
	Q3:
		Shape: Polyhedra
		q_c:    17.5000    211.0000    347.0000
		ub :    22.6536    217.2621    352.7934
		lb :    12.3464    204.7379    341.2066
		A:
			    -0.2043    -0.9789    0.0098
			    -0.0528    0.6332    -0.7722
			    0.7413    -0.5163    0.4289
			    0.4569    0.8555    -0.2438
			    -0.4997    0.4966    -0.7097
			    -0.8860    0.0579    0.4600
			    0.7343    0.5924    0.3316
			    -0.2049    0.6591    -0.7236
			    -0.6472    0.4633    0.6054
			    -0.7343    -0.5924    -0.3316
			    0.2049    -0.6591    0.7236
			    0.6472    -0.4633    -0.6054
		b:
			    -202.6791
			    -130.7983
			    56.8923
			    108.1199
			    -145.7982
			    158.9245
			    256.9158
			    -111.0905
			    298.4940
			    -248.9158
			    120.0905
			    -294.4940
	==================================================================================
	Q4:
		Shape: Polyhedra
		q_c:    15.0000    209.0000    346.5000
		ub :    19.1088    213.3897    350.2771
		lb :    10.8912    204.6103    342.7229
		A:
			    0.2633    0.2900    -0.9201
			    0.0047    -0.8057    -0.5923
			    0.7874    -0.4944    -0.3681
			    -0.6591    0.2359    -0.7141
			    0.1409    -0.5324    0.8347
			    -0.9808    0.0439    -0.1902
			    0.8988    0.4225    0.1168
			    -0.1068    -0.0473    0.9932
			    0.4252    -0.9051    0.0026
			    -0.8988    -0.4225    -0.1168
			    0.1068    0.0473    -0.9932
			    -0.4252    0.9051    -0.0026
		b:
			    -250.7988
			    -370.1999
			    -215.7530
			    -204.8171
			    183.5709
			    -68.6943
			    144.7497
			    336.1437
			    -178.3830
			    -139.7497
			    -329.1437
			    185.3830
	==================================================================================
	Q5:
		Shape: Hybrid
		q_c:    11.5000    217.0000    341.5000
		ub :    16.7397    222.7153    346.6392
		lb :    6.2603    211.2847    336.3608
		P^-1: 
			    0.1395    -0.0412    -0.0184
			    -0.0412    0.0770    -0.0371
			    -0.0184    -0.0371    0.1435
		A:
			    -0.5588    -0.4555    0.6930
			    -0.7801    -0.5624    0.2740
			    -0.4788    0.1433    0.8662
			    0.8228    0.3355    -0.4586
			    0.9097    -0.3826    0.1617
			    0.9284    -0.3629    0.0801
		b:
			    133.0674
			    -34.8143
			    322.8415
			    -72.4321
			    -16.0549
			    -39.4091
	==================================================================================
	Q6:
		Shape: Hybrid
		q_c:    15.5000    221.5000    349.5000
		ub :    19.9633    225.9697    352.4126
		lb :    11.0367    217.0303    346.5874
		P^-1: 
			    0.1267    0.0251    -0.0658
			    0.0251    0.1514    -0.1057
			    -0.0658    -0.1057    0.3886
		A:
			    0.7327    0.6527    0.1927
			    0.0821    -0.2907    0.9533
			    0.0474    -0.1408    0.9889
			    -0.2594    -0.4092    -0.8748
			    0.3751    0.6253    -0.6843
			    0.3602    0.8303    -0.4252
		b:
			    225.5021
			    271.0109
			    316.1714
			    -398.5872
			    -93.7895
			    42.3987


===========================================================================================
===========================================================================================
S3:
	q_c:    324.0000    420.0000    397.0000
	ub :    337.0000    443.0000    421.0000
	lb :    311.0000    397.0000    373.0000

	==================================================================================
	Q1:
		Shape: Hybrid
		q_c:    332.0000    419.5000    405.5000
		ub :    334.9925    423.6395    409.7788
		lb :    329.0075    415.3605    401.2212
		P^-1: 
			    0.6135    0.3420    0.2462
			    0.3420    0.3579    0.2232
			    0.2462    0.2232    0.2702
		A:
			    -0.9338    -0.2633    -0.2422
			    -0.7221    -0.5811    -0.3753
			    -0.4103    -0.6069    -0.6806
			    0.7942    -0.2710    -0.5439
			    0.3653    0.7763    0.5137
			    0.7550    0.3972    0.5217
		b:
			    -517.8195
			    -635.1819
			    -665.9390
			    -68.6079
			    656.2388
			    629.5052
	==================================================================================
	Q2:
		Shape: Ellipse
		q_c:    333.5000    419.5000    408.5000
		ub :    341.1858    425.8518    415.9027
		lb :    325.8142    413.1482    401.0973
		P^-1: 
			    0.0494    -0.0000    0.0000
			    -0.0000    0.0494    -0.0000
			    0.0000    -0.0000    0.0494
	==================================================================================
	Q3:
		Shape: Polyhedra
		q_c:    333.0000    430.5000    396.0000
		ub :    338.6017    437.0936    402.6286
		lb :    327.3983    423.9064    389.3714
		A:
			    0.8306    0.5077    -0.2289
			    -0.6202    -0.5078    -0.5980
			    -0.7466    -0.3466    -0.5679
			    0.9852    -0.0134    0.1708
			    -0.2665    0.8927    0.3635
			    -0.8607    -0.0401    0.5076
			    0.7530    0.6317    0.1841
			    0.2840    -0.5644    0.7751
			    0.5935    -0.5314    -0.6044
			    -0.7530    -0.6317    -0.1841
			    -0.2840    0.5644    -0.7751
			    -0.5935    0.5314    0.6044
		b:
			    407.6868
			    -658.4929
			    -619.0392
			    393.5173
			    442.7679
			    -99.7554
			    598.6074
			    164.0209
			    -267.4776
			    -592.6074
			    -153.0209
			    273.4776
	==================================================================================
	Q4:
		Shape: Ellipse
		q_c:    327.0000    410.5000    392.5000
		ub :    334.8745    416.2371    400.2602
		lb :    319.1255    404.7629    384.7398
		P^-1: 
			    0.0428    0.0072    -0.0063
			    0.0072    0.0588    0.0066
			    -0.0063    0.0066    0.0434
	==================================================================================
	Q5:
		Shape: Hybrid
		q_c:    334.0000    416.5000    389.5000
		ub :    339.0558    421.6548    395.2262
		lb :    328.9442    411.3452    383.7738
		P^-1: 
			    0.1064    0.0263    0.0049
			    0.0263    0.1047    -0.0485
			    0.0049    -0.0485    0.1095
		A:
			    0.7655    0.6271    -0.1442
			    -0.5055    0.1898    -0.8417
			    -0.6425    -0.7613    -0.0879
			    0.0579    0.1839    -0.9812
			    -0.4720    -0.1080    -0.8750
			    0.9684    0.2217    -0.1145
		b:
			    462.1743
			    -415.9448
			    -564.0969
			    -284.3473
			    -541.4017
			    372.9236
	==================================================================================
	Q6:
		Shape: Ellipse
		q_c:    333.0000    424.0000    412.5000
		ub :    340.0377    430.8372    418.6016
		lb :    325.9623    417.1628    406.3984
		P^-1: 
			    0.0630    0.0137    -0.0055
			    0.0137    0.0495    -0.0096
			    -0.0055    -0.0096    0.0716


===========================================================================================
===========================================================================================
S4:
	q_c:    480.5000    137.5000    124.5000
	ub :    494.0000    159.0000    141.0000
	lb :    467.0000    116.0000    108.0000

	==================================================================================
	Q1:
		Shape: Hybrid
		q_c:    495.0000    130.5000    113.0000
		ub :    507.2974    141.6617    123.5836
		lb :    482.7026    119.3383    102.4164
		P^-1: 
			    0.0256    -0.0157    0.0137
			    -0.0157    0.0347    -0.0183
			    0.0137    -0.0183    0.0299
		A:
			    0.7526    -0.6166    0.2310
			    -0.5082    0.0607    -0.8591
			    0.1899    -0.8126    0.5510
			    -0.2611    0.9653    0.0092
			    0.5334    -0.4631    0.7079
			    -0.4440    0.3131    -0.8395
		b:
			    321.2672
			    -336.5878
			    52.9316
			    2.0972
			    285.9410
			    -270.6984
	==================================================================================
	Q2:
		Shape: Hybrid
		q_c:    470.0000    125.5000    124.5000
		ub :    478.8976    134.3280    133.9013
		lb :    461.1024    116.6720    115.0987
		P^-1: 
			    0.0489    0.0104    -0.0158
			    0.0104    0.0345    0.0132
			    -0.0158    0.0132    0.0441
		A:
			    -0.9499    -0.3121    -0.0191
			    -0.2087    -0.7835    -0.5853
			    -0.2507    0.9034    0.3478
			    0.9451    0.2296    -0.2326
			    -0.1063    0.9430    0.3154
			    -0.4659    -0.2834    0.8382
		b:
			    -485.3761
			    -266.8016
			    42.4389
			    446.3289
			    111.1969
			    -147.1507
	==================================================================================
	Q3:
		Shape: Ellipse
		q_c:    486.5000    131.5000    114.0000
		ub :    491.1602    138.7309    120.9492
		lb :    481.8398    124.2691    107.0508
		P^-1: 
			    0.3371    -0.0436    -0.1690
			    -0.0436    0.0542    0.0455
			    -0.1690    0.0455    0.1434
	==================================================================================
	Q4:
		Shape: Ellipse
		q_c:    472.0000    141.5000    137.0000
		ub :    481.7978    147.2133    146.6462
		lb :    462.2022    135.7867    127.3538
		P^-1: 
			    0.0477    0.0051    0.0343
			    0.0051    0.0809    -0.0051
			    0.0343    -0.0051    0.0470
	==================================================================================
	Q5:
		Shape: Ellipse
		q_c:    472.5000    141.0000    116.5000
		ub :    480.7999    150.2086    125.5153
		lb :    464.2001    131.7914    107.4847
		P^-1: 
			    0.0390    -0.0017    0.0043
			    -0.0017    0.0372    0.0072
			    0.0043    0.0072    0.0216
	==================================================================================
	Q6:
		Shape: Polyhedra
		q_c:    485.5000    132.0000    112.5000
		ub :    491.0968    140.3735    120.1960
		lb :    479.9032    123.6265    104.8040
		A:
			    0.9838    0.0264    -0.1774
			    -0.6294    0.7768    -0.0202
			    0.8086    -0.3298    -0.4872
			    -0.9416    -0.2910    -0.1693
			    0.6515    0.6970    -0.2997
			    -0.8172    0.4838    0.3131
			    0.0513    0.5625    0.8252
			    -0.9874    0.1522    -0.0423
			    -0.1494    -0.8127    0.5632
			    -0.0513    -0.5625    -0.8252
			    0.9874    -0.1522    0.0423
			    0.1494    0.8127    -0.5632
		b:
			    465.7801
			    -200.2287
			    298.9259
			    -509.9161
			    380.1720
			    -293.0396
			    197.0095
			    -459.5685
			    -110.4615
			    -187.0095
			    468.5685
			    122.4615


===========================================================================================
===========================================================================================
S5:
	q_c:    307.5000    120.5000    147.0000
	ub :    327.0000    148.0000    151.0000
	lb :    288.0000    93.0000    143.0000

	==================================================================================
	Q1:
		Shape: Polyhedra
		q_c:    304.0000    120.0000    145.5000
		ub :    306.5630    122.4268    147.8908
		lb :    301.4370    117.5732    143.1092
		A:
			    -0.0942    0.9680    0.2325
			    -0.1176    0.4174    -0.9011
			    0.2911    0.9425    0.1640
			    -0.0778    -0.9970    -0.0022
			    -0.6867    -0.6359    -0.3522
			    0.1209    0.7211    0.6822
			    0.5327    0.2484    0.8090
			    -0.4767    -0.7019    0.5293
			    0.6993    -0.6676    -0.2555
			    -0.5327    -0.2484    -0.8090
			    0.4767    0.7019    -0.5293
			    -0.6993    0.6676    0.2555
		b:
			    122.8680
			    -115.2482
			    226.9540
			    -142.1099
			    -334.8135
			    224.0490
			    310.9578
			    -150.6143
			    96.8066
			    -307.9578
			    153.6143
			    -93.8066
	==================================================================================
	Q2:
		Shape: Ellipse
		q_c:    309.0000    123.0000    148.0000
		ub :    311.6920    124.9837    150.5866
		lb :    306.3080    121.0163    145.4134
		P^-1: 
			    0.3187    0.0341    -0.0865
			    0.0341    0.4352    0.0235
			    -0.0865    0.0235    0.3850
	==================================================================================
	Q3:
		Shape: Ellipse
		q_c:    305.0000    125.0000    147.5000
		ub :    307.4728    127.5119    149.5632
		lb :    302.5272    122.4881    145.4368
		P^-1: 
			    0.4444    -0.0000    -0.0000
			    -0.0000    0.4444    0.0000
			    -0.0000    0.0000    0.4444
	==================================================================================
	Q4:
		Shape: Hybrid
		q_c:    305.5000    121.5000    152.0000
		ub :    307.6623    123.1456    153.5754
		lb :    303.3377    119.8544    150.4246
		P^-1: 
			    0.2670    -0.0920    -0.0634
			    -0.0920    0.9885    -0.0079
			    -0.0634    -0.0079    0.9945
		A:
			    0.5472    -0.6241    -0.5578
			    0.3999    0.1655    -0.9015
			    0.0188    0.9585    -0.2844
			    -0.9447    -0.2666    0.1909
			    0.1787    -0.8008    0.5717
			    0.2381    -0.8454    -0.4781
		b:
			    7.2850
			    5.8906
			    79.4858
			    -290.5550
			    44.7126
			    -102.1538
	==================================================================================
	Q5:
		Shape: Ellipse
		q_c:    307.0000    116.5000    147.0000
		ub :    309.0049    118.4900    148.3480
		lb :    304.9951    114.5100    145.6520
		P^-1: 
			    0.6742    -0.2736    -0.0034
			    -0.2736    0.7703    -0.0029
			    -0.0034    -0.0029    1.0000
	==================================================================================
	Q6:
		Shape: Polyhedra
		q_c:    306.0000    125.5000    145.5000
		ub :    308.3600    127.7183    147.7492
		lb :    303.6400    123.2817    143.2508
		A:
			    0.5626    0.5961    0.5728
			    -0.9190    -0.3044    -0.2506
			    -0.5420    -0.0929    -0.8352
			    -0.7541    -0.5049    0.4199
			    -0.0888    0.9298    -0.3573
			    -0.9429    -0.2778    0.1839
			    0.6652    0.7451    0.0482
			    0.1296    -0.0516    -0.9902
			    -0.7353    0.6650    -0.1309
			    -0.6652    -0.7451    -0.0482
			    -0.1296    0.0516    0.9902
			    0.7353    -0.6650    0.1309
		b:
			    331.9735
			    -354.3647
			    -297.2308
			    -231.4140
			    39.0759
			    -295.0780
			    305.5841
			    -108.8898
			    -159.1014
			    -302.5841
			    112.8898
			    162.1014


===========================================================================================
===========================================================================================
S6:
	q_c:    307.0000    348.0000    240.5000
	ub :    326.0000    354.0000    261.0000
	lb :    288.0000    342.0000    220.0000

	==================================================================================
	Q1:
		Shape: Polyhedra
		q_c:    304.5000    348.5000    238.5000
		ub :    308.9536    353.0813    242.6521
		lb :    300.0464    343.9187    234.3479
		A:
			    0.1448    0.1052    -0.9839
			    0.5440    0.7086    0.4495
			    0.0496    -0.9965    -0.0671
			    -0.5927    -0.4195    -0.6875
			    -0.6163    -0.3799    0.6898
			    0.4285    -0.8981    0.0987
			    0.3113    0.9447    0.1034
			    0.8597    -0.2336    -0.4542
			    -0.4049    0.2303    -0.8849
			    -0.3113    -0.9447    -0.1034
			    -0.8597    0.2336    0.4542
			    0.4049    -0.2303    0.8849
		b:
			    -151.0278
			    523.1680
			    -344.7712
			    -487.4387
			    -152.6772
			    -155.8468
			    452.1806
			    74.5596
			    -251.0627
			    -445.1806
			    -69.5596
			    257.0627
	==================================================================================
	Q2:
		Shape: Ellipse
		q_c:    304.0000    345.0000    245.5000
		ub :    310.0542    351.5781    251.9522
		lb :    297.9458    338.4219    239.0478
		P^-1: 
			    0.0625    0.0000    0.0000
			    0.0000    0.0625    -0.0000
			    0.0000    -0.0000    0.0625
	==================================================================================
	Q3:
		Shape: Ellipse
		q_c:    311.0000    344.5000    247.0000
		ub :    316.6123    350.0333    252.1723
		lb :    305.3877    338.9667    241.8277
		P^-1: 
			    0.0965    0.0146    0.0021
			    0.0146    0.0960    0.0021
			    0.0021    0.0021    0.0819
	==================================================================================
	Q4:
		Shape: Hybrid
		q_c:    309.5000    350.5000    244.0000
		ub :    312.8357    354.1623    247.7005
		lb :    306.1643    346.8377    240.2995
		P^-1: 
			    0.3672    -0.1161    -0.0927
			    -0.1161    0.2701    -0.1392
			    -0.0927    -0.1392    0.3333
		A:
			    0.4003    0.7398    -0.5409
			    -0.0231    -0.5769    0.8165
			    0.8772    0.2852    -0.3862
			    -0.9917    0.1108    0.0657
			    -0.9993    0.0297    0.0247
			    -0.2466    0.9435    -0.2216
		b:
			    252.3994
			    -9.3532
			    278.4196
			    -250.9524
			    -291.5638
			    201.5582
	==================================================================================
	Q5:
		Shape: Polyhedra
		q_c:    304.0000    351.5000    238.5000
		ub :    307.0055    355.0676    242.1815
		lb :    300.9945    347.9324    234.8185
		A:
			    0.2325    0.1892    0.9540
			    0.0877    0.9925    -0.0853
			    -0.5003    0.8597    -0.1029
			    -0.3787    -0.7126    -0.5906
			    -0.8936    -0.3051    0.3293
			    0.1949    0.9452    0.2619
			    0.6971    0.6896    0.1963
			    0.6909    -0.5729    -0.4410
			    -0.1917    0.4431    -0.8758
			    -0.6971    -0.6896    -0.1963
			    -0.6909    0.5729    0.4410
			    0.1917    -0.4431    0.8758
		b:
			    367.3714
			    357.3863
			    127.6558
			    -504.4412
			    -298.4170
			    455.8556
			    503.1258
			    -95.0105
			    -108.3965
			    -499.1258
			    98.0105
			    114.3965
	==================================================================================
	Q6:
		Shape: Polyhedra
		q_c:    308.5000    354.0000    246.5000
		ub :    313.5978    359.2732    251.7550
		lb :    303.4022    348.7268    241.2450
		A:
			    0.3729    -0.8249    -0.4248
			    0.5738    -0.5284    -0.6257
			    0.5522    -0.5215    -0.6505
			    -0.0201    0.9870    0.1593
			    -0.2878    -0.8750    0.3893
			    -0.1512    -0.5640    -0.8118
			    0.0636    0.6890    0.7220
			    -0.7066    0.5420    -0.4550
			    -0.7048    -0.4812    0.5213
			    -0.0636    -0.6890    -0.7220
			    0.7066    -0.5420    0.4550
			    0.7048    0.4812    -0.5213
		b:
			    -279.0468
			    -161.2665
			    -171.6380
			    385.3485
			    -298.9016
			    -443.8917
			    443.9837
			    -135.2669
			    -255.2777
			    -438.9837
			    141.2669
			    263.2777


===========================================================================================
===========================================================================================
S7:
	q_c:    446.0000    495.0000    187.5000
	ub :    468.0000    515.0000    208.0000
	lb :    424.0000    475.0000    167.0000

	==================================================================================
	Q1:
		Shape: Polyhedra
		q_c:    455.5000    497.5000    183.0000
		ub :    466.6035    507.2134    192.7957
		lb :    444.3965    487.7866    173.2043
		A:
			    -0.5543    -0.7139    -0.4279
			    0.7916    0.4871    0.3689
			    -0.6279    0.1964    0.7531
			    -0.2472    0.5260    0.8137
			    0.6670    -0.2345    0.7072
			    -0.1277    0.7270    0.6746
			    0.4058    0.6335    0.6588
			    0.6761    0.2770    -0.6827
			    -0.6150    0.7225    -0.3159
			    -0.4058    -0.6335    -0.6588
			    -0.6761    -0.2770    0.6827
			    0.6150    -0.7225    0.3159
		b:
			    -681.9883
			    675.1968
			    -43.3356
			    303.5021
			    322.9975
			    431.9258
			    624.0447
			    328.3385
			    29.0051
			    -617.0447
			    -313.3385
			    -14.0051
	==================================================================================
	Q2:
		Shape: Polyhedra
		q_c:    466.0000    505.5000    175.5000
		ub :    469.6533    514.2776    186.4000
		lb :    462.3467    496.7224    164.6000
		A:
			    0.8459    -0.5186    -0.1246
			    -0.8017    0.0466    0.5959
			    0.4340    0.2228    0.8729
			    0.8986    -0.4232    -0.1162
			    0.9579    -0.1937    -0.2120
			    -0.9090    0.3864    0.1565
			    0.1581    0.8968    0.4132
			    -0.0944    0.4303    -0.8977
			    -0.9829    0.1030    0.1527
			    -0.1581    -0.8968    -0.4132
			    0.0944    -0.4303    0.8977
			    0.9829    -0.1030    -0.1527
		b:
			    113.3605
			    -240.8573
			    475.6825
			    187.2741
			    313.3065
			    -198.2280
			    604.5482
			    25.4607
			    -377.1750
			    -594.5482
			    -6.4607
			    381.1750
	==================================================================================
	Q3:
		Shape: Ellipse
		q_c:    429.0000    486.5000    172.0000
		ub :    433.9741    495.9602    181.6160
		lb :    424.0259    477.0398    162.3840
		P^-1: 
			    0.1042    0.0118    0.0204
			    0.0118    0.0254    0.0030
			    0.0204    0.0030    0.0288
	==================================================================================
	Q4:
		Shape: Hybrid
		q_c:    467.5000    498.5000    209.5000
		ub :    474.1115    508.9872    222.9027
		lb :    460.8885    488.0128    196.0973
		P^-1: 
			    0.0339    -0.0235    0.0149
			    -0.0235    0.1095    -0.0679
			    0.0149    -0.0679    0.0498
		A:
			    0.3627    0.8567    -0.3667
			    0.4070    0.8356    -0.3688
			    0.7200    -0.6565    0.2252
			    -0.3378    0.8729    -0.3521
			    0.0368    0.5848    -0.8104
			    0.1728    0.8852    -0.4319
		b:
			    523.0640
			    532.9200
			    59.7393
			    205.7304
			    143.1801
			    433.9943
	==================================================================================
	Q5:
		Shape: Polyhedra
		q_c:    445.5000    478.5000    178.5000
		ub :    461.5518    492.7435    195.7643
		lb :    429.4482    464.2565    161.2357
		A:
			    0.6197    0.6005    0.5054
			    -0.8525    0.0896    -0.5149
			    0.9339    0.1003    0.3432
			    0.5669    0.2335    0.7900
			    -0.9178    0.2303    0.3234
			    0.9462    -0.3230    -0.0172
			    0.6174    0.5101    0.5988
			    0.7592    -0.1871    -0.6234
			    -0.2059    0.8395    -0.5028
			    -0.6174    -0.5101    -0.5988
			    -0.7592    0.1871    0.6234
			    0.2059    -0.8395    0.5028
		b:
			    658.3144
			    -420.5723
			    533.7642
			    511.0123
			    -227.0403
			    276.5461
			    630.5250
			    151.9175
			    231.2361
			    -621.5250
			    -122.9175
			    -209.2361
	==================================================================================
	Q6:
		Shape: Polyhedra
		q_c:    445.5000    478.5000    166.5000
		ub :    461.7884    496.0154    180.4929
		lb :    429.2116    460.9846    152.5071
		A:
			    -0.6241    0.4763    0.6194
			    0.3050    0.6262    -0.7175
			    0.9121    0.3898    0.1270
			    -0.4899    0.6575    -0.5725
			    -0.4766    0.1453    -0.8670
			    -0.9789    -0.0036    0.2041
			    0.5808    0.7965    0.1680
			    -0.0413    0.2349    -0.9711
			    -0.8130    0.5571    0.1694
			    -0.5808    -0.7965    -0.1680
			    0.0413    -0.2349    0.9711
			    0.8130    -0.5571    -0.1694
		b:
			    64.6737
			    326.5487
			    624.9031
			    12.2422
			    -276.5031
			    -392.3101
			    678.3521
			    -57.1981
			    -55.4185
			    -657.3521
			    78.1981
			    79.4185


===========================================================================================
===========================================================================================
S8:
	q_c:    37.0000    97.0000    43.5000
	ub :    57.0000    114.0000    56.0000
	lb :    17.0000    80.0000    31.0000

	==================================================================================
	Q1:
		Shape: Hybrid
		q_c:    44.5000    106.5000    41.5000
		ub :    53.9149    116.0494    48.3552
		lb :    35.0851    96.9506    34.6448
		P^-1: 
			    0.0288    0.0051    -0.0012
			    0.0051    0.0288    -0.0020
			    -0.0012    -0.0020    0.0391
		A:
			    0.1090    0.8381    -0.5346
			    -0.3880    -0.2405    -0.8897
			    -0.6760    0.0669    0.7338
			    -0.3103    -0.8248    0.4727
			    -0.4825    0.4728    0.7373
			    0.2874    0.3541    0.8899
		b:
			    74.9234
			    -77.0221
			    10.5014
			    -79.1540
			    62.7973
			    90.2265
	==================================================================================
	Q2:
		Shape: Hybrid
		q_c:    36.5000    90.0000    34.5000
		ub :    44.2210    97.5769    39.4599
		lb :    28.7790    82.4231    29.5401
		P^-1: 
			    0.0485    0.0103    -0.0197
			    0.0103    0.0349    0.0011
			    -0.0197    0.0011    0.1049
		A:
			    -0.4723    -0.0192    -0.8812
			    0.6896    0.4228    -0.5880
			    0.3803    -0.8971    -0.2250
			    -0.2874    -0.4254    0.8582
			    -0.6326    -0.3665    0.6823
			    0.2541    0.6025    -0.7566
		b:
			    -46.7391
			    45.1010
			    -70.4382
			    -17.1475
			    -30.5546
			    39.9302
	==================================================================================
	Q3:
		Shape: Ellipse
		q_c:    29.0000    92.5000    46.5000
		ub :    37.1283    101.3426    53.5033
		lb :    20.8717    83.6574    39.4967
		P^-1: 
			    0.0308    -0.0026    -0.0004
			    -0.0026    0.0300    0.0003
			    -0.0004    0.0003    0.0278
	==================================================================================
	Q4:
		Shape: Ellipse
		q_c:    26.0000    96.0000    34.5000
		ub :    31.4519    102.4234    41.0857
		lb :    20.5481    89.5766    27.9143
		P^-1: 
			    0.0624    -0.0006    0.0015
			    -0.0006    0.0599    0.0071
			    0.0015    0.0071    0.0427
	==================================================================================
	Q5:
		Shape: Ellipse
		q_c:    24.0000    107.0000    38.5000
		ub :    31.2157    112.2906    45.0089
		lb :    16.7843    101.7094    31.9911
		P^-1: 
			    0.0692    -0.0150    0.0389
			    -0.0150    0.1057    0.0139
			    0.0389    0.0139    0.0750
	==================================================================================
	Q6:
		Shape: Hybrid
		q_c:    41.5000    99.0000    49.5000
		ub :    50.0747    106.5450    57.4067
		lb :    32.9253    91.4550    41.5933
		P^-1: 
			    0.0456    0.0153    -0.0256
			    0.0153    0.0683    -0.0337
			    -0.0256    -0.0337    0.0609
		A:
			    0.5068    -0.5146    0.6917
			    -0.5177    -0.7754    0.3616
			    -0.9121    -0.3212    0.2548
			    -0.1397    0.7521    -0.6441
			    0.2362    -0.6053    0.7601
			    0.0040    -0.8221    0.5694
		b:
			    7.9832
			    -78.3316
			    -54.0529
			    39.1494
			    -9.6155
			    -51.0165


===========================================================================================
===========================================================================================
S9:
	q_c:    269.0000    256.5000    233.5000
	ub :    274.0000    282.0000    248.0000
	lb :    264.0000    231.0000    219.0000

	==================================================================================
	Q1:
		Shape: Ellipse
		q_c:    269.5000    257.0000    230.0000
		ub :    272.0541    259.2273    232.2367
		lb :    266.9459    254.7727    227.7633
		P^-1: 
			    0.4444    0.0000    0.0000
			    0.0000    0.4444    -0.0000
			    0.0000    -0.0000    0.4444
	==================================================================================
	Q2:
		Shape: Polyhedra
		q_c:    274.5000    256.0000    230.0000
		ub :    276.8351    258.3225    232.4804
		lb :    272.1649    253.6775    227.5196
		A:
			    -0.1258    0.9266    0.3544
			    0.0158    0.5682    0.8228
			    -0.4153    -0.8950    0.1630
			    0.7381    -0.4635    0.4904
			    -0.8997    0.1861    -0.3949
			    0.4757    0.7824    -0.4020
			    0.8170    0.3959    0.4192
			    -0.5414    0.2768    0.7939
			    0.1983    -0.8756    0.4405
			    -0.8170    -0.3959    -0.4192
			    0.5414    -0.2768    -0.7939
			    -0.1983    0.8756    -0.4405
		b:
			    285.6782
			    340.5302
			    -304.1155
			    198.2343
			    -288.6439
			    239.9185
			    423.5418
			    106.3246
			    -66.9015
			    -420.5418
			    -103.3246
			    69.9015
	==================================================================================
	Q3:
		Shape: Polyhedra
		q_c:    271.5000    258.0000    230.0000
		ub :    273.6730    260.1540    232.2973
		lb :    269.3270    255.8460    227.7027
		A:
			    -0.7036    0.2288    -0.6727
			    -0.7578    0.2483    0.6034
			    0.1756    -0.8984    0.4025
			    -0.1673    -0.4002    -0.9010
			    0.2122    0.1882    0.9589
			    0.4859    0.5422    0.6855
			    0.9304    0.1490    0.3348
			    -0.2616    -0.3700    0.8915
			    0.2567    -0.9170    -0.3053
			    -0.9304    -0.1490    -0.3348
			    0.2616    0.3700    -0.8915
			    -0.2567    0.9170    0.3053
		b:
			    -285.2468
			    -1.3932
			    -90.0484
			    -354.4030
			    328.2316
			    430.9752
			    369.5646
			    40.0718
			    -235.6011
			    -366.5646
			    -37.0718
			    238.6011
	==================================================================================
	Q4:
		Shape: Polyhedra
		q_c:    272.0000    255.5000    232.5000
		ub :    274.9673    257.9227    235.3627
		lb :    269.0327    253.0773    229.6373
		A:
			    -0.1752    0.4830    -0.8579
			    -0.0311    0.9755    -0.2178
			    0.2784    -0.6208    -0.7329
			    0.4927    0.7447    0.4502
			    -0.9614    -0.2692    0.0564
			    0.3331    -0.9199    0.2070
			    0.6404    0.3097    0.7028
			    -0.7394    0.4961    0.4552
			    -0.2077    -0.8112    0.5467
			    -0.6404    -0.3097    -0.7028
			    0.7394    -0.4961    -0.4552
			    0.2077    0.8112    -0.5467
		b:
			    -122.2993
			    191.3932
			    -251.2897
			    430.7871
			    -315.3426
			    -94.8152
			    418.7283
			    33.4456
			    -135.6352
			    -414.7283
			    -29.4456
			    137.6352
	==================================================================================
	Q5:
		Shape: Ellipse
		q_c:    270.0000    261.5000    236.0000
		ub :    272.5020    264.8283    239.4382
		lb :    267.4980    258.1717    232.5618
		P^-1: 
			    0.2477    0.0105    -0.0096
			    0.0105    0.2023    0.0437
			    -0.0096    0.0437    0.2100
	==================================================================================
	Q6:
		Shape: Polyhedra
		q_c:    268.0000    257.0000    231.5000
		ub :    269.9526    259.4877    233.0652
		lb :    266.0474    254.5123    229.9348
		A:
			    0.9275    0.2417    0.2851
			    0.8705    -0.1508    0.4686
			    0.5429    0.1374    0.8285
			    -0.4582    -0.5600    -0.6902
			    0.4840    -0.3115    -0.8177
			    -0.0546    -0.6995    -0.7125
			    0.0568    0.2920    0.9547
			    -0.9745    0.2241    -0.0106
			    -0.2170    -0.9298    0.2973
			    -0.0568    -0.2920    -0.9547
			    0.9745    -0.2241    0.0106
			    0.2170    0.9298    -0.2973
		b:
			    378.2097
			    304.4063
			    373.7625
			    -425.2333
			    -138.4710
			    -358.0947
			    312.2935
			    -204.5202
			    -226.2921
			    -310.2935
			    207.5202
			    230.2921


===========================================================================================
===========================================================================================
S10:
	q_c:    277.5000    127.5000    290.5000
	ub :    295.0000    136.0000    306.0000
	lb :    260.0000    119.0000    275.0000

	==================================================================================
	Q1:
		Shape: Hybrid
		q_c:    284.0000    136.0000    287.5000
		ub :    290.3016    142.3250    294.9618
		lb :    277.6984    129.6750    280.0382
		P^-1: 
			    0.0664    -0.0032    -0.0223
			    -0.0032    0.0399    0.0004
			    -0.0223    0.0004    0.0484
		A:
			    0.6950    0.0546    -0.7170
			    -0.0102    0.9622    -0.2721
			    0.9643    0.0265    -0.2636
			    0.7996    -0.5732    0.1790
			    0.9227    -0.3724    0.0994
			    -0.5609    -0.0503    -0.8264
		b:
			    0.5328
			    52.9831
			    203.7157
			    203.4980
			    242.6481
			    -399.9772
	==================================================================================
	Q2:
		Shape: Polyhedra
		q_c:    282.0000    129.0000    289.5000
		ub :    287.6678    135.3872    295.1300
		lb :    276.3322    122.6128    283.8700
		A:
			    0.7812    0.5270    0.3347
			    0.1801    -0.7732    0.6081
			    0.3251    0.0765    -0.9426
			    0.1231    0.9803    -0.1546
			    0.5876    0.5695    0.5747
			    0.7264    0.1595    -0.6685
			    0.8476    0.4172    0.3279
			    -0.0200    -0.5924    0.8054
			    0.5302    -0.6892    -0.4938
			    -0.8476    -0.4172    -0.3279
			    0.0200    0.5924    -0.8054
			    -0.5302    0.6892    0.4938
		b:
			    388.6913
			    129.9718
			    -167.7547
			    119.9892
			    409.2911
			    35.7042
			    391.2652
			    153.6061
			    -77.3428
			    -384.2652
			    -148.6061
			    87.3428
	==================================================================================
	Q3:
		Shape: Hybrid
		q_c:    275.0000    132.5000    297.5000
		ub :    281.8214    138.5601    302.5950
		lb :    268.1786    126.4399    292.4050
		P^-1: 
			    0.0503    -0.0299    -0.0125
			    -0.0299    0.0965    -0.0061
			    -0.0125    -0.0061    0.1085
		A:
			    0.1423    -0.9023    0.4070
			    0.3626    -0.9293    0.0700
			    0.6321    -0.5940    -0.4976
			    -0.6716    0.2909    0.6814
			    0.0634    0.0919    0.9937
			    0.8263    0.3874    -0.4088
		b:
			    42.2728
			    -1.0644
