3D_50_13_6_c                l = 3

===========================================================================================
===========================================================================================
S1:
	q_c:	226.5	155.0	14.5
	ub :	246.6854	179.9322	39.4519
	lb :	210.5653	135.6451	-5.334

	==================================================================================
	Q1:
		Shape: Ellipse
		q_c:	221.5	168.0	30.0
		ub :	229.914	175.6395	36.9255
		lb :	213.086	160.3605	23.0745
		P^-1:
			0.0438	0.022	-0.0371
			0.022	0.058	-0.051
			-0.0371	-0.051	0.1138
	==================================================================================
	Q2:
		Shape: Polyhedra
		q_c:	232.5	156.0	29.5
		ub :	242.4136	167.269	39.4519
		lb :	222.5864	144.731	19.5481
		A:
			-0.9375	-0.3315	0.1061
			0.2288	0.7546	0.615
			0.9527	0.3021	0.0339
			-0.601	-0.7985	0.0355
			0.7761	0.6275	-0.0621
			0.7002	0.5784	-0.4186
			0.0929	0.4269	0.8995
			-0.7451	0.629	-0.2216
			-0.6604	-0.6497	0.3766
			-0.0929	-0.4269	-0.8995
			0.7451	-0.629	0.2216
			0.6604	0.6497	-0.3766
		b:
			-260.7271
			195.7923
			275.7363
			-257.9179
			281.8036
			245.69
			121.7392
			-73.6524
			-238.7833
			-107.7392
			89.6524
			248.7833
	==================================================================================
	Q3:
		Shape: Hybrid
		q_c:	219.5	144.0	4.0
		ub :	228.4347	152.3549	13.334
		lb :	210.5653	135.6451	-5.334
		P^-1:
			0.0569	-0.0442	0.0237
			-0.0442	0.0825	-0.059
			0.0237	-0.059	0.0729
		A:
			0.5428	-0.4304	0.7212
			-0.6788	0.2516	0.6898
			0.4723	-0.5328	0.7022
			0.4413	-0.6862	0.5783
			0.0559	0.5089	-0.859
			0.5498	-0.8327	0.0661
		b:
			62.4604
			-105.9049
			31.5263
			1.6068
			84.381
			3.9731
	==================================================================================
	Q4:
		Shape: Ellipse
		q_c:	224.0	171.5	24.5
		ub :	233.7697	179.9322	34.028
		lb :	214.2303	163.0678	14.972
		P^-1:
			0.0188	-0.0029	0.0062
			-0.0029	0.0427	0.0092
			0.0062	0.0092	0.0366
	==================================================================================
	Q5:
		Shape: Hybrid
		q_c:	227.0	154.5	23.5
		ub :	236.9552	164.548	28.3164
		lb :	217.0448	144.452	18.6836
		P^-1:
			0.0256	0.0099	-0.0067
			0.0099	0.0256	-0.0084
			-0.0067	-0.0084	0.0791
		A:
			-0.0928	-0.9634	0.2516
			0.0736	-0.2954	-0.9525
			0.9794	0.0993	0.1756
			-0.0284	0.379	-0.925
			-0.0763	0.4691	0.8798
			-0.8236	-0.2073	-0.528
		b:
			-159.4198
			-48.7402
			246.5969
			32.6235
			79.0513
			-227.3239
	==================================================================================
	Q6:
		Shape: Hybrid
		q_c:	238.0	158.5	13.5
		ub :	246.6854	164.9308	22.0921
		lb :	229.3146	152.0692	4.9079
		P^-1:
			0.0385	-0.0285	-0.0128
			-0.0285	0.0921	0.0187
			-0.0128	0.0187	0.0373
		A:
			-0.3322	0.161	-0.9294
			-0.2606	0.4561	0.8509
			0.5843	-0.2227	0.7804
			-0.1872	0.9169	-0.3524
			-0.5796	0.6761	0.455
			-0.7017	0.677	-0.2222
		b:
			-61.5666
			24.6641
			118.9384
			98.7343
			-22.7885
			-59.6932


===========================================================================================
===========================================================================================
S2:
	q_c:	329.5	258.0	460.5
	ub :	358.3773	287.819	493.0895
	lb :	300.8987	222.4492	437.2655

	==================================================================================
	Q1:
		Shape: Ellipse
		q_c:	323.0	273.5	456.5
		ub :	332.4773	287.819	466.6563
		lb :	313.5227	259.181	446.3437
		P^-1:
			0.0859	0.0009	-0.063
			0.0009	0.0177	-0.0246
			-0.063	-0.0246	0.1019
	==================================================================================
	Q2:
		Shape: Polyhedra
		q_c:	345.5	237.5	463.0
		ub :	358.3773	252.5508	479.1557
		lb :	332.6227	222.4492	446.8443
		A:
			0.5785	0.496	-0.6476
			-0.437	-0.3612	0.8237
			0.1203	0.7134	-0.6903
			0.1524	0.3466	-0.9255
			0.8859	0.3421	-0.3133
			0.9261	-0.0381	-0.3753
			0.441	0.6273	0.6418
			0.8678	-0.1154	-0.4834
			-0.2292	0.7701	-0.5953
			-0.441	-0.6273	-0.6418
			-0.8678	0.1154	0.4834
			0.2292	-0.7701	0.5953
		b:
			24.1359
			150.777
			-102.2101
			-286.039
			250.2187
			143.0
			613.5344
			54.0766
			-165.3789
			-583.5344
			-43.0766
			178.3789
	==================================================================================
	Q3:
		Shape: Hybrid
		q_c:	347.5	234.5	466.5
		ub :	355.2832	244.916	477.5976
		lb :	339.7168	224.084	455.4024
		P^-1:
			0.0376	0.0006	0.0068
			0.0006	0.016	0.001
			0.0068	0.001	0.0198
		A:
			-0.7503	0.5231	0.4043
			0.1264	0.7695	0.6259
			0.9299	0.0421	-0.3653
			0.9959	0.0702	0.0571
			0.7475	-0.6592	0.0815
			-0.8124	0.2785	0.5123
		b:
			54.8934
			521.2714
			166.3283
			391.904
			147.2587
			26.2201
	==================================================================================
	Q4:
		Shape: Hybrid
		q_c:	316.0	250.5	479.5
		ub :	331.1013	266.3161	493.0895
		lb :	300.8987	234.6839	465.9105
		P^-1:
			0.0158	-0.0046	0.0021
			-0.0046	0.0081	-0.0032
			0.0021	-0.0032	0.0159
		A:
			0.7128	-0.6966	0.0819
			-0.7812	-0.4677	0.4135
			0.0051	0.0758	0.9971
			0.7886	-0.5698	0.2311
			0.5587	0.1871	0.808
			0.8774	-0.3042	-0.3711
		b:
			94.9053
			-158.5284
			503.767
			221.2822
			616.8411
			27.7731
	==================================================================================
	Q5:
		Shape: Ellipse
		q_c:	326.0	272.5	468.0
		ub :	344.3765	286.9695	485.0113
		lb :	307.6235	258.0305	450.9887
		P^-1:
			0.0086	0.0028	0.0001
			0.0028	0.0116	-0.002
			0.0001	-0.002	0.0091
	==================================================================================
	Q6:
		Shape: Ellipse
		q_c:	336.5	253.5	451.0
		ub :	351.2423	267.5459	464.7345
		lb :	321.7577	239.4541	437.2655
		P^-1:
			0.0144	0.0012	-0.0028
			0.0012	0.0117	-0.0004
			-0.0028	-0.0004	0.0151


===========================================================================================
===========================================================================================
S3:
	q_c:	179.0	216.5	237.0
	ub :	186.2224	226.2282	248.004
	lb :	169.1377	208.77	233.1343

	==================================================================================
	Q1:
		Shape: Hybrid
		q_c:	174.5	216.5	242.0
		ub :	179.0931	221.234	246.2371
		lb :	169.9069	211.766	237.7629
		P^-1:
			0.1196	0.007	0.0172
			0.007	0.1168	0.0141
			0.0172	0.0141	0.1458
		A:
			0.9737	-0.0658	-0.2182
			0.1657	0.9485	-0.27
			-0.9218	-0.3232	-0.214
			0.5937	0.1076	0.7975
			-0.0015	0.6185	-0.7858
			-0.0245	0.9034	-0.4282
		b:
			104.5898
			170.6516
			-281.0766
			321.1837
			-54.866
			89.4368
	==================================================================================
	Q2:
		Shape: Hybrid
		q_c:	178.5	213.0	237.5
		ub :	182.2242	216.7815	240.7164
		lb :	174.7758	209.2185	234.2836
		P^-1:
			0.2592	0.1547	0.0946
			0.1547	0.3152	-0.079
			0.0946	-0.079	0.3962
		A:
			0.3787	0.2622	-0.8876
			0.0443	-0.0843	0.9955
			-0.3068	0.2627	0.9148
			0.4412	0.8963	0.0451
			0.0623	0.3196	-0.9455
			0.454	0.8467	-0.2775
		b:
			-86.0795
			227.3715
			220.4126
			281.3066
			-144.4766
			196.2451
	==================================================================================
	Q3:
		Shape: Hybrid
		q_c:	183.0	215.0	240.5
		ub :	186.2224	218.3956	243.7247
		lb :	179.7776	211.6044	237.2753
		P^-1:
			0.3409	-0.1197	0.0226
			-0.1197	0.3053	0.0398
			0.0226	0.0398	0.2083
		A:
			-0.0181	0.1017	-0.9947
			0.6032	0.4619	-0.6503
			0.8081	0.2873	0.5142
			-0.0579	0.997	-0.0519
			0.1028	0.986	0.1312
			0.0822	-0.3439	-0.9354
		b:
			-219.1363
			55.0147
			334.5196
			192.5031
			263.6081
			-282.5325
	==================================================================================
	Q4:
		Shape: Polyhedra
		q_c:	174.0	215.5	238.0
		ub :	178.8623	219.6686	242.8657
		lb :	169.1377	211.3314	233.1343
		A:
			-0.9604	0.2127	-0.1798
			-0.1716	-0.9799	0.1018
			0.6883	0.4474	0.5711
			-0.9126	0.4079	0.028
			-0.8301	0.5194	0.2028
			-0.6175	-0.7866	0.0021
			0.69	0.5744	0.4404
			0.5755	-0.8044	0.1475
			0.439	0.1517	-0.8856
			-0.69	-0.5744	-0.4404
			-0.5755	0.8044	-0.1475
			-0.439	-0.1517	0.8856
		b:
			-161.3599
			-214.0419
			354.16
			-61.1973
			18.9715
			-273.9614
			350.6563
			-35.1148
			-97.7166
			-346.6563
			41.1148
			105.7166
	==================================================================================
	Q5:
		Shape: Polyhedra
		q_c:	181.5	222.0	244.0
		ub :	183.6162	226.2282	248.004
		lb :	179.3838	217.7718	239.996
		A:
			-0.6187	-0.4132	-0.6683
			-0.941	-0.3317	-0.0671
			-0.2046	0.6644	0.7188
			-0.5896	-0.3382	-0.7335
			-0.9774	-0.0759	-0.1975
			-0.5308	-0.5737	-0.6238
			0.9507	0.205	0.2328
			0.0203	-0.7901	0.6126
			0.3095	-0.5777	-0.7553
			-0.9507	-0.205	-0.2328
			-0.0203	0.7901	-0.6126
			-0.3095	0.5777	0.7553
		b:
			-365.3655
			-259.1513
			287.756
			-359.2724
			-240.9062
			-374.1768
			276.3597
			-18.7309
			-254.3595
			-273.3597
			25.7309
			258.3595
	==================================================================================
	Q6:
		Shape: Ellipse
		q_c:	176.5	213.0	237.5
		ub :	179.9134	217.23	241.821
		lb :	173.0866	208.77	233.179
		P^-1:
			0.3562	-0.1397	0.0156
			-0.1397	0.2229	0.0334
			0.0156	0.0334	0.1069


===========================================================================================
===========================================================================================
S4:
	q_c:	254.0	438.0	254.5
	ub :	267.9272	451.3321	269.9959
	lb :	236.8725	424.6817	244.4864

	==================================================================================
	Q1:
		Shape: Ellipse
		q_c:	246.5	443.0	266.0
		ub :	252.2221	450.506	269.9959
		lb :	240.7779	435.494	262.0041
		P^-1:
			0.1007	-0.0329	0.0062
			-0.0329	0.0399	-0.0194
			0.0062	-0.0194	0.1542
	==================================================================================
	Q2:
		Shape: Hybrid
		q_c:	249.0	445.0	251.0
		ub :	255.2219	448.9705	257.5136
		lb :	242.7781	441.0295	244.4864
		P^-1:
			0.1152	0.0628	0.0554
			0.0628	0.2055	0.0227
			0.0554	0.0227	0.0736
		A:
			0.1737	0.9464	0.2723
			0.0479	-0.6301	0.7751
			-0.4202	-0.8536	-0.3079
			-0.1244	0.9176	0.3775
			0.7184	0.6779	0.156
			0.5545	0.2146	0.804
		b:
			534.1086
			-71.1868
			-560.7175
			474.412
			521.0785
			437.3394
	==================================================================================
	Q3:
		Shape: Ellipse
		q_c:	243.0	437.0	261.0
		ub :	249.1275	444.6377	267.6855
		lb :	236.8725	429.3623	254.3145
		P^-1:
			0.0839	0.0403	0.004
			0.0403	0.0507	0.0023
			0.004	0.0023	0.028
	==================================================================================
	Q4:
		Shape: Ellipse
		q_c:	260.0	445.5	255.5
		ub :	265.9786	451.3321	259.9357
		lb :	254.0214	439.6679	251.0643
		P^-1:
			0.0758	-0.0057	0.0136
			-0.0057	0.0762	0.0115
			0.0136	0.0115	0.1033
	==================================================================================
	Q5:
		Shape: Polyhedra
		q_c:	253.5	434.0	263.5
		ub :	258.4444	439.9537	269.371
		lb :	248.5556	428.0463	257.629
		A:
			0.6829	-0.67	-0.2911
			-0.7132	-0.1413	0.6865
			0.6056	0.6043	-0.5177
			-0.5075	0.6837	0.5244
			-0.9865	-0.0591	-0.1527
			-0.8002	0.4136	0.4343
			0.3719	0.921	0.116
			0.8773	-0.3079	-0.368
			-0.3032	0.2387	-0.9225
			-0.3719	-0.921	-0.116
			-0.8773	0.3079	0.368
			0.3032	-0.2387	0.9225
		b:
			-191.7688
			-58.0925
			283.4679
			309.1738
			-312.6556
			93.1701
			529.0629
			-6.198
			-211.3725
			-520.0629
			10.198
			221.3725
	==================================================================================
	Q6:
		Shape: Ellipse
		q_c:	261.5	432.0	262.0
		ub :	267.9272	439.3183	268.8684
		lb :	255.0728	424.6817	255.1316
		P^-1:
			0.0494	0.0004	-0.0007
			0.0004	0.0536	-0.0061
			-0.0007	-0.0061	0.0583


===========================================================================================
===========================================================================================
S5:
	q_c:	51.0	224.5	365.0
	ub :	70.2259	245.5809	388.9294
	lb :	30.1783	199.4325	339.5637

	==================================================================================
	Q1:
		Shape: Ellipse
		q_c:	47.5	209.0	368.5
		ub :	57.8029	218.5675	376.7605
		lb :	37.1971	199.4325	360.2395
		P^-1:
			0.0291	0.0021	0.0117
			0.0021	0.0321	-0.009
			0.0117	-0.009	0.0391
	==================================================================================
	Q2:
		Shape: Ellipse
		q_c:	52.5	232.0	354.0
		ub :	63.8733	243.4584	364.9428
		lb :	41.1267	220.5416	343.0572
		P^-1:
			0.0213	0.0021	-0.0014
			0.0021	0.0218	0.0019
			-0.0014	0.0019	0.0148
	==================================================================================
	Q3:
		Shape: Hybrid
		q_c:	61.5	229.0	356.5
		ub :	70.2259	240.6636	368.7416
		lb :	52.7741	217.3364	344.2584
		P^-1:
			0.0138	0.0001	0.0
			0.0001	0.0155	0.0032
			0.0	0.0032	0.0133
		A:
			0.3896	0.5999	-0.6989
			0.0544	-0.9045	0.4231
			-0.0628	-0.9079	-0.4144
			-0.8759	0.4079	-0.2579
			0.6316	-0.7526	-0.1862
			-0.7416	0.1736	-0.648
		b:
			-82.2408
			-47.6426
			-355.6908
			-47.4577
			-195.5334
			-231.7478
	==================================================================================
	Q4:
		Shape: Ellipse
		q_c:	49.0	234.5	348.5
		ub :	59.3954	245.5809	357.4363
		lb :	38.6046	223.4191	339.5637
		P^-1:
			0.0358	-0.0163	-0.007
			-0.0163	0.0237	0.0048
			-0.007	0.0048	0.0179
	==================================================================================
	Q5:
		Shape: Hybrid
		q_c:	41.5	214.5	378.0
		ub :	52.8217	225.26	388.9294
		lb :	30.1783	203.74	367.0706
		P^-1:
			0.0243	0.0032	-0.0032
			0.0032	0.018	0.0019
			-0.0032	0.0019	0.0248
		A:
			0.6166	0.0459	-0.786
			-0.5145	-0.8575	-0.0034
			-0.2366	0.8876	-0.3951
			0.6342	-0.6636	-0.3968
			-0.0834	0.8321	-0.5483
			0.3936	0.0824	0.9156
		b:
			-258.6462
			-202.7395
			36.1546
			-261.9156
			-27.5246
			383.7947
	==================================================================================
	Q6:
		Shape: Hybrid
		q_c:	41.0	219.0	370.5
		ub :	45.4182	223.1221	374.8094
		lb :	36.5818	214.8779	366.1906
		P^-1:
			1.5594	-1.6223	-1.036
			-1.6223	1.8266	1.0455
			-1.036	1.0455	0.8141
		A:
			0.6764	-0.6026	-0.4236
			-0.6692	0.6981	0.2544
			-0.6428	0.6473	0.4098
			0.4846	-0.5346	-0.6924
			0.7582	-0.5271	-0.3837
			-0.1803	0.9735	-0.1405
		b:
			-260.7853
			220.2279
			267.4895
			-352.8066
			-225.72
			155.6317


===========================================================================================
===========================================================================================
S6:
	q_c:	106.5	503.0	336.0
	ub :	109.6669	515.8491	351.2824
	lb :	95.3331	489.3785	327.9945

	==================================================================================
	Q1:
		Shape: Hybrid
		q_c:	101.0	509.5	339.0
		ub :	106.3517	515.0195	344.3918
		lb :	95.6483	503.9805	333.6082
		P^-1:
			0.0657	-0.0072	0.0003
			-0.0072	0.0777	-0.0045
			0.0003	-0.0045	0.0502
		A:
			0.956	0.2931	-0.0128
			0.8324	0.1428	0.5354
			-0.7317	0.3534	-0.5829
			-0.4515	0.8784	0.1565
			-0.8414	0.405	-0.358
			-0.7919	0.554	0.2567
		b:
			243.7915
			340.7404
			-89.2692
			456.8401
			2.033
			291.3
	==================================================================================
	Q2:
		Shape: Hybrid
		q_c:	103.0	511.5	332.0
		ub :	106.911	515.8491	336.0055
		lb :	99.089	507.1509	327.9945
		P^-1:
			0.3119	0.0562	0.1661
			0.0562	0.0753	0.0395
			0.1661	0.0395	0.2013
		A:
			-0.7535	-0.6572	0.0169
			0.3169	0.8838	0.3441
			0.7612	0.4035	0.5077
			0.5728	0.4066	0.7118
			-0.9389	-0.3299	-0.0979
			-0.961	0.2094	-0.1807
		b:
			-406.0808
			601.4973
			454.3477
			504.4353
			-296.5069
			-50.1873
	==================================================================================
	Q3:
		Shape: Ellipse
		q_c:	102.5	503.5	338.5
		ub :	109.6669	509.9411	346.105
		lb :	95.3331	497.0589	330.895
		P^-1:
			0.061	0.0253	0.0263
			0.0253	0.0727	0.0178
			0.0263	0.0178	0.0599
	==================================================================================
	Q4:
		Shape: Polyhedra
		q_c:	99.0	508.0	344.5
		ub :	101.4257	511.9276	347.6542
		lb :	96.5743	504.0724	341.3458
		A:
			0.3892	0.1999	-0.8992
			-0.3636	0.8643	0.3474
			0.3627	0.3076	0.8797
			-0.1833	0.4753	0.8605
			0.6033	-0.1756	-0.7779
			0.9887	0.0652	0.1349
			0.8511	0.0833	0.5183
			-0.5242	0.189	0.8304
			-0.0288	-0.9784	0.2046
			-0.8511	-0.0833	-0.5183
			0.5242	-0.189	-0.8304
			0.0288	0.9784	-0.2046
		b:
			-167.4111
			525.7468
			496.977
			521.8714
			-295.5038
			179.0701
			306.6498
			332.1952
			-425.9182
			-303.6498
			-328.1952
			432.9182
	==================================================================================
	Q5:
		Shape: Hybrid
		q_c:	99.5	497.5	333.0
		ub :	102.9174	500.8938	336.2448
		lb :	96.0826	494.1062	329.7552
		P^-1:
			0.1804	0.0273	0.026
			0.0273	0.2393	-0.0102
			0.026	-0.0102	0.2403
		A:
			-0.4471	-0.2242	-0.8659
			-0.8384	0.1576	-0.5218
			-0.0361	0.9928	-0.1141
			0.2242	-0.8791	0.4205
			-0.0669	-0.8983	0.4343
			0.5664	0.4512	0.6896
		b:
			-443.3674
			-177.5742
			453.4014
			-273.9534
			-307.8946
			511.4831
	==================================================================================
	Q6:
		Shape: Ellipse
		q_c:	100.0	496.0	345.0
		ub :	104.5523	502.6215	351.2824
		lb :	95.4477	489.3785	338.7176
		P^-1:
			0.1063	-0.0146	0.0033
			-0.0146	0.0606	-0.0078
			0.0033	-0.0078	0.0561


===========================================================================================
===========================================================================================
S7:
	q_c:	132.5	108.5	302.0
	ub :	154.5845	121.8262	321.9734
	lb :	114.3584	89.1898	284.3676

	==================================================================================
	Q1:
		Shape: Polyhedra
		q_c:	146.5	108.0	303.0
		ub :	154.5845	114.7695	311.8752
		lb :	138.4155	101.2305	294.1248
		A:
			-0.368	0.8805	-0.2989
			-0.1683	-0.9794	0.1119
			0.5543	-0.6626	0.5037
			0.013	-0.6421	0.7665
			-0.936	0.1737	0.306
			-0.943	-0.1104	0.3139
			0.5549	0.6584	0.5085
			0.6309	-0.7315	0.2587
			0.5423	0.1772	-0.8213
			-0.5549	-0.6584	-0.5085
			-0.6309	0.7315	-0.2587
			-0.5423	-0.1772	0.8213
		b:
			-46.9578
			-91.1869
			164.4597
			169.3373
			-20.8476
			-49.2758
			313.4742
			93.3217
			-144.2584
			-299.4742
			-90.3217
			156.2584
	==================================================================================
	Q2:
		Shape: Hybrid
		q_c:	147.5	97.0	290.0
		ub :	152.1576	102.5122	295.6324
		lb :	142.8424	91.4878	284.3676
		P^-1:
			0.1041	-0.0062	0.0186
			-0.0062	0.0407	-0.0027
			0.0186	-0.0027	0.0557
		A:
			0.1371	0.9577	-0.2531
			0.9473	0.2911	-0.1336
			-0.4386	0.1542	-0.8854
			-0.324	0.9456	0.0291
			0.2593	-0.7327	-0.6292
			-0.8405	-0.4955	-0.2192
		b:
			43.1529
			131.3446
			-304.1753
			55.6266
			-212.0119
			-233.3273
	==================================================================================
	Q3:
		Shape: Ellipse
		q_c:	127.0	98.5	304.0
		ub :	136.1484	107.8102	312.4407
		lb :	117.8516	89.1898	295.5593
		P^-1:
			0.0396	0.0114	-0.0047
			0.0114	0.0357	0.0076
			-0.0047	0.0076	0.0345
	==================================================================================
	Q4:
		Shape: Hybrid
		q_c:	136.0	113.5	309.0
		ub :	145.1578	121.8262	319.0685
		lb :	126.8422	105.1738	298.9315
		P^-1:
			0.0486	0.0127	0.0206
			0.0127	0.057	0.0204
			0.0206	0.0204	0.0283
		A:
			-0.9421	-0.2725	-0.1955
			0.5905	-0.6694	0.4509
			-0.5595	0.6938	0.4534
			-0.7418	0.5322	-0.408
			-0.6032	-0.7535	-0.2613
			-0.206	0.3659	0.9076
		b:
			-216.6205
			147.5519
			146.7475
			-163.13
			-246.097
			299.56
	==================================================================================
	Q5:
		Shape: Polyhedra
		q_c:	122.5	111.0	293.0
		ub :	130.6416	117.7815	299.4562
		lb :	114.3584	104.2185	286.5438
		A:
			-0.3309	-0.1153	0.9366
			0.064	0.5719	-0.8178
			-0.3804	0.3829	-0.8418
			0.3456	0.7135	-0.6095
			0.6291	-0.7541	-0.1888
			-0.1255	0.9869	0.1012
			0.8537	0.3979	0.3359
			0.2105	-0.8537	0.4764
			0.4763	-0.336	-0.8125
			-0.8537	-0.3979	-0.3359
			-0.2105	0.8537	-0.4764
			-0.4763	0.336	0.8125
		b:
			224.2086
			-164.9338
			-246.3541
			-52.953
			-58.5311
			127.7414
			254.1625
			74.1202
			-214.0247
			-240.1625
			-67.1202
			220.0247
	==================================================================================
	Q6:
		Shape: Polyhedra
		q_c:	131.0	106.5	316.0
		ub :	138.9782	114.7826	321.9734
		lb :	123.0218	98.2174	310.0266
		A:
			0.3299	0.2165	0.9188
			0.563	-0.1838	0.8058
			0.6558	0.0636	0.7522
			-0.2699	0.267	-0.9251
			0.5895	0.6427	0.4893
			0.3294	0.8425	0.4262
			0.3821	0.2241	0.8966
			-0.8759	0.3971	0.274
			-0.2946	-0.89	0.348
			-0.3821	-0.2241	-0.8966
			0.8759	-0.3971	-0.274
			0.2946	0.89	-0.348
		b:
			359.1514
			312.2711
			333.514
			-295.6047
			304.3673
			272.1949
			359.7263
			20.137
			-17.4257
			-354.7263
			-8.137
			29.4257


===========================================================================================
===========================================================================================
S8:
	q_c:	527.5	280.0	185.0
	ub :	550.0737	308.6687	208.4669
	lb :	498.7955	256.5474	162.9072

	==================================================================================
	Q1:
		Shape: Polyhedra
		q_c:	522.5	273.0	168.0
		ub :	534.3011	282.9575	173.0928
		lb :	510.6989	263.0425	162.9072
		A:
			0.077	-0.035	0.9964
			-0.0353	0.0777	0.9964
			-0.3141	-0.2348	0.9199
			-0.7021	-0.6665	0.2506
			-0.0205	0.5971	-0.8019
			-0.1471	0.1006	0.984
			0.3517	0.8757	0.3308
			0.1506	0.2959	-0.9433
			-0.9239	0.3816	-0.0278
			-0.3517	-0.8757	-0.3308
			-0.1506	-0.2959	0.9433
			0.9239	-0.3816	0.0278
		b:
			201.7016
			173.7602
			-70.2387
			-500.548
			21.7033
			119.7192
			484.4076
			3.984
			-373.255
			-472.4076
			2.016
			393.255
	==================================================================================
	Q2:
		Shape: Hybrid
		q_c:	532.5	300.5	188.0
		ub :	541.8962	308.6687	197.817
		lb :	523.1038	292.3313	178.183
		P^-1:
			0.0379	0.0255	0.0217
			0.0255	0.0556	0.0396
			0.0217	0.0396	0.057
		A:
			0.8052	0.3455	0.4819
			-0.2285	-0.545	-0.8067
			-0.3725	-0.442	-0.816
			-0.0217	-0.6344	-0.7727
			0.2608	0.2524	0.9318
			0.7138	0.3337	0.6158
		b:
			626.0616
			-435.1866
			-482.5045
			-345.1656
			392.967
			598.7776
	==================================================================================
	Q3:
		Shape: Polyhedra
		q_c:	541.0	268.5	177.0
		ub :	550.0737	280.4526	185.7192
		lb :	531.9263	256.5474	168.2808
		A:
			-0.3854	0.6256	0.6783
			-0.5007	0.851	-0.1588
			-0.8139	0.576	-0.0769
			0.1731	0.6202	0.7651
			0.7988	-0.0542	-0.5992
			0.6471	-0.7418	-0.1758
			0.0484	0.984	0.1717
			0.9988	-0.0496	0.0024
			0.0108	0.1714	-0.9851
			-0.0484	-0.984	-0.1717
			-0.9988	0.0496	-0.0024
			-0.0108	-0.1714	0.9851
		b:
			88.6992
			-60.8052
			-290.2179
			404.7618
			319.5746
			129.4048
			331.2802
			535.9462
			-115.4861
			-310.2802
			-518.9462
			129.4861
	==================================================================================
	Q4:
		Shape: Hybrid
		q_c:	534.5	289.5	187.5
		ub :	547.1439	293.7986	199.8347
		lb :	521.8561	285.2014	175.1653
		P^-1:
			0.3685	-1.1082	0.2625
			-1.1082	3.4472	-0.8198
			0.2625	-0.8198	0.2082
		A:
			-0.5108	0.8488	-0.1363
			-0.1796	0.9443	-0.2756
			-0.0008	-0.9442	0.3295
			0.1495	-0.3453	-0.9265
			0.3151	-0.9293	0.1926
			-0.2718	0.9345	-0.2298
		b:
			-50.8629
			126.749
			-209.3593
			-185.2193
			-64.1986
			82.5185
	==================================================================================
	Q5:
		Shape: Polyhedra
		q_c:	520.0	292.5	201.0
		ub :	527.9366	299.9992	208.4669
		lb :	512.0634	285.0008	193.5331
		A:
			0.7932	0.0867	0.6027
			-0.4597	-0.7176	-0.5232
			-0.4407	0.1794	-0.8796
			0.5843	-0.2456	0.7735
			0.4186	-0.1911	0.8878
			0.5584	0.8233	-0.1015
			0.6445	0.2692	0.7156
			-0.7392	0.4584	0.4933
			-0.1953	-0.847	0.4945
			-0.6445	-0.2692	-0.7156
			0.7392	-0.4584	-0.4933
			0.1953	0.847	-0.4945
		b:
			562.049
			-550.755
			-350.486
			390.6086
			343.2286
			514.5266
			560.2357
			-143.6588
			-245.8784
			-555.2357
			158.6588
			253.8784
	==================================================================================
	Q6:
		Shape: Polyhedra
		q_c:	509.5	286.5	196.0
		ub :	520.2045	296.4385	206.3442
		lb :	498.7955	276.5615	185.6558
		A:
			0.5589	0.6988	0.4465
			0.7713	-0.086	0.6306
			0.2497	-0.2503	-0.9354
			-0.6218	0.7684	-0.1515
			-0.6586	0.4947	-0.567
			-0.8663	-0.0643	-0.4954
			0.2822	0.6123	0.7385
			-0.7206	0.6435	-0.2582
			-0.6333	-0.4594	0.6228
			-0.2822	-0.6123	-0.7385
			0.7206	-0.6435	0.2582
			0.6333	0.4594	-0.6228
		b:
			577.8831
			496.2879
			-120.8572
			-121.8167
			-300.292
			-551.9539
			467.9588
			-228.9085
			-322.1915
			-459.9588
			237.9085
			342.1915


===========================================================================================
===========================================================================================
S9:
	q_c:	500.5	38.0	26.5
	ub :	512.4476	52.7096	41.7565
	lb :	484.7313	24.0179	13.6504

	==================================================================================
	Q1:
		Shape: Polyhedra
		q_c:	492.0	46.0	35.5
		ub :	499.2687	52.7096	41.7565
		lb :	484.7313	39.2904	29.2435
		A:
			-0.8752	0.4761	-0.0851
			0.7824	0.1083	0.6132
			0.9156	-0.3422	0.2113
			0.591	0.6857	0.4248
			0.831	-0.4221	-0.3623
			-0.4225	0.6245	0.6569
			0.4325	0.25	0.8663
			-0.6433	-0.5877	0.4908
			0.6318	-0.7695	-0.0933
			-0.4325	-0.25	-0.8663
			0.6433	0.5877	-0.4908
			-0.6318	0.7695	0.0933
		b:
			-408.4329
			415.3904
			445.671
			341.8853
			380.4322
			-152.4427
			258.5332
			-320.1017
			275.1323
			-251.5332
			332.1017
			-269.1323
	==================================================================================
	Q2:
		Shape: Hybrid
		q_c:	496.0	38.5	24.0
		ub :	501.1477	43.8174	28.1965
		lb :	490.8523	33.1826	19.8035
		P^-1:
			0.1369	-0.0439	-0.0097
			-0.0439	0.0766	-0.0185
			-0.0097	-0.0185	0.1559
		A:
			-0.2813	-0.1793	0.9427
			0.5719	-0.7271	0.3798
			-0.8479	0.3321	-0.4132
			-0.0214	-0.402	0.9154
			0.4012	0.4572	-0.7937
			0.8444	0.0984	-0.5266
		b:
			-122.5365
			266.2782
			-416.3502
			-2.7923
			199.2524
			411.5639
	==================================================================================
	Q3:
		Shape: Hybrid
		q_c:	496.5	34.5	31.5
		ub :	504.1595	40.9899	37.9164
		lb :	488.8405	28.0101	25.0836
		P^-1:
			0.0462	-0.0033	-0.0081
			-0.0033	0.0473	-0.0023
			-0.0081	-0.0023	0.0584
		A:
			-0.5453	-0.7151	0.4374
			-0.3942	-0.3383	0.8545
			0.9109	-0.2453	0.3318
			0.0037	-0.1594	-0.9872
			0.9354	-0.215	-0.2806
			-0.0015	-0.2426	0.9701
		b:
			-279.1469
			-178.4089
			457.0126
			-32.5022
			450.632
			23.5881
	==================================================================================
	Q4:
		Shape: Polyhedra
		q_c:	499.0	44.5	30.5
		ub :	502.6866	48.0606	34.6569
		lb :	495.3134	40.9394	26.3431
		A:
			0.0252	0.7915	0.6107
			-0.9958	0.0369	-0.0837
			0.844	-0.3328	0.4206
			0.1853	0.9164	0.3547
			0.4996	-0.7749	-0.3871
			0.7199	-0.2252	-0.6565
			0.3251	0.8003	0.5039
			0.7411	-0.5465	0.3899
			0.5874	0.2467	-0.7708
			-0.3251	-0.8003	-0.5039
			-0.7411	0.5465	-0.3899
			-0.5874	-0.2467	0.7708
		b:
			68.9126
			-495.704
			420.7563
			146.5314
			205.2785
			331.9624
			215.6912
			358.8918
			283.5925
			-210.6912
			-355.8918
			-277.5925
	==================================================================================
	Q5:
		Shape: Ellipse
		q_c:	504.5	34.0	20.5
		ub :	511.6539	39.69	27.3496
		lb :	497.3461	28.31	13.6504
		P^-1:
			0.0413	-0.0051	0.0009
			-0.0051	0.0605	-0.0038
			0.0009	-0.0038	0.0407
	==================================================================================
	Q6:
		Shape: Polyhedra
		q_c:	504.0	32.5	25.0
		ub :	512.4476	40.9821	30.8269
		lb :	495.5524	24.0179	19.1731
		A:
			0.6261	-0.4949	0.6026
			-0.6738	-0.5788	0.4593
			0.8676	0.0779	-0.4911
			0.6401	-0.7537	-0.149
			-0.1149	-0.7195	0.685
			-0.1416	0.5923	0.7932
			0.6581	0.6119	0.4387
			-0.283	-0.3388	0.8973
			0.6977	-0.7147	-0.0498
			-0.6581	-0.6119	-0.4387
			0.283	0.3388	-0.8973
			-0.6977	0.7147	0.0498
		b:
			319.5546
			-342.6062
			432.1303
			299.8808
			-60.1595
			-27.3274
			368.0398
			-127.7329
			332.6697
			-357.0398
			134.7329
			-321.6697


===========================================================================================
===========================================================================================
S10:
	q_c:	36.5	220.0	417.5
	ub :	47.1471	232.5491	431.3033
	lb :	23.7106	206.1037	405.8729

	==================================================================================
	Q1:
		Shape: Ellipse
		q_c:	36.0	222.0	420.0
		ub :	39.4608	224.3718	423.6699
		lb :	32.5392	219.6282	416.3301
		P^-1:
			0.3222	0.0192	0.1595
			0.0192	0.4414	-0.0251
			0.1595	-0.0251	0.2364
	==================================================================================
	Q2:
		Shape: Hybrid
		q_c:	31.0	221.5	413.0
		ub :	37.6196	229.1302	420.1271
		lb :	24.3804	213.8698	405.8729
		P^-1:
			0.0578	0.0027	0.0149
			0.0027	0.0404	0.0146
			0.0149	0.0146	0.0659
		A:
			0.4621	-0.8121	-0.3564
			0.1202	-0.3664	0.9227
			-0.2601	-0.0939	-0.961
			0.7451	-0.2991	0.5962
			0.7165	-0.6565	-0.2359
			0.6973	0.1163	-0.7073
		b:
			-309.8527
			306.5454
			-423.7053
			205.4549
			-217.7724
			-241.6461
	==================================================================================
	Q3:
		Shape: Polyhedra
		q_c:	43.0	214.5	426.5
		ub :	47.1471	218.3184	431.3033
		lb :	38.8529	210.6816	421.6967
		A:
			-0.391	-0.7767	-0.4938
			-0.5324	0.469	0.7047
			-0.6431	0.3209	0.6953
			-0.5359	-0.2262	-0.8134
			0.9002	-0.3599	0.2452
			0.9091	-0.1365	0.3935
			0.3222	0.2698	0.9074
			0.0753	0.9482	-0.3087
			-0.9437	0.1678	0.2852
			-0.3222	-0.2698	-0.9074
			-0.0753	-0.9482	0.3087
			0.9437	-0.1678	-0.2852
		b:
			-390.8512
			381.4159
			340.8642
			-415.0038
			69.1053
			180.8256
			462.2373
			77.449
			120.0653
			-455.2373
			-72.449
			-114.0653
	==================================================================================
	Q4:
		Shape: Polyhedra
		q_c:	38.0	224.0	416.0
		ub :	42.0398	227.5429	419.8412
		lb :	33.9602	220.4571	412.1588
		A:
			0.0147	-0.7011	0.7129
			-0.2671	-0.7707	0.5785
			-0.6541	0.5448	0.5247
			0.0208	0.9724	0.2325
			-0.5921	0.2526	-0.7653
			0.7096	0.6897	-0.1443
			0.4933	0.7333	0.468
			0.6616	0.033	-0.7491
			-0.5648	0.6791	-0.4689
			-0.4933	-0.7333	-0.468
			-0.6616	-0.033	0.7491
			0.5648	-0.6791	0.4689
		b:
			143.154
			60.5388
			317.872
			317.6184
			-281.1394
			123.1645
			379.1771
			-277.0892
			-60.8835
			-376.1771
			281.0892
			67.8835
	==================================================================================
	Q5:
		Shape: Ellipse
		q_c:	38.0	212.0	416.5
		ub :	44.068	217.8963	421.1717
		lb :	31.932	206.1037	411.8283
		P^-1:
			0.1847	0.1357	0.1297
			0.1357	0.1682	0.1274
			0.1297	0.1274	0.194
	==================================================================================
	Q6:
		Shape: Hybrid
		q_c:	29.0	226.0	414.5
		ub :	34.2894	232.5491	421.1492
		lb :	23.7106	219.4509	407.8508
		P^-1:
			0.0971	-0.0142	-0.0213
			-0.0142	0.0591	-0.0003
			-0.0213	-0.0003	0.0668
		A:
			-0.8248	0.5654	0.0019
			0.907	-0.0308	-0.4201
			0.9493	-0.2305	-0.2137
			0.1626	-0.9006	0.403
			0.7739	-0.249	0.5823
			-0.6885	0.7204	0.0832
		b:
			106.4426
			-153.211
			-111.5522
			-29.2392
			209.9735
			179.2383


===========================================================================================
===========================================================================================
S11:
	q_c:	175.5	302.0	506.0
	ub :	201.5084	325.3522	527.8432
	lb :	153.0389	284.5446	477.8267

	==================================================================================
	Q1:
		Shape: Polyhedra
		q_c:	176.0	299.5	506.5
		ub :	184.6262	308.3978	514.7219
		lb :	167.3738	290.6022	498.2781
		A:
			0.7287	-0.6635	-0.1697
			0.9414	0.2835	0.1825
			-0.5971	0.4799	-0.6428
			0.1206	0.744	-0.6572
			-0.7677	-0.1407	-0.6252
			-0.7679	-0.0386	0.6394
			0.6449	0.2065	0.7358
			-0.6723	0.6112	0.4177
			-0.3634	-0.7641	0.533
			-0.6449	-0.2065	-0.7358
			0.6723	-0.6112	-0.4177
			0.3634	0.7641	-0.533
		b:
			-150.0498
			347.5659
			-282.2438
			-83.3874
			-490.2846
			183.2537
			551.5565
			282.779
			-17.3587
			-544.5565
			-269.779
			28.3587
	==================================================================================
	Q2:
		Shape: Polyhedra
		q_c:	161.0	314.5	516.0
		ub :	166.4303	325.3522	527.8432
		lb :	155.5697	303.6478	504.1568
		A:
			0.9222	-0.3152	-0.2239
			0.861	-0.4687	-0.1977
			-0.8866	0.4615	0.0292
			-0.9828	-0.1388	-0.1214
			0.9802	0.1929	0.0446
			0.9741	0.1554	0.164
			0.0123	0.903	0.4294
			0.9769	0.0806	-0.1977
			-0.2132	0.4219	-0.8812
			-0.0123	-0.903	-0.4294
			-0.9769	-0.0806	0.1977
			0.2132	-0.4219	0.8812
		b:
			-61.7945
			-105.6733
			22.8173
			-260.2651
			245.4787
			294.8046
			515.0463
			84.1375
			-347.3447
			-500.0463
			-77.1375
			365.3447
	==================================================================================
	Q3:
		Shape: Ellipse
		q_c:	170.0	293.5	515.5
		ub :	175.9473	299.4541	519.9394
		lb :	164.0527	287.5459	511.0606
		P^-1:
			0.075	0.013	-0.0002
			0.013	0.056	0.0005
			-0.0002	0.0005	0.0816
	==================================================================================
	Q4:
		Shape: Hybrid
		q_c:	174.5	306.5	495.0
		ub :	182.38	311.5631	501.8325
		lb :	166.62	301.4369	488.1675
		P^-1:
			0.0537	0.062	-0.0046
			0.062	0.2069	-0.0626
			-0.0046	-0.0626	0.0756
		A:
			-0.1715	-0.9851	-0.0113
			-0.0529	0.8573	-0.5121
			0.4261	0.8344	-0.3497
			-0.3496	-0.9368	0.0086
			-0.9614	0.0408	-0.272
			0.2089	0.8202	-0.5325
		b:
			-335.6786
			1.5978
			158.1681
			-342.5367
			-285.6701
			25.4192
	==================================================================================
	Q5:
		Shape: Hybrid
		q_c:	162.0	306.0	509.0
		ub :	170.9611	315.5566	515.6409
		lb :	153.0389	296.4434	502.3591
		P^-1:
			0.0445	-0.0194	-0.0077
			-0.0194	0.032	0.0039
			-0.0077	0.0039	0.0438
		A:
			-0.5298	0.826	-0.1926
			0.3399	-0.2152	-0.9155
			0.9637	0.2142	0.1595
			0.5288	0.0155	-0.8486
			-0.3359	0.9166	0.2167
			0.2146	-0.1567	-0.964
		b:
			71.739
			-474.3137
			307.2077
			-338.8211
			339.7159
			-501.2767
	==================================================================================
	Q6:
		Shape: Hybrid
		q_c:	193.0	291.5	487.0
		ub :	201.5084	298.4554	496.1733
		lb :	184.4916	284.5446	477.8267
		P^-1:
			0.0604	-0.0546	0.0191
			-0.0546	0.113	-0.0345
			0.0191	-0.0345	0.0381
		A:
			-0.859	0.462	-0.2209
			0.2921	-0.4562	0.8406
			-0.8947	0.2607	-0.3628
			-0.829	0.3306	-0.4511
			0.8144	0.58	-0.0203
			0.3261	-0.5793	0.747
		b:
			-136.2199
			335.9671
			-270.1467
			-280.3748
			321.2757
			260.4483


===========================================================================================
===========================================================================================
S12:
	q_c:	149.0	167.5	107.0
	ub :	168.0019	200.4308	136.4883
	lb :	121.8827	138.1149	91.7196

	==================================================================================
	Q1:
		Shape: Polyhedra
		q_c:	136.0	177.0	106.0
		ub :	144.558	190.4219	120.2804
		lb :	127.442	163.5781	91.7196
		A:
			-0.9676	-0.1833	-0.1735
			-0.4007	-0.9161	-0.016
			0.7988	0.2078	-0.5646
			0.7793	0.269	-0.566
			0.5859	0.7854	0.1996
			0.3335	0.1533	-0.9302
			0.1585	0.7671	0.6216
			-0.9484	-0.0569	0.3121
			0.2747	-0.639	0.7185
			-0.1585	-0.7671	-0.6216
			0.9484	0.0569	-0.3121
			-0.2747	0.639	-0.7185
		b:
			-176.535
			-210.0672
			91.1098
			99.4059
			247.1744
			-17.5483
			231.2293
			-101.4694
			11.416
			-215.2293
			110.4694
			10.584
	==================================================================================
	Q2:
		Shape: Polyhedra
		q_c:	133.0	188.0	119.5
		ub :	144.1173	200.4308	127.4223
		lb :	121.8827	175.5692	111.5777
		A:
			-0.6438	0.0356	0.7644
			0.7425	0.0777	0.6653
			-0.9933	-0.1137	-0.0182
			0.4577	0.5603	-0.6903
			-0.1709	-0.761	0.6258
			0.1599	-0.0401	-0.9863
			0.8616	0.4979	0.0985
			0.5057	-0.8587	-0.0828
			0.0434	0.1212	-0.9917
			-0.8616	-0.4979	-0.0985
			-0.5057	0.8587	0.0828
			-0.0434	-0.1212	0.9917
		b:
			19.6271
			199.8718
			-148.1991
			90.5366
			-83.5063
			-97.5001
			226.9723
			-94.5845
			-83.4547
			-212.9723
			113.5845
			96.4547
	==================================================================================
	Q3:
		Shape: Polyhedra
		q_c:	155.0	148.5	124.5
		ub :	163.9985	158.8851	136.4883
		lb :	146.0015	138.1149	112.5117
		A:
			0.1605	0.9283	-0.3353
			-0.2706	-0.8078	0.5236
			-0.993	0.0842	-0.0824
			0.9658	0.2559	-0.0429
			0.7182	-0.3693	0.5897
			0.2759	0.9146	-0.2958
			0.8662	0.2985	0.4008
			-0.4997	0.504	0.7045
			0.0083	-0.8105	0.5857
			-0.8662	-0.2985	-0.4008
			0.4997	-0.504	-0.7045
			-0.0083	0.8105	-0.5857
		b:
			125.704
			-92.1433
			-145.3277
			187.9861
			134.323
			146.3207
			232.4847
			96.1016
			-41.6518
			-224.4847
			-74.1016
			50.6518
	==================================================================================
	Q4:
		Shape: Polyhedra
		q_c:	160.0	162.5	106.0
		ub :	168.0019	172.006	115.6432
		lb :	151.9981	152.994	96.3568
		A:
			0.4933	0.8518	-0.1763
			0.6245	-0.7731	0.111
			-0.245	-0.2536	0.9358
			0.9719	0.2271	0.0617
			-0.2628	-0.9156	0.3042
			-0.8395	0.4066	0.3603
			0.3174	0.6683	0.6728
			-0.9481	0.2099	0.2387
			0.0183	-0.7137	0.7003
			-0.3174	-0.6683	-0.6728
			0.9481	-0.2099	-0.2387
			-0.0183	0.7137	-0.7003
		b:
			204.585
			-8.2567
			24.288
			205.2028
			-153.0259
			-23.9866
			237.6951
			-86.2805
			-33.8114
			-223.6951
			98.2805
			43.8114
	==================================================================================
	Q5:
		Shape: Ellipse
		q_c:	140.5	151.0	100.5
		ub :	147.3367	158.2162	106.6844
		lb :	133.6633	143.7838	94.3156
		P^-1:
			0.0696	-0.0144	-0.0152
			-0.0144	0.0643	-0.0183
			-0.0152	-0.0183	0.0624
	==================================================================================
	Q6:
		Shape: Polyhedra
		q_c:	144.0	155.0	110.5
		ub :	153.3883	165.7634	120.0026
		lb :	134.6117	144.2366	100.9974
		A:
			-0.8374	0.3826	0.3903
			-0.6088	0.6579	-0.4433
			-0.6812	-0.6299	0.3731
			-0.4523	0.3875	-0.8033
			-0.6563	0.7542	0.0234
			-0.4768	0.8733	0.1001
			0.0126	0.4497	0.8931
			-0.6915	0.6491	-0.3171
			-0.7223	-0.6136	0.3192
			-0.0126	-0.4497	-0.8931
			0.6915	-0.6491	0.3171
			0.7223	0.6136	-0.3192
		b:
			-11.862
			-31.8815
			-144.0212
			-89.5754
			28.136
			81.7174
			176.2114
			-31.5092
			-153.3374
			-164.2114
			36.5092
			174.3374


===========================================================================================
===========================================================================================
S13:
	q_c:	487.5	346.5	273.5
	ub :	503.0949	358.938	287.8453
	lb :	477.3018	335.3007	260.162

	==================================================================================
	Q1:
		Shape: Hybrid
		q_c:	483.5	348.5	276.5
		ub :	489.6982	352.6278	282.9065
		lb :	477.3018	344.3722	270.0935
		P^-1:
			0.0816	0.0017	0.035
			0.0017	0.111	-0.002
			0.035	-0.002	0.0696
		A:
			0.5411	-0.0646	0.8385
			-0.4683	0.1006	-0.8778
			-0.8721	0.3984	-0.2841
			0.5221	0.4806	0.7045
			-0.9868	-0.1386	-0.0834
			-0.2916	-0.9541	-0.0674
		b:
			472.6406
			-432.2546
			-359.5375
			616.3778
			-546.234
			-490.6505
	==================================================================================
	Q2:
		Shape: Ellipse
		q_c:	487.0	353.0	274.0
		ub :	494.2199	358.938	281.123
		lb :	479.7801	347.062	266.877
		P^-1:
			0.0564	-0.0125	0.0046
			-0.0125	0.0716	-0.0082
			0.0046	-0.0082	0.0524
