3D_50_20_6_c                l = 3

===========================================================================================
===========================================================================================
S1:
	q_c:    132.5000    108.5000    302.0000
	ub :    149.0000    124.0000    333.0000
	lb :    116.0000    93.0000    271.0000

	==================================================================================
	Q1:
		Shape: Polyhedra
		q_c:    146.5000    108.0000    303.0000
		ub :    154.5845    114.7695    311.8752
		lb :    138.4155    101.2305    294.1248
		A:
			    -0.3680    0.8805    -0.2989
			    -0.1683    -0.9794    0.1119
			    0.5543    -0.6626    0.5037
			    0.0130    -0.6421    0.7665
			    -0.9360    0.1737    0.3060
			    -0.9430    -0.1104    0.3139
			    0.5549    0.6584    0.5085
			    0.6309    -0.7315    0.2587
			    0.5423    0.1772    -0.8213
			    -0.5549    -0.6584    -0.5085
			    -0.6309    0.7315    -0.2587
			    -0.5423    -0.1772    0.8213
		b:
			    -46.9578
			    -91.1869
			    164.4597
			    169.3373
			    -20.8476
			    -49.2758
			    313.4742
			    93.3217
			    -144.2584
			    -299.4742
			    -90.3217
			    156.2584
	==================================================================================
	Q2:
		Shape: Hybrid
		q_c:    147.5000    97.0000    290.0000
		ub :    152.1576    102.5122    295.6324
		lb :    142.8424    91.4878    284.3676
		P^-1: 
			    0.1041    -0.0062    0.0186
			    -0.0062    0.0407    -0.0027
			    0.0186    -0.0027    0.0557
		A:
			    0.1371    0.9577    -0.2531
			    0.9473    0.2911    -0.1336
			    -0.4386    0.1542    -0.8854
			    -0.3240    0.9456    0.0291
			    0.2593    -0.7327    -0.6292
			    -0.8405    -0.4955    -0.2192
		b:
			    43.1529
			    131.3446
			    -304.1753
			    55.6266
			    -212.0119
			    -233.3273
	==================================================================================
	Q3:
		Shape: Ellipse
		q_c:    127.0000    98.5000    304.0000
		ub :    136.1484    107.8102    312.4407
		lb :    117.8516    89.1898    295.5593
		P^-1: 
			    0.0396    0.0114    -0.0047
			    0.0114    0.0357    0.0076
			    -0.0047    0.0076    0.0345
	==================================================================================
	Q4:
		Shape: Hybrid
		q_c:    136.0000    113.5000    309.0000
		ub :    145.1578    121.8262    319.0685
		lb :    126.8422    105.1738    298.9315
		P^-1: 
			    0.0486    0.0127    0.0206
			    0.0127    0.0570    0.0204
			    0.0206    0.0204    0.0283
		A:
			    -0.9421    -0.2725    -0.1955
			    0.5905    -0.6694    0.4509
			    -0.5595    0.6938    0.4534
			    -0.7418    0.5322    -0.4080
			    -0.6032    -0.7535    -0.2613
			    -0.2060    0.3659    0.9076
		b:
			    -216.6205
			    147.5519
			    146.7475
			    -163.1300
			    -246.0970
			    299.5600
	==================================================================================
	Q5:
		Shape: Polyhedra
		q_c:    122.5000    111.0000    293.0000
		ub :    130.6416    117.7815    299.4562
		lb :    114.3584    104.2185    286.5438
		A:
			    -0.3309    -0.1153    0.9366
			    0.0640    0.5719    -0.8178
			    -0.3804    0.3829    -0.8418
			    0.3456    0.7135    -0.6095
			    0.6291    -0.7541    -0.1888
			    -0.1255    0.9869    0.1012
			    0.8537    0.3979    0.3359
			    0.2105    -0.8537    0.4764
			    0.4763    -0.3360    -0.8125
			    -0.8537    -0.3979    -0.3359
			    -0.2105    0.8537    -0.4764
			    -0.4763    0.3360    0.8125
		b:
			    224.2086
			    -164.9338
			    -246.3541
			    -52.9530
			    -58.5311
			    127.7414
			    254.1625
			    74.1202
			    -214.0247
			    -240.1625
			    -67.1202
			    220.0247
	==================================================================================
	Q6:
		Shape: Polyhedra
		q_c:    131.0000    106.5000    316.0000
		ub :    138.9782    114.7826    321.9734
		lb :    123.0218    98.2174    310.0266
		A:
			    0.3299    0.2165    0.9188
			    0.5630    -0.1838    0.8058
			    0.6558    0.0636    0.7522
			    -0.2699    0.2670    -0.9251
			    0.5895    0.6427    0.4893
			    0.3294    0.8425    0.4262
			    0.3821    0.2241    0.8966
			    -0.8759    0.3971    0.2740
			    -0.2946    -0.8900    0.3480
			    -0.3821    -0.2241    -0.8966
			    0.8759    -0.3971    -0.2740
			    0.2946    0.8900    -0.3480
		b:
			    359.1514
			    312.2711
			    333.5140
			    -295.6047
			    304.3673
			    272.1949
			    359.7263
			    20.1370
			    -17.4257
			    -354.7263
			    -8.1370
			    29.4257


===========================================================================================
===========================================================================================
S2:
	q_c:    500.5000    293.5000    231.0000
	ub :    520.0000    300.0000    241.0000
	lb :    481.0000    287.0000    221.0000

	==================================================================================
	Q1:
		Shape: Hybrid
		q_c:    502.0000    291.5000    231.0000
		ub :    506.5296    297.0749    236.2061
		lb :    497.4704    285.9251    225.7939
		P^-1: 
			    0.1287    0.0356    0.0282
			    0.0356    0.0968    -0.0075
			    0.0282    -0.0075    0.1081
		A:
			    -0.6122    0.3913    -0.6871
			    -0.1271    0.2263    -0.9657
			    0.2407    -0.0033    -0.9706
			    -0.9925    -0.0928    -0.0796
			    -0.3494    -0.6084    -0.7126
			    0.3040    0.9512    -0.0537
		b:
			    -350.3198
			    -219.1787
			    -102.2427
			    -542.0481
			    -515.5552
			    419.2727
	==================================================================================
	Q2:
		Shape: Polyhedra
		q_c:    498.0000    300.0000    227.5000
		ub :    500.6752    304.8522    230.5269
		lb :    495.3248    295.1478    224.4731
		A:
			    0.5982    0.5655    -0.5678
			    -0.7757    -0.0610    0.6282
			    0.8495    0.0441    -0.5258
			    -0.6428    -0.1095    0.7581
			    0.7846    0.3726    -0.4956
			    0.8623    0.4729    0.1810
			    0.9342    0.0840    0.3467
			    -0.3077    -0.3020    0.9023
			    0.1805    -0.9496    -0.2563
			    -0.9342    -0.0840    -0.3467
			    0.3077    0.3020    -0.9023
			    -0.1805    0.9496    0.2563
		b:
			    340.2821
			    -259.8506
			    318.4863
			    -178.7665
			    391.3001
			    614.5619
			    570.8136
			    -37.0630
			    -248.7887
			    -567.8136
			    40.0630
			    257.7887
	==================================================================================
	Q3:
		Shape: Hybrid
		q_c:    494.5000    298.5000    232.0000
		ub :    500.2616    302.4242    237.9319
		lb :    488.7384    294.5758    226.0681
		P^-1: 
			    0.0659    -0.0228    0.0101
			    -0.0228    0.2162    -0.0683
			    0.0101    -0.0683    0.0929
		A:
			    0.1420    -0.9749    -0.1712
			    -0.5549    -0.8301    0.0543
			    0.3792    -0.0440    -0.9242
			    0.7064    -0.6493    0.2818
			    0.0813    0.8774    -0.4728
			    -0.4757    0.1564    -0.8656
		b:
			    -258.7478
			    -507.4046
			    -37.1544
			    222.7882
			    193.5898
			    -386.8255
	==================================================================================
	Q4:
		Shape: Ellipse
		q_c:    506.5000    289.0000    237.0000
		ub :    513.4913    294.0682    243.7069
		lb :    499.5087    283.9318    230.2931
		P^-1: 
			    0.0626    0.0463    -0.0384
			    0.0463    0.1696    -0.0870
			    -0.0384    -0.0870    0.1072
	==================================================================================
	Q5:
		Shape: Polyhedra
		q_c:    504.5000    297.5000    231.0000
		ub :    509.5015    301.7674    236.2156
		lb :    499.4985    293.2326    225.7844
		A:
			    0.1708    -0.8689    -0.4647
			    -0.9460    0.2955    -0.1332
			    0.7579    -0.4295    0.4910
			    0.1162    -0.9185    -0.3781
			    -0.0412    0.9833    0.1772
			    -0.6586    -0.6611    0.3593
			    0.7480    0.3451    0.5669
			    0.4417    0.3786    -0.8134
			    -0.4953    0.8588    0.1308
			    -0.7480    -0.3451    -0.5669
			    -0.4417    -0.3786    0.8134
			    0.4953    -0.8588    -0.1308
		b:
			    -277.4021
			    -417.5050
			    370.6532
			    -299.7129
			    315.0078
			    -442.2700
			    614.0045
			    151.5778
			    37.8023
			    -608.0045
			    -143.5778
			    -33.8023
	==================================================================================
	Q6:
		Shape: Hybrid
		q_c:    495.5000    291.0000    232.0000
		ub :    500.6215    296.1463    237.4060
		lb :    490.3785    285.8537    226.5940
		P^-1: 
			    0.1082    -0.0071    0.0051
			    -0.0071    0.0936    0.0126
			    0.0051    0.0126    0.1020
		A:
			    -0.1893    -0.4250    -0.8852
			    0.1237    0.3121    0.9420
			    -0.5639    0.8206    0.0925
			    0.1207    -0.0347    -0.9921
			    -0.9846    0.1296    -0.1170
			    -0.2907    0.5249    0.8000
		b:
			    -421.3217
			    372.1661
			    -17.5584
			    -178.7627
			    -475.8028
			    195.8266


===========================================================================================
===========================================================================================
S3:
	q_c:    251.0000    171.0000    339.5000
	ub :    277.0000    191.0000    353.0000
	lb :    225.0000    151.0000    326.0000

	==================================================================================
	Q1:
		Shape: Hybrid
		q_c:    262.5000    163.0000    344.5000
		ub :    270.6042    169.1925    353.1955
		lb :    254.3958    156.8075    335.8045
		P^-1: 
			    0.0293    0.0014    0.0021
			    0.0014    0.0597    -0.0088
			    0.0021    -0.0088    0.0342
		A:
			    -0.2126    -0.9608    0.1781
			    0.4532    -0.4910    -0.7440
			    -0.8120    -0.1995    -0.5484
			    0.0198    -0.5997    0.8000
			    0.5219    0.7567    -0.3937
			    0.1158    0.5954    -0.7951
		b:
			    -148.9483
			    -213.5924
			    -431.0516
			    185.6576
			    127.3387
			    -143.7600
	==================================================================================
	Q2:
		Shape: Hybrid
		q_c:    264.0000    169.5000    353.0000
		ub :    270.9231    178.6004    362.8683
		lb :    257.0769    160.3996    343.1317
		P^-1: 
			    0.0727    -0.0179    0.0119
			    -0.0179    0.0326    -0.0002
			    0.0119    -0.0002    0.0219
		A:
			    0.1973    -0.4918    -0.8481
			    -0.4423    0.8950    0.0574
			    -0.8185    0.4267    0.3847
			    -0.5271    -0.3815    -0.7594
			    0.1487    0.4202    -0.8952
			    -0.2969    0.9352    -0.1930
		b:
			    -325.8317
			    58.4411
			    -4.8427
			    -467.8875
			    -199.8561
			    15.7587
	==================================================================================
	Q3:
		Shape: Hybrid
		q_c:    265.0000    176.5000    332.0000
		ub :    271.6085    184.0955    339.7747
		lb :    258.3915    168.9045    324.2253
		P^-1: 
			    0.1774    -0.1650    -0.1212
			    -0.1650    0.1989    0.1212
			    -0.1212    0.1212    0.1216
		A:
			    -0.7755    0.4391    0.4537
			    0.4608    -0.6409    -0.6139
			    0.3293    -0.5954    -0.7328
			    0.1373    -0.1959    -0.9710
			    -0.3355    0.9128    -0.2330
			    -0.0701    -0.5870    0.8065
		b:
			    24.1202
			    -193.5956
			    -259.0446
			    -316.7936
			    -1.7118
			    150.3355
	==================================================================================
	Q4:
		Shape: Polyhedra
		q_c:    259.5000    179.0000    334.5000
		ub :    266.2861    185.9454    342.6595
		lb :    252.7139    172.0546    326.3405
		A:
			    -0.5295    0.6582    0.5352
			    -0.3827    0.4811    0.7888
			    -0.7474    -0.2962    -0.5947
			    -0.1024    -0.6323    0.7679
			    -0.2387    -0.9695    -0.0550
			    0.2935    0.7435    0.6009
			    0.9398    0.3251    0.1053
			    -0.0369    -0.2099    0.9770
			    0.3397    -0.9221    -0.1852
			    -0.9398    -0.3251    -0.1053
			    0.0369    0.2099    -0.9770
			    -0.3397    0.9221    0.1852
		b:
			    164.1251
			    256.2739
			    -440.0176
			    123.6554
			    -249.2879
			    415.4052
			    342.7992
			    286.6732
			    -134.8656
			    -331.7992
			    -272.6732
			    142.8656
	==================================================================================
	Q5:
		Shape: Ellipse
		q_c:    255.0000    174.0000    331.0000
		ub :    263.4122    183.5085    340.0026
		lb :    246.5878    164.4915    321.9974
		P^-1: 
			    0.0507    -0.0161    -0.0010
			    -0.0161    0.0333    0.0124
			    -0.0010    0.0124    0.0363
	==================================================================================
	Q6:
		Shape: Polyhedra
		q_c:    243.0000    171.0000    344.0000
		ub :    249.3710    176.9620    350.5121
		lb :    236.6290    165.0380    337.4879
		A:
			    -0.0603    -0.8289    -0.5562
			    0.1040    -0.9513    0.2903
			    0.5004    0.0424    -0.8647
			    -0.8790    -0.0504    -0.4741
			    0.2330    0.9693    0.0781
			    0.3017    0.9465    -0.1145
			    0.6884    0.3141    0.6538
			    -0.5326    0.8308    0.1617
			    -0.4923    -0.4595    0.7392
			    -0.6884    -0.3141    -0.6538
			    0.5326    -0.8308    -0.1617
			    0.4923    0.4595    -0.7392
		b:
			    -344.7209
			    -33.4618
			    -163.4692
			    -382.2606
			    253.0304
			    200.0794
			    448.8966
			    71.2508
			    61.5721
			    -442.8966
			    -65.2508
			    -50.5721


===========================================================================================
===========================================================================================
S4:
	q_c:    109.5000    410.0000    482.5000
	ub :    126.0000    428.0000    502.0000
	lb :    93.0000    392.0000    463.0000

	==================================================================================
	Q1:
		Shape: Polyhedra
		q_c:    104.5000    423.0000    473.5000
		ub :    116.6187    435.1069    482.1670
		lb :    92.3813    410.8931    464.8330
		A:
			    0.2806    -0.6470    0.7090
			    0.0737    -0.5716    0.8172
			    -0.9839    0.0120    0.1785
			    0.3865    -0.0201    -0.9221
			    -0.2398    -0.5166    0.8220
			    0.6437    0.5774    -0.5022
			    0.6484    0.3693    0.6658
			    -0.5511    -0.3757    0.7451
			    0.5253    -0.8500    -0.0401
			    -0.6484    -0.3693    -0.6658
			    0.5511    0.3757    -0.7451
			    -0.5253    0.8500    0.0401
		b:
			    98.6621
			    159.0927
			    -6.3425
			    -399.5540
			    150.4602
			    78.3197
			    547.2067
			    140.2852
			    -314.6264
			    -531.2067
			    -132.2852
			    332.6264
	==================================================================================
	Q2:
		Shape: Polyhedra
		q_c:    92.0000    418.5000    472.0000
		ub :    103.1144    425.5614    482.9586
		lb :    80.8856    411.4386    461.0414
		A:
			    0.3728    0.4276    0.8235
			    -0.7223    -0.5824    -0.3731
			    -0.4078    0.1702    -0.8971
			    0.2221    0.9380    0.2660
			    -0.4674    0.8814    0.0683
			    0.2045    -0.9120    0.3556
			    0.9480    0.2000    0.2474
			    -0.2735    0.1156    0.9549
			    0.1624    -0.9729    0.1643
			    -0.9480    -0.2000    -0.2474
			    0.2735    -0.1156    -0.9549
			    -0.1624    0.9729    -0.1643
		b:
			    610.2963
			    -478.2370
			    -381.6491
			    544.5552
			    363.3934
			    -190.2777
			    296.1904
			    482.4301
			    -310.1662
			    -279.1904
			    -465.4301
			    319.1662
	==================================================================================
	Q3:
		Shape: Hybrid
		q_c:    93.0000    409.0000    495.0000
		ub :    103.7959    421.3462    507.1257
		lb :    82.2041    396.6538    482.8743
		P^-1: 
			    0.0160    -0.0044    -0.0026
			    -0.0044    0.0224    0.0060
			    -0.0026    0.0060    0.0143
		A:
			    0.0891    -0.2869    -0.9538
			    -0.1726    -0.9710    0.1654
			    -0.0013    -0.6108    -0.7918
			    -0.3695    0.7525    0.5451
			    -0.9502    0.2971    -0.0938
			    -0.4505    -0.6660    0.5945
		b:
			    -576.1611
			    -326.3827
			    -637.7914
			    546.3184
			    -8.4479
			    -13.8954
	==================================================================================
	Q4:
		Shape: Polyhedra
		q_c:    109.0000    409.5000    498.0000
		ub :    121.5108    422.5940    512.7347
		lb :    96.4892    396.4060    483.2653
		A:
			    0.0526    0.2733    -0.9605
			    0.5823    0.5246    -0.6211
			    0.9056    0.4220    -0.0425
			    -0.1786    -0.9537    0.2418
			    -0.9443    0.1375    -0.2990
			    -0.6060    -0.5397    -0.5843
			    0.3584    0.7002    0.6175
			    0.8882    -0.0520    -0.4566
			    -0.2876    0.7120    -0.6405
			    -0.3584    -0.7002    -0.6175
			    -0.8882    0.0520    0.4566
			    0.2876    -0.7120    0.6405
		b:
			    -352.2522
			    -23.0660
			    258.5898
			    -280.7880
			    -187.3139
			    -568.7085
			    642.7966
			    -144.3508
			    -50.2538
			    -623.7966
			    159.3508
			    67.2538
	==================================================================================
	Q5:
		Shape: Polyhedra
		q_c:    118.0000    393.5000    485.5000
		ub :    131.2137    404.9321    497.5988
		lb :    104.7863    382.0679    473.4012
		A:
			    0.5014    0.5277    -0.6857
			    -0.1014    -0.4494    0.8876
			    -0.0025    0.3588    0.9334
			    0.5272    -0.0948    0.8444
			    0.5215    0.8026    -0.2896
			    -0.5735    -0.8178    0.0488
			    0.3860    0.6335    0.6706
			    0.0323    -0.7357    0.6765
			    0.9219    -0.2395    -0.3044
			    -0.3860    -0.6335    -0.6706
			    -0.0323    0.7357    -0.6765
			    -0.9219    0.2395    0.3044
		b:
			    -58.4901
			    248.2809
			    601.9274
			    441.8926
			    243.8131
			    -358.3882
			    627.9017
			    48.2250
			    -122.2398
			    -612.9017
			    -37.2250
			    144.2398
	==================================================================================
	Q6:
		Shape: Polyhedra
		q_c:    110.5000    403.0000    467.5000
		ub :    122.9175    414.1929    479.9442
		lb :    98.0825    391.8071    455.0558
		A:
			    0.1890    -0.1880    0.9638
			    0.5475    0.7554    -0.3600
			    0.3120    -0.9162    -0.2515
			    -0.1977    0.9411    -0.2744
			    -0.2963    -0.4627    -0.8355
			    0.6764    0.5298    0.5117
			    0.0855    0.8024    0.5906
			    0.6349    0.4129    -0.6530
			    -0.7678    0.4308    -0.4742
			    -0.0855    -0.8024    -0.5906
			    -0.6349    -0.4129    0.6530
			    0.7678    -0.4308    0.4742
		b:
			    403.7613
			    204.1519
			    -446.0008
			    236.8166
			    -603.8095
			    534.1617
			    613.9294
			    -60.7028
			    -123.8923
			    -603.9294
			    76.7028
			    141.8923


===========================================================================================
===========================================================================================
S5:
	q_c:    226.5000    155.0000    14.5000
	ub :    243.0000    171.0000    29.0000
	lb :    210.0000    139.0000    0.0000

	==================================================================================
	Q1:
		Shape: Ellipse
		q_c:    221.5000    168.0000    30.0000
		ub :    229.9140    175.6395    36.9255
		lb :    213.0860    160.3605    23.0745
		P^-1: 
			    0.0438    0.0220    -0.0371
			    0.0220    0.0580    -0.0510
			    -0.0371    -0.0510    0.1138
	==================================================================================
	Q2:
		Shape: Polyhedra
		q_c:    232.5000    156.0000    29.5000
		ub :    242.4136    167.2690    39.4519
		lb :    222.5864    144.7310    19.5481
		A:
			    -0.9375    -0.3315    0.1061
			    0.2288    0.7546    0.6150
			    0.9527    0.3021    0.0339
			    -0.6010    -0.7985    0.0355
			    0.7761    0.6275    -0.0621
			    0.7002    0.5784    -0.4186
			    0.0929    0.4269    0.8995
			    -0.7451    0.6290    -0.2216
			    -0.6604    -0.6497    0.3766
			    -0.0929    -0.4269    -0.8995
			    0.7451    -0.6290    0.2216
			    0.6604    0.6497    -0.3766
		b:
			    -260.7271
			    195.7923
			    275.7363
			    -257.9179
			    281.8036
			    245.6900
			    121.7392
			    -73.6524
			    -238.7833
			    -107.7392
			    89.6524
			    248.7833
	==================================================================================
	Q3:
		Shape: Hybrid
		q_c:    219.5000    144.0000    4.0000
		ub :    228.4347    152.3549    13.3340
		lb :    210.5653    135.6451    -5.3340
		P^-1: 
			    0.0569    -0.0442    0.0237
			    -0.0442    0.0825    -0.0590
			    0.0237    -0.0590    0.0729
		A:
			    0.5428    -0.4304    0.7212
			    -0.6788    0.2516    0.6898
			    0.4723    -0.5328    0.7022
			    0.4413    -0.6862    0.5783
			    0.0559    0.5089    -0.8590
			    0.5498    -0.8327    0.0661
		b:
			    62.4604
			    -105.9049
			    31.5263
			    1.6068
			    84.3810
			    3.9731
	==================================================================================
	Q4:
		Shape: Ellipse
		q_c:    224.0000    171.5000    24.5000
		ub :    233.7697    179.9322    34.0280
		lb :    214.2303    163.0678    14.9720
		P^-1: 
			    0.0188    -0.0029    0.0062
			    -0.0029    0.0427    0.0092
			    0.0062    0.0092    0.0366
	==================================================================================
	Q5:
		Shape: Hybrid
		q_c:    227.0000    154.5000    23.5000
		ub :    236.9552    164.5480    28.3164
		lb :    217.0448    144.4520    18.6836
		P^-1: 
			    0.0256    0.0099    -0.0067
			    0.0099    0.0256    -0.0084
			    -0.0067    -0.0084    0.0791
		A:
			    -0.0928    -0.9634    0.2516
			    0.0736    -0.2954    -0.9525
			    0.9794    0.0993    0.1756
			    -0.0284    0.3790    -0.9250
			    -0.0763    0.4691    0.8798
			    -0.8236    -0.2073    -0.5280
		b:
			    -159.4198
			    -48.7402
			    246.5969
			    32.6235
			    79.0513
			    -227.3239
	==================================================================================
	Q6:
		Shape: Hybrid
		q_c:    238.0000    158.5000    13.5000
		ub :    246.6854    164.9308    22.0921
		lb :    229.3146    152.0692    4.9079
		P^-1: 
			    0.0385    -0.0285    -0.0128
			    -0.0285    0.0921    0.0187
			    -0.0128    0.0187    0.0373
		A:
			    -0.3322    0.1610    -0.9294
			    -0.2606    0.4561    0.8509
			    0.5843    -0.2227    0.7804
			    -0.1872    0.9169    -0.3524
			    -0.5796    0.6761    0.4550
			    -0.7017    0.6770    -0.2222
		b:
			    -61.5666
			    24.6641
			    118.9384
			    98.7343
			    -22.7885
			    -59.6932


===========================================================================================
===========================================================================================
S6:
	q_c:    128.5000    438.0000    33.5000
	ub :    142.0000    458.0000    50.0000
	lb :    115.0000    418.0000    17.0000

	==================================================================================
	Q1:
		Shape: Polyhedra
		q_c:    126.0000    435.5000    33.5000
		ub :    134.9977    446.0800    42.7398
		lb :    117.0023    424.9200    24.2602
		A:
			    -0.0199    -0.9923    0.1225
			    -0.1526    -0.9505    0.2707
			    -0.1835    0.7629    -0.6199
			    -0.6754    0.5003    -0.5418
			    -0.0846    0.0492    0.9952
			    -0.9502    -0.3086    -0.0435
			    0.4669    0.7802    0.4163
			    0.1071    0.4174    -0.9024
			    -0.8778    0.4659    0.1114
			    -0.4669    -0.7802    -0.4163
			    -0.1071    -0.4174    0.9024
			    0.8778    -0.4659    -0.1114
		b:
			    -424.1232
			    -417.6352
			    294.7546
			    120.8393
			    50.5635
			    -249.2939
			    419.0433
			    171.5527
			    102.0423
			    -406.0433
			    -158.5527
			    -90.0423
	==================================================================================
	Q2:
		Shape: Polyhedra
		q_c:    117.5000    445.5000    39.0000
		ub :    124.1804    452.8626    45.3417
		lb :    110.8196    438.1374    32.6583
		A:
			    0.6960    0.2290    0.6805
			    -0.5619    -0.7424    -0.3649
			    -0.6156    -0.7030    -0.3560
			    0.7040    0.3442    0.6212
			    0.5676    0.6921    0.4459
			    0.5505    -0.4232    0.7196
			    0.6124    0.6087    0.5045
			    0.7651    -0.6170    -0.1843
			    0.1991    0.4988    -0.8435
			    -0.6124    -0.6087    -0.5045
			    -0.7651    0.6170    0.1843
			    -0.1991    -0.4988    0.8435
		b:
			    212.9598
			    -409.4764
			    -398.0400
			    262.3333
			    393.6218
			    -90.4901
			    363.7999
			    -185.6720
			    218.2056
			    -361.7999
			    198.6720
			    -207.2056
	==================================================================================
	Q3:
		Shape: Hybrid
		q_c:    139.5000    436.0000    38.5000
		ub :    144.2484    440.3597    43.6769
		lb :    134.7516    431.6403    33.3231
		P^-1: 
			    0.0707    0.0319    0.0215
			    0.0319    0.1857    0.0831
			    0.0215    0.0831    0.1185
		A:
			    0.7670    0.5524    -0.3264
			    -0.7247    0.6091    -0.3222
			    -0.3243    -0.4986    -0.8039
			    0.1112    0.9261    -0.3606
			    0.3412    0.9370    0.0753
			    -0.0659    -0.8399    -0.5387
		b:
			    337.9890
			    155.0438
			    -292.1296
			    407.8614
			    460.6360
			    -395.0838
	==================================================================================
	Q4:
		Shape: Ellipse
		q_c:    122.5000    452.5000    26.0000
		ub :    128.1999    456.5596    30.7039
		lb :    116.8001    448.4404    21.2961
		P^-1: 
			    0.0494    -0.0126    -0.0297
			    -0.0126    0.1586    -0.0034
			    -0.0297    -0.0034    0.1520
	==================================================================================
	Q5:
		Shape: Polyhedra
		q_c:    135.0000    427.0000    38.5000
		ub :    139.8425    431.8333    42.1242
		lb :    130.1575    422.1667    34.8758
		A:
			    -0.2499    0.3232    -0.9127
			    0.7359    -0.6004    0.3129
			    -0.7413    0.5209    -0.4232
			    0.3835    0.4530    0.8048
			    -0.3438    -0.4942    0.7985
			    -0.5374    0.7693    -0.3454
			    0.8568    0.5149    0.0297
			    0.3885    -0.6065    -0.6937
			    -0.3392    0.6059    -0.7197
			    -0.8568    -0.5149    -0.0297
			    -0.3885    0.6065    0.6937
			    0.3392    -0.6059    0.7197
		b:
			    71.3037
			    -142.5666
			    108.4314
			    279.2027
			    -224.0421
			    244.8759
			    340.1489
			    -230.2439
			    187.2054
			    -333.1489
			    236.2439
			    -183.2054
	==================================================================================
	Q6:
		Shape: Polyhedra
		q_c:    130.0000    449.5000    32.0000
		ub :    137.9305    457.4836    35.5507
		lb :    122.0695    441.5164    28.4493
		A:
			    -0.3421    0.1404    -0.9291
			    0.6751    -0.1522    0.7218
			    -0.0570    -0.5281    0.8473
			    -0.3465    0.2789    -0.8956
			    -0.3289    0.2628    -0.9070
			    -0.4159    0.0720    -0.9066
			    0.0912    0.1298    0.9873
			    -0.6260    0.7786    -0.0446
			    -0.7745    -0.6140    0.1522
			    -0.0912    -0.1298    -0.9873
			    0.6260    -0.7786    0.0446
			    0.7745    0.6140    -0.1522
		b:
			    -8.0157
			    46.5374
			    -213.6258
			    55.0803
			    49.6785
			    -47.5633
			    104.2947
			    272.6596
			    -366.3035
			    -99.2947
			    -261.6596
			    377.3035


===========================================================================================
===========================================================================================
S7:
	q_c:    226.5000    423.5000    221.0000
	ub :    237.0000    452.0000    233.0000
	lb :    216.0000    395.0000    209.0000

	==================================================================================
	Q1:
		Shape: Polyhedra
		q_c:    217.5000    422.5000    225.0000
		ub :    221.7554    428.6468    230.8059
		lb :    213.2446    416.3532    219.1941
		A:
			    0.5365    -0.8408    -0.0717
			    -0.6307    0.5967    0.4962
			    0.9594    -0.2428    -0.1434
			    -0.5054    0.1203    0.8545
			    -0.6293    0.2245    0.7441
			    0.7480    -0.2806    -0.6014
			    0.6430    0.5507    0.5322
			    0.1662    -0.7787    0.6049
			    0.7476    -0.3005    -0.5923
			    -0.6430    -0.5507    -0.5322
			    -0.1662    0.7787    -0.6049
			    -0.7476    0.3005    0.5923
		b:
			    -250.8821
			    228.9496
			    76.3367
			    135.7101
			    127.5642
			    -89.1840
			    495.2702
			    -151.7565
			    -95.6473
			    -489.2702
			    161.7565
			    99.6473
	==================================================================================
	Q2:
		Shape: Polyhedra
		q_c:    221.5000    414.5000    226.5000
		ub :    229.1152    421.2011    234.2354
		lb :    213.8848    407.7989    218.7646
		A:
			    0.0060    -0.7933    0.6089
			    0.5690    -0.3328    0.7520
			    -0.4641    -0.5828    0.6671
			    -0.8520    0.2740    -0.4462
			    -0.3366    0.3159    -0.8871
			    -0.4352    -0.6526    -0.6203
			    0.5693    0.2204    0.7921
			    -0.8163    0.2661    0.5126
			    -0.0978    -0.9384    0.3314
			    -0.5693    -0.2204    -0.7921
			    0.8163    -0.2661    -0.5126
			    0.0978    0.9384    -0.3314
		b:
			    -185.1116
			    162.6188
			    -188.2445
			    -171.5013
			    -140.3323
			    -503.2308
			    400.8356
			    51.6088
			    -331.0832
			    -392.8356
			    -39.6088
			    340.0832
	==================================================================================
	Q3:
		Shape: Ellipse
		q_c:    229.0000    420.0000    219.5000
		ub :    232.6867    423.6569    223.1125
		lb :    225.3133    416.3431    215.8875
		P^-1: 
			    0.2647    0.1808    0.0144
			    0.1808    0.2602    0.0142
			    0.0144    0.0142    0.0828
	==================================================================================
	Q4:
		Shape: Ellipse
		q_c:    227.0000    430.0000    221.0000
		ub :    232.3002    433.6093    225.9716
		lb :    221.6998    426.3907    216.0284
		P^-1: 
			    0.2141    0.0531    0.1808
			    0.0531    0.1961    0.0853
			    0.1808    0.0853    0.2343
	==================================================================================
	Q5:
		Shape: Ellipse
		q_c:    222.5000    418.5000    227.5000
		ub :    231.9162    427.6579    234.8631
		lb :    213.0838    409.3421    220.1369
		P^-1: 
			    0.0395    0.0104    -0.0143
			    0.0104    0.0306    -0.0098
			    -0.0143    -0.0098    0.0439
	==================================================================================
	Q6:
		Shape: Ellipse
		q_c:    235.0000    423.0000    223.5000
		ub :    240.1677    429.0068    229.0181
		lb :    229.8323    416.9932    217.9819
		P^-1: 
			    0.0816    0.0000    0.0000
			    0.0000    0.0816    0.0000
			    0.0000    0.0000    0.0816


===========================================================================================
===========================================================================================
S8:
	q_c:    504.0000    277.5000    180.5000
	ub :    517.0000    289.0000    194.0000
	lb :    491.0000    266.0000    167.0000

	==================================================================================
	Q1:
		Shape: Ellipse
		q_c:    504.5000    279.0000    189.0000
		ub :    512.7387    286.7685    197.8837
		lb :    496.2613    271.2315    180.1163
		P^-1: 
			    0.0241    -0.0021    -0.0003
			    -0.0021    0.0323    -0.0020
			    -0.0003    -0.0020    0.0181
	==================================================================================
	Q2:
		Shape: Ellipse
		q_c:    501.5000    268.0000    189.5000
		ub :    510.4926    276.7928    199.1949
		lb :    492.5074    259.2072    179.8051
		P^-1: 
			    0.0327    0.0091    0.0028
			    0.0091    0.0403    0.0078
			    0.0028    0.0078    0.0278
	==================================================================================
	Q3:
		Shape: Hybrid
		q_c:    498.0000    276.0000    168.5000
		ub :    507.4054    285.9782    174.3527
		lb :    488.5946    266.0218    162.6473
		P^-1: 
			    0.0296    -0.0070    -0.0067
			    -0.0070    0.0207    -0.0046
			    -0.0067    -0.0046    0.0609
		A:
			    -0.8409    0.0980    -0.5323
			    0.2176    0.1889    0.9576
			    0.6968    -0.4874    -0.5263
			    0.4521    0.0302    -0.8915
			    -0.9683    0.2497    -0.0012
			    0.0567    -0.6679    0.7421
		b:
			    -477.5396
			    324.8469
			    126.8919
			    85.4634
			    -409.8287
			    -27.7657
	==================================================================================
	Q4:
		Shape: Ellipse
		q_c:    508.5000    284.5000    184.0000
		ub :    516.5508    291.2248    191.0408
		lb :    500.4492    277.7752    176.9592
		P^-1: 
			    0.0156    0.0003    -0.0001
			    0.0003    0.0453    -0.0071
			    -0.0001    -0.0071    0.0372
	==================================================================================
	Q5:
		Shape: Hybrid
		q_c:    512.5000    267.5000    180.0000
		ub :    517.8016    272.9130    186.1013
		lb :    507.1984    262.0870    173.8987
		P^-1: 
			    0.0871    -0.0260    0.0329
			    -0.0260    0.1823    -0.0918
			    0.0329    -0.0918    0.0953
		A:
			    0.3863    0.8144    0.4331
			    -0.0038    -0.6605    -0.7509
			    0.1307    0.6797    -0.7217
			    -0.0112    0.5441    -0.8389
			    -0.2594    0.4742    -0.8413
			    0.4269    0.7541    -0.4991
		b:
			    497.0733
			    -309.4878
			    120.6245
			    -9.1734
			    -155.5849
			    332.4921
	==================================================================================
	Q6:
		Shape: Ellipse
		q_c:    514.0000    283.0000    180.5000
		ub :    525.6580    295.3092    190.1408
		lb :    502.3420    270.6908    170.8592
		P^-1: 
			    0.0272    -0.0087    -0.0187
			    -0.0087    0.0219    0.0148
			    -0.0187    0.0148    0.0429


===========================================================================================
===========================================================================================
S9:
	q_c:    499.0000    373.0000    203.5000
	ub :    531.0000    395.0000    209.0000
	lb :    467.0000    351.0000    198.0000

	==================================================================================
	Q1:
		Shape: Ellipse
		q_c:    494.5000    376.5000    202.0000
		ub :    496.8027    379.0638    204.2507
		lb :    492.1973    373.9362    199.7493
		P^-1: 
			    0.4444    -0.0000    -0.0000
			    -0.0000    0.4444    -0.0000
			    -0.0000    -0.0000    0.4444
	==================================================================================
	Q2:
		Shape: Hybrid
		q_c:    505.0000    374.0000    207.0000
		ub :    508.5650    377.5711    209.8287
		lb :    501.4350    370.4289    204.1713
		P^-1: 
			    0.1838    0.0395    -0.0042
			    0.0395    0.2265    0.0025
			    -0.0042    0.0025    0.2497
		A:
			    0.3617    -0.4966    0.7891
			    -0.3210    -0.1795    -0.9299
			    -0.7694    -0.0169    0.6386
			    0.3829    -0.7510    0.5380
			    -0.6587    0.4722    -0.5858
			    -0.5337    0.7297    0.4274
		b:
			    161.4651
			    -420.6808
			    -261.4865
			    25.1547
			    -275.9352
			    93.2409
	==================================================================================
	Q3:
		Shape: Ellipse
		q_c:    501.0000    371.0000    200.0000
		ub :    505.4905    375.4455    203.3792
		lb :    496.5095    366.5545    196.6208
		P^-1: 
			    0.3519    0.0369    -0.4011
			    0.0369    0.1514    -0.1434
			    -0.4011    -0.1434    0.7192
	==================================================================================
	Q4:
		Shape: Ellipse
		q_c:    503.5000    377.5000    200.5000
		ub :    508.2780    382.9958    205.2563
		lb :    498.7220    372.0042    195.7437
		P^-1: 
			    0.2413    0.0371    0.1794
			    0.0371    0.0822    0.0537
			    0.1794    0.0537    0.2651
	==================================================================================
	Q5:
		Shape: Polyhedra
		q_c:    500.0000    372.5000    200.0000
		ub :    503.7183    378.1733    205.1897
		lb :    496.2817    366.8267    194.8103
		A:
			    -0.7638    0.1742    0.6215
			    0.5380    -0.8315    0.1387
			    0.7582    0.6303    0.1672
			    -0.8084    -0.5776    0.1133
			    -0.3728    0.9248    0.0757
			    0.5204    -0.7036    -0.4838
			    0.1789    0.8342    0.5216
			    0.1651    0.4972    -0.8518
			    -0.9699    0.2385    -0.0488
			    -0.1789    -0.8342    -0.5216
			    -0.1651    -0.4972    0.8518
			    0.9699    -0.2385    0.0488
		b:
			    -189.6910
			    -9.8040
			    650.7909
			    -593.3912
			    176.7199
			    -95.1959
			    508.5130
			    100.9109
			    -403.3744
			    -500.5130
			    -93.9109
			    408.3744
	==================================================================================
	Q6:
		Shape: Polyhedra
		q_c:    495.5000    372.0000    210.5000
		ub :    498.4581    375.9851    213.6699
		lb :    492.5419    368.0149    207.3301
		A:
			    0.6509    -0.6193    -0.4392
			    0.4903    0.0498    -0.8701
			    -0.9720    -0.1714    0.1609
			    -0.7555    0.3115    -0.5764
			    -0.0323    0.4457    -0.8946
			    -0.0905    0.3935    -0.9149
			    0.2655    0.9635    0.0347
			    0.9635    -0.2665    0.0256
			    0.0339    0.0267    -0.9991
			    -0.2655    -0.9635    -0.0347
			    -0.9635    0.2665    -0.0256
			    -0.0339    -0.0267    0.9991
		b:
			    2.2427
			    81.1378
			    -509.1323
			    -377.3997
			    -35.4525
			    -88.0043
			    500.8025
			    385.6648
			    -180.5919
			    -493.8025
			    -381.6648
			    186.5919


===========================================================================================
===========================================================================================
S10:
	q_c:    405.5000    254.0000    159.5000
	ub :    428.0000    268.0000    177.0000
	lb :    383.0000    240.0000    142.0000

	==================================================================================
	Q1:
		Shape: Polyhedra
		q_c:    402.5000    266.5000    170.5000
		ub :    410.5556    274.7942    176.0627
		lb :    394.4444    258.2058    164.9373
		A:
			    0.4534    0.1905    -0.8707
			    0.5272    0.7238    0.4452
			    0.9839    0.1501    -0.0971
			    0.5271    -0.0295    0.8493
			    0.5113    0.5778    0.6362
			    0.1096    0.4857    -0.8672
			    0.6768    0.6608    0.3244
			    0.7150    -0.6950    -0.0760
			    0.1753    0.2833    -0.9429
			    -0.6768    -0.6608    -0.3244
			    -0.7150    0.6950    0.0760
			    -0.1753    -0.2833    0.9429
		b:
			    89.0431
			    485.0752
			    424.5197
			    353.4336
			    472.2727
			    29.8063
			    507.8404
			    96.0942
			    -10.7120
			    -499.8404
			    -83.0942
			    18.7120
	==================================================================================
	Q2:
		Shape: Ellipse
		q_c:    400.0000    253.0000    158.5000
		ub :    407.9977    259.1728    166.3715
		lb :    392.0023    246.8272    150.6285
		P^-1: 
			    0.0443    0.0179    -0.0161
			    0.0179    0.0828    -0.0301
			    -0.0161    -0.0301    0.0571
	==================================================================================
	Q3:
		Shape: Hybrid
		q_c:    401.0000    262.0000    162.0000
		ub :    406.8780    265.6048    169.4091
		lb :    395.1220    258.3952    154.5909
		P^-1: 
			    0.0865    -0.0449    -0.0162
			    -0.0449    0.2372    -0.0148
			    -0.0162    -0.0148    0.0317
		A:
			    0.3482    0.9002    -0.2616
			    -0.4938    -0.8694    -0.0171
			    0.0729    -0.8464    0.5275
			    -0.1161    -0.8542    0.5068
			    0.9987    0.0478    0.0177
			    0.0521    0.9907    0.1260
		b:
			    334.7660
			    -426.2632
			    -104.7831
			    -186.1457
			    418.8504
			    302.5313
	==================================================================================
	Q4:
		Shape: Hybrid
