3D_50_8_6_c                l = 3

===========================================================================================
===========================================================================================
S1:
	q_c:	110.5	257.5	247.0
	ub :	122.0047	269.5572	257.8847
	lb :	99.1609	244.9195	236.3068

	==================================================================================
	Q1:
		Shape: Polyhedra
		q_c:	106.0	252.0	243.5
		ub :	108.8906	259.0805	250.6932
		lb :	103.1094	244.9195	236.3068
		A:
			-0.8159	-0.253	0.5199
			-0.8858	-0.286	0.3654
			0.392	0.0519	-0.9185
			-0.9568	-0.2735	-0.0984
			0.7399	-0.6091	-0.2856
			0.82	0.3808	-0.4272
			0.9984	0.0016	0.0557
			-0.0386	-0.7013	0.7118
			0.0402	-0.7128	-0.7002
			-0.9984	-0.0016	-0.0557
			0.0386	0.7013	-0.7118
			-0.0402	0.7128	0.7002
		b:
			-20.1667
			-73.8445
			-164.2792
			-191.5089
			-140.4254
			82.2447
			122.2885
			-3.0026
			-340.3709
			-117.2885
			12.0026
			351.3709
	==================================================================================
	Q2:
		Shape: Polyhedra
		q_c:	111.5	252.5	251.5
		ub :	114.1552	255.1815	255.4344
		lb :	108.8448	249.8185	247.5656
		A:
			0.1	0.9514	0.2914
			0.6165	0.7482	-0.2452
			0.5389	0.7702	-0.3411
			0.5167	0.798	-0.3101
			-0.9257	-0.062	-0.3731
			-0.9293	-0.3691	-0.0101
			0.7838	0.6175	0.066
			0.5885	-0.7724	0.2388
			0.1984	-0.1483	-0.9688
			-0.7838	-0.6175	-0.066
			-0.5885	0.7724	-0.2388
			-0.1984	0.1483	0.9688
		b:
			326.6312
			197.377
			170.3743
			182.6473
			-211.1521
			-198.2005
			260.9073
			-67.3692
			-255.492
			-258.9073
			71.3692
			262.492
	==================================================================================
	Q3:
		Shape: Polyhedra
		q_c:	113.5	260.0	252.0
		ub :	118.9228	266.035	257.8847
		lb :	108.0772	253.965	246.1153
		A:
			0.2992	-0.9175	0.2621
			0.6845	-0.7161	0.137
			-0.3018	-0.9155	-0.2661
			0.2389	0.4093	0.8806
			0.5543	-0.2018	0.8075
			-0.5522	0.151	0.8199
			0.7423	0.3875	0.5466
			-0.1734	-0.6769	0.7154
			0.6472	-0.6259	-0.4353
			-0.7423	-0.3875	-0.5466
			0.1734	0.6769	-0.7154
			-0.6472	0.6259	0.4353
		b:
			-134.8018
			-70.1678
			-335.9503
			358.743
			217.1373
			187.0329
			325.7473
			-11.8865
			-194.9565
			-319.7473
			18.8865
			202.9565
	==================================================================================
	Q4:
		Shape: Hybrid
		q_c:	115.0	263.5	247.5
		ub :	117.9455	267.6415	250.2538
		lb :	112.0545	259.3585	244.7462
		P^-1:
			0.3845	-0.1328	-0.0168
			-0.1328	0.1503	-0.0332
			-0.0168	-0.0332	0.2413
		A:
			0.8378	0.4392	-0.3243
			-0.5297	0.828	-0.1839
			-0.9711	0.2383	-0.0169
			0.4612	0.5551	-0.6922
			-0.9702	-0.2252	-0.0893
			0.653	0.0145	0.7572
		b:
			133.6927
			113.1827
			-52.206
			29.7193
			-191.3326
			267.8282
	==================================================================================
	Q5:
		Shape: Ellipse
		q_c:	118.0	258.5	244.5
		ub :	122.0047	263.5135	249.4335
		lb :	113.9953	253.4865	239.5665
		P^-1:
			0.1288	0.0212	0.0102
			0.0212	0.1284	0.0255
			0.0102	0.0255	0.0955
	==================================================================================
	Q6:
		Shape: Hybrid
		q_c:	104.5	263.0	248.0
		ub :	109.8391	269.5572	254.1323
		lb :	99.1609	256.4428	241.8677
		P^-1:
			0.0704	-0.0081	-0.0048
			-0.0081	0.0708	0.0049
			-0.0048	0.0049	0.0654
		A:
			0.7839	0.4369	-0.4411
			-0.6126	-0.3208	0.7223
			0.3006	0.4111	0.8606
			-0.3221	0.9466	0.012
			0.8018	-0.4521	0.3907
			-0.6979	-0.6563	0.2866
		b:
			89.6052
			32.9031
			355.1302
			220.1907
			63.8194
			-172.2273


===========================================================================================
===========================================================================================
S2:
	q_c:	45.5	219.5	199.5
	ub :	73.2196	247.436	227.4877
	lb :	18.3776	198.2109	174.0633

	==================================================================================
	Q1:
		Shape: Polyhedra
		q_c:	62.0	229.5	213.0
		ub :	73.2196	239.9576	225.1328
		lb :	50.7804	219.0424	200.8672
		A:
			-0.2202	0.2749	-0.9359
			-0.7366	-0.1494	-0.6596
			-0.6958	0.4293	-0.5758
			-0.3496	-0.9146	0.203
			0.0236	0.6908	-0.7226
			0.8923	0.4274	-0.1457
			0.4855	0.6191	0.6172
			-0.8313	0.1084	0.5452
			0.2707	-0.7778	0.5673
			-0.4855	-0.6191	-0.6172
			0.8313	-0.1084	-0.5452
			-0.2707	0.7778	-0.5673
		b:
			-143.0886
			-213.1913
			-60.5091
			-181.4198
			12.6434
			129.5516
			311.1595
			96.4567
			-34.386
			-296.1595
			-82.4567
			47.386
	==================================================================================
	Q2:
		Shape: Hybrid
		q_c:	59.5	211.0	187.0
		ub :	72.9232	223.7891	199.9367
		lb :	46.0768	198.2109	174.0633
		P^-1:
			0.0227	0.0024	-0.0113
			0.0024	0.0143	-0.0044
			-0.0113	-0.0044	0.0182
		A:
			-0.925	-0.154	0.3473
			-0.482	-0.8531	0.1995
			0.3561	0.5066	-0.7852
			0.5903	-0.6143	-0.5236
			-0.973	0.1221	0.1959
			-0.7796	0.0884	0.62
		b:
			-19.0725
			-166.3758
			-14.9838
			-187.4082
			8.8112
			91.372
	==================================================================================
	Q3:
		Shape: Hybrid
		q_c:	62.0	236.5	205.0
		ub :	72.6836	247.436	213.6835
		lb :	51.3164	225.564	196.3165
		P^-1:
			0.0443	0.0005	-0.0471
			0.0005	0.0111	-0.0007
			-0.0471	-0.0007	0.0778
		A:
			0.6645	0.3196	-0.6755
			-0.3907	0.2718	0.8795
			0.5115	-0.6043	-0.6109
			0.3232	0.0018	-0.9463
			0.6411	0.357	-0.6794
			0.2413	0.115	-0.9636
		b:
			-18.8679
			223.1338
			-231.6349
			-171.1028
			-12.0887
			-152.3874
	==================================================================================
	Q4:
		Shape: Ellipse
		q_c:	29.5	219.5	188.0
		ub :	40.6224	231.838	198.8469
		lb :	18.3776	207.162	177.1531
		P^-1:
			0.0278	0.0202	-0.0039
			0.0202	0.0292	-0.0033
			-0.0039	-0.0033	0.013
	==================================================================================
	Q5:
		Shape: Polyhedra
		q_c:	37.5	232.0	187.0
		ub :	45.4983	239.3364	196.0422
		lb :	29.5017	224.6636	177.9578
		A:
			-0.5653	0.814	0.1332
			0.7159	-0.3583	0.5992
			-0.5499	0.7431	0.3815
			0.2591	0.3011	-0.9177
			0.7315	0.5863	-0.3481
			-0.5014	0.7692	0.3962
			0.2997	0.5695	0.7654
			0.9197	0.0409	-0.3906
			-0.2537	0.821	-0.5114
			-0.2997	-0.5695	-0.7654
			-0.9197	-0.0409	0.3906
			0.2537	-0.821	0.5114
		b:
			197.6364
			60.7991
			228.4768
			-86.8354
			103.6887
			239.1282
			292.4899
			-23.5535
			89.8152
			-280.4899
			34.5535
			-80.8152
	==================================================================================
	Q6:
		Shape: Hybrid
		q_c:	32.0	215.5	215.0
		ub :	43.574	228.0326	227.4877
		lb :	20.426	202.9674	202.5123
		P^-1:
			0.0224	0.0006	-0.0056
			0.0006	0.0128	0.0032
			-0.0056	0.0032	0.0215
		A:
			-0.1122	0.0973	-0.9889
			-0.4455	-0.2559	0.8579
			0.2107	-0.6743	-0.7078
			-0.6828	-0.5123	0.5208
			-0.5242	0.7924	-0.3119
			0.666	0.363	-0.6517
		b:
			-190.6233
			118.9647
			-286.6648
			-16.0796
			93.2044
			-36.7595


===========================================================================================
===========================================================================================
S3:
	q_c:	109.5	410.0	482.5
	ub :	131.2137	435.1069	512.7347
	lb :	80.8856	382.0679	455.0558

	==================================================================================
	Q1:
		Shape: Polyhedra
		q_c:	104.5	423.0	473.5
		ub :	116.6187	435.1069	482.167
		lb :	92.3813	410.8931	464.833
		A:
			0.2806	-0.647	0.709
			0.0737	-0.5716	0.8172
			-0.9839	0.012	0.1785
			0.3865	-0.0201	-0.9221
			-0.2398	-0.5166	0.822
			0.6437	0.5774	-0.5022
			0.6484	0.3693	0.6658
			-0.5511	-0.3757	0.7451
			0.5253	-0.85	-0.0401
			-0.6484	-0.3693	-0.6658
			0.5511	0.3757	-0.7451
			-0.5253	0.85	0.0401
		b:
			98.6621
			159.0927
			-6.3425
			-399.554
			150.4602
			78.3197
			547.2067
			140.2852
			-314.6264
			-531.2067
			-132.2852
			332.6264
	==================================================================================
	Q2:
		Shape: Polyhedra
		q_c:	92.0	418.5	472.0
		ub :	103.1144	425.5614	482.9586
		lb :	80.8856	411.4386	461.0414
		A:
			0.3728	0.4276	0.8235
			-0.7223	-0.5824	-0.3731
			-0.4078	0.1702	-0.8971
			0.2221	0.938	0.266
			-0.4674	0.8814	0.0683
			0.2045	-0.912	0.3556
			0.948	0.2	0.2474
			-0.2735	0.1156	0.9549
			0.1624	-0.9729	0.1643
			-0.948	-0.2	-0.2474
			0.2735	-0.1156	-0.9549
			-0.1624	0.9729	-0.1643
		b:
			610.2963
			-478.237
			-381.6491
			544.5552
			363.3934
			-190.2777
			296.1904
			482.4301
			-310.1662
			-279.1904
			-465.4301
			319.1662
	==================================================================================
	Q3:
		Shape: Hybrid
		q_c:	93.0	409.0	495.0
		ub :	103.7959	421.3462	507.1257
		lb :	82.2041	396.6538	482.8743
		P^-1:
			0.016	-0.0044	-0.0026
			-0.0044	0.0224	0.006
			-0.0026	0.006	0.0143
		A:
			0.0891	-0.2869	-0.9538
			-0.1726	-0.971	0.1654
			-0.0013	-0.6108	-0.7918
			-0.3695	0.7525	0.5451
			-0.9502	0.2971	-0.0938
			-0.4505	-0.666	0.5945
		b:
			-576.1611
			-326.3827
			-637.7914
			546.3184
			-8.4479
			-13.8954
	==================================================================================
	Q4:
		Shape: Polyhedra
		q_c:	109.0	409.5	498.0
		ub :	121.5108	422.594	512.7347
		lb :	96.4892	396.406	483.2653
		A:
			0.0526	0.2733	-0.9605
			0.5823	0.5246	-0.6211
			0.9056	0.422	-0.0425
			-0.1786	-0.9537	0.2418
			-0.9443	0.1375	-0.299
			-0.606	-0.5397	-0.5843
			0.3584	0.7002	0.6175
			0.8882	-0.052	-0.4566
			-0.2876	0.712	-0.6405
			-0.3584	-0.7002	-0.6175
			-0.8882	0.052	0.4566
			0.2876	-0.712	0.6405
		b:
			-352.2522
			-23.066
			258.5898
			-280.788
			-187.3139
			-568.7085
			642.7966
			-144.3508
			-50.2538
			-623.7966
			159.3508
			67.2538
	==================================================================================
	Q5:
		Shape: Polyhedra
		q_c:	118.0	393.5	485.5
		ub :	131.2137	404.9321	497.5988
		lb :	104.7863	382.0679	473.4012
		A:
			0.5014	0.5277	-0.6857
			-0.1014	-0.4494	0.8876
			-0.0025	0.3588	0.9334
			0.5272	-0.0948	0.8444
			0.5215	0.8026	-0.2896
			-0.5735	-0.8178	0.0488
			0.386	0.6335	0.6706
			0.0323	-0.7357	0.6765
			0.9219	-0.2395	-0.3044
			-0.386	-0.6335	-0.6706
			-0.0323	0.7357	-0.6765
			-0.9219	0.2395	0.3044
		b:
			-58.4901
			248.2809
			601.9274
			441.8926
			243.8131
			-358.3882
			627.9017
			48.225
			-122.2398
			-612.9017
			-37.225
			144.2398
	==================================================================================
	Q6:
		Shape: Polyhedra
		q_c:	110.5	403.0	467.5
		ub :	122.9175	414.1929	479.9442
		lb :	98.0825	391.8071	455.0558
		A:
			0.189	-0.188	0.9638
			0.5475	0.7554	-0.36
			0.312	-0.9162	-0.2515
			-0.1977	0.9411	-0.2744
			-0.2963	-0.4627	-0.8355
			0.6764	0.5298	0.5117
			0.0855	0.8024	0.5906
			0.6349	0.4129	-0.653
			-0.7678	0.4308	-0.4742
			-0.0855	-0.8024	-0.5906
			-0.6349	-0.4129	0.653
			0.7678	-0.4308	0.4742
		b:
			403.7613
			204.1519
			-446.0008
			236.8166
			-603.8095
			534.1617
			613.9294
			-60.7028
			-123.8923
			-603.9294
			76.7028
			141.8923


===========================================================================================
===========================================================================================
S4:
	q_c:	118.0	246.5	222.5
	ub :	123.9748	251.3439	229.8162
	lb :	112.1146	240.4162	217.4957

	==================================================================================
	Q1:
		Shape: Ellipse
		q_c:	118.0	248.5	222.0
		ub :	121.112	251.2356	225.019
		lb :	114.888	245.7644	218.981
		P^-1:
			0.3615	0.229	0.1833
			0.229	0.5025	0.3426
			0.1833	0.3426	0.546
	==================================================================================
	Q2:
		Shape: Polyhedra
		q_c:	122.0	246.0	225.5
		ub :	123.9748	247.9872	226.9773
		lb :	120.0252	244.0128	224.0227
		A:
			-0.0593	0.8376	-0.5431
			0.9835	-0.1761	-0.0409
			0.3958	0.8054	0.4413
			-0.386	0.8287	-0.4053
			-0.2133	-0.1759	0.961
			-0.2288	-0.1597	-0.9603
			0.6904	0.4654	0.5538
			-0.5232	0.85	-0.0621
			-0.4996	-0.2469	0.8303
			-0.6904	-0.4654	-0.5538
			0.5232	-0.85	0.0621
			0.4996	0.2469	-0.8303
		b:
			77.6508
			68.6892
			347.0373
			66.8148
			148.4241
			-282.7466
			324.612
			132.7556
			66.5554
			-322.612
			-129.7556
			-64.5554
	==================================================================================
	Q3:
		Shape: Polyhedra
		q_c:	118.0	247.0	220.5
		ub :	119.8932	249.0905	223.0719
		lb :	116.1068	244.9095	217.9281
		A:
			-0.0945	-0.7394	-0.6666
			0.6441	0.3385	-0.686
			-0.5481	0.5906	0.5923
			0.3083	0.3212	-0.8954
			-0.8618	-0.3335	0.3822
			-0.2878	0.4167	-0.8623
			0.5161	0.2537	0.8181
			0.0029	-0.9556	0.2945
			0.8565	-0.1496	-0.494
			-0.5161	-0.2537	-0.8181
			-0.0029	0.9556	-0.2945
			-0.8565	0.1496	0.494
		b:
			-338.99
			9.5473
			213.0314
			-80.2534
			-98.6162
			-119.3617
			305.9514
			-169.2601
			-43.808
			-301.9514
			172.2601
			45.808
	==================================================================================
	Q4:
		Shape: Ellipse
		q_c:	118.5	243.5	223.5
		ub :	121.3959	246.5838	226.2599
		lb :	115.6041	240.4162	220.7401
		P^-1:
			0.4719	0.2356	-0.2638
			0.2356	0.4984	-0.2945
			-0.2638	-0.2945	0.4397
	==================================================================================
	Q5:
		Shape: Polyhedra
		q_c:	120.0	249.0	227.0
		ub :	122.6326	251.3439	229.8162
		lb :	117.3674	246.6561	224.1838
		A:
			0.9931	0.1161	0.0182
			0.151	0.986	0.07
			-0.4026	0.6328	-0.6614
			0.4259	0.4671	0.7749
			0.9294	-0.3383	0.1473
			0.274	-0.3131	0.9094
			0.7652	0.0679	0.6402
			-0.5827	-0.3498	0.7335
			0.2737	-0.9344	-0.2281
			-0.7652	-0.0679	-0.6402
			0.5827	0.3498	-0.7335
			-0.2737	0.9344	0.2281
		b:
			153.9393
			281.2086
			-39.2701
			344.5117
			62.0943
			163.0899
			255.0489
			11.9808
			-250.0935
			-253.0489
			-6.9808
			253.0935
	==================================================================================
	Q6:
		Shape: Polyhedra
		q_c:	115.5	245.5	221.0
		ub :	118.8854	248.4175	224.5043
		lb :	112.1146	242.5825	217.4957
		A:
			0.8793	0.4253	0.2143
			-0.6035	-0.2044	0.7707
			-0.6618	-0.3473	-0.6643
			-0.3095	0.5164	-0.7985
			0.7923	-0.0168	0.6099
			0.5429	-0.712	-0.4454
			0.6623	0.1662	0.7306
			-0.7429	0.0186	0.6692
			0.0976	-0.9859	0.1358
			-0.6623	-0.1662	-0.7306
			0.7429	-0.0186	-0.6692
			-0.0976	0.9859	-0.1358
		b:
			255.7165
			52.4786
			-306.0317
			-82.9646
			224.6449
			-208.2609
			281.2515
			68.6604
			-198.2622
			-276.2515
			-64.6604
			203.2622


===========================================================================================
===========================================================================================
S5:
	q_c:	329.5	258.0	460.5
	ub :	358.3773	287.819	493.0895
	lb :	300.8987	222.4492	437.2655

	==================================================================================
	Q1:
		Shape: Ellipse
		q_c:	323.0	273.5	456.5
		ub :	332.4773	287.819	466.6563
		lb :	313.5227	259.181	446.3437
		P^-1:
			0.0859	0.0009	-0.063
			0.0009	0.0177	-0.0246
			-0.063	-0.0246	0.1019
	==================================================================================
	Q2:
		Shape: Polyhedra
		q_c:	345.5	237.5	463.0
		ub :	358.3773	252.5508	479.1557
		lb :	332.6227	222.4492	446.8443
		A:
			0.5785	0.496	-0.6476
			-0.437	-0.3612	0.8237
			0.1203	0.7134	-0.6903
			0.1524	0.3466	-0.9255
			0.8859	0.3421	-0.3133
			0.9261	-0.0381	-0.3753
			0.441	0.6273	0.6418
			0.8678	-0.1154	-0.4834
			-0.2292	0.7701	-0.5953
			-0.441	-0.6273	-0.6418
			-0.8678	0.1154	0.4834
			0.2292	-0.7701	0.5953
		b:
			24.1359
			150.777
			-102.2101
			-286.039
			250.2187
			143.0
			613.5344
			54.0766
			-165.3789
			-583.5344
			-43.0766
			178.3789
	==================================================================================
	Q3:
		Shape: Hybrid
		q_c:	347.5	234.5	466.5
		ub :	355.2832	244.916	477.5976
		lb :	339.7168	224.084	455.4024
		P^-1:
			0.0376	0.0006	0.0068
			0.0006	0.016	0.001
			0.0068	0.001	0.0198
		A:
			-0.7503	0.5231	0.4043
			0.1264	0.7695	0.6259
			0.9299	0.0421	-0.3653
			0.9959	0.0702	0.0571
			0.7475	-0.6592	0.0815
			-0.8124	0.2785	0.5123
		b:
			54.8934
			521.2714
			166.3283
			391.904
			147.2587
			26.2201
	==================================================================================
	Q4:
		Shape: Hybrid
		q_c:	316.0	250.5	479.5
		ub :	331.1013	266.3161	493.0895
		lb :	300.8987	234.6839	465.9105
		P^-1:
			0.0158	-0.0046	0.0021
			-0.0046	0.0081	-0.0032
			0.0021	-0.0032	0.0159
		A:
			0.7128	-0.6966	0.0819
			-0.7812	-0.4677	0.4135
			0.0051	0.0758	0.9971
			0.7886	-0.5698	0.2311
			0.5587	0.1871	0.808
			0.8774	-0.3042	-0.3711
		b:
			94.9053
			-158.5284
			503.767
			221.2822
			616.8411
			27.7731
	==================================================================================
	Q5:
		Shape: Ellipse
		q_c:	326.0	272.5	468.0
		ub :	344.3765	286.9695	485.0113
		lb :	307.6235	258.0305	450.9887
		P^-1:
			0.0086	0.0028	0.0001
			0.0028	0.0116	-0.002
			0.0001	-0.002	0.0091
	==================================================================================
	Q6:
		Shape: Ellipse
		q_c:	336.5	253.5	451.0
		ub :	351.2423	267.5459	464.7345
		lb :	321.7577	239.4541	437.2655
		P^-1:
			0.0144	0.0012	-0.0028
			0.0012	0.0117	-0.0004
			-0.0028	-0.0004	0.0151


===========================================================================================
===========================================================================================
S6:
	q_c:	487.5	346.5	273.5
	ub :	503.0949	358.938	287.8453
	lb :	477.3018	335.3007	260.162

	==================================================================================
	Q1:
		Shape: Hybrid
		q_c:	483.5	348.5	276.5
		ub :	489.6982	352.6278	282.9065
		lb :	477.3018	344.3722	270.0935
		P^-1:
			0.0816	0.0017	0.035
			0.0017	0.111	-0.002
			0.035	-0.002	0.0696
		A:
			0.5411	-0.0646	0.8385
			-0.4683	0.1006	-0.8778
			-0.8721	0.3984	-0.2841
			0.5221	0.4806	0.7045
			-0.9868	-0.1386	-0.0834
			-0.2916	-0.9541	-0.0674
		b:
			472.6406
			-432.2546
			-359.5375
			616.3778
			-546.234
			-490.6505
	==================================================================================
	Q2:
		Shape: Ellipse
		q_c:	487.0	353.0	274.0
		ub :	494.2199	358.938	281.123
		lb :	479.7801	347.062	266.877
		P^-1:
			0.0564	-0.0125	0.0046
			-0.0125	0.0716	-0.0082
			0.0046	-0.0082	0.0524
	==================================================================================
	Q3:
		Shape: Polyhedra
		q_c:	488.0	349.0	282.5
		ub :	494.1099	353.8305	287.8453
		lb :	481.8901	344.1695	277.1547
		A:
			-0.9224	0.2481	-0.296
			-0.1468	-0.885	0.4418
			-0.4539	-0.6573	0.6016
			0.0799	0.9782	-0.1915
			-0.9778	-0.1047	-0.1814
			0.6424	0.7641	-0.0588
			0.5684	0.5329	0.6269
			0.0046	-0.764	0.6453
			0.8227	-0.3639	-0.4367
			-0.5684	-0.5329	-0.6269
			-0.0046	0.764	-0.6453
			-0.8227	0.3639	0.4367
		b:
			-443.0042
			-253.9756
			-278.4078
			328.5812
			-560.6983
			566.6092
			643.9489
			-80.6105
			156.1103
			-636.9489
			83.6105
			-146.1103
	==================================================================================
	Q4:
		Shape: Polyhedra
		q_c:	493.0	350.0	281.5
		ub :	499.9679	355.7077	287.6903
		lb :	486.0321	344.2923	275.3097
		A:
			0.9164	-0.3999	-0.0156
			-0.673	0.4518	0.5857
			0.1969	0.7745	0.6011
			0.4327	-0.6353	-0.6397
			-0.8572	-0.3701	-0.358
			-0.3991	0.6276	0.6684
			0.3731	0.8761	0.3054
			0.5216	0.0741	-0.85
			-0.7673	0.4764	-0.4293
			-0.3731	-0.8761	-0.3054
			-0.5216	-0.0741	0.85
			0.7673	-0.4764	0.4293
		b:
			312.1789
			-4.8972
			540.861
			-185.346
			-648.7664
			214.7657
			580.0217
			47.3417
			-327.4032
			-573.0217
			-40.3417
			337.4032
	==================================================================================
	Q5:
		Shape: Hybrid
		q_c:	497.0	342.0	266.5
		ub :	503.0949	348.6993	272.838
		lb :	490.9051	335.3007	260.162
		P^-1:
			0.0609	-0.0005	0.0063
			-0.0005	0.0681	0.0145
			0.0063	0.0145	0.0646
		A:
			0.1778	-0.8673	-0.4649
			-0.2389	0.0542	0.9695
			-0.0409	0.3492	0.9362
			-0.0664	-0.9608	-0.2691
			-0.5096	-0.3822	0.7708
			-0.602	-0.7331	0.3165
		b:
			-330.2951
			160.559
			350.5654
			-431.3667
			-175.8783
			-462.9743
	==================================================================================
	Q6:
		Shape: Ellipse
		q_c:	496.0	344.0	277.0
		ub :	501.2152	348.7323	282.4761
		lb :	490.7848	339.2677	271.5239
		P^-1:
			0.0829	0.0086	-0.0052
			0.0086	0.1377	-0.0343
			-0.0052	-0.0343	0.1026


===========================================================================================
===========================================================================================
S7:
	q_c:	226.5	423.5	221.0
	ub :	240.1677	433.6093	234.8631
	lb :	213.0838	407.7989	215.8875

	==================================================================================
	Q1:
		Shape: Polyhedra
		q_c:	217.5	422.5	225.0
		ub :	221.7554	428.6468	230.8059
		lb :	213.2446	416.3532	219.1941
		A:
			0.5365	-0.8408	-0.0717
			-0.6307	0.5967	0.4962
			0.9594	-0.2428	-0.1434
			-0.5054	0.1203	0.8545
			-0.6293	0.2245	0.7441
			0.748	-0.2806	-0.6014
			0.643	0.5507	0.5322
			0.1662	-0.7787	0.6049
			0.7476	-0.3005	-0.5923
			-0.643	-0.5507	-0.5322
			-0.1662	0.7787	-0.6049
			-0.7476	0.3005	0.5923
		b:
			-250.8821
			228.9496
			76.3367
			135.7101
			127.5642
			-89.184
			495.2702
			-151.7565
			-95.6473
			-489.2702
			161.7565
			99.6473
	==================================================================================
	Q2:
		Shape: Polyhedra
		q_c:	221.5	414.5	226.5
		ub :	229.1152	421.2011	234.2354
		lb :	213.8848	407.7989	218.7646
		A:
			0.006	-0.7933	0.6089
			0.569	-0.3328	0.752
			-0.4641	-0.5828	0.6671
			-0.852	0.274	-0.4462
			-0.3366	0.3159	-0.8871
			-0.4352	-0.6526	-0.6203
			0.5693	0.2204	0.7921
			-0.8163	0.2661	0.5126
			-0.0978	-0.9384	0.3314
			-0.5693	-0.2204	-0.7921
			0.8163	-0.2661	-0.5126
			0.0978	0.9384	-0.3314
		b:
			-185.1116
			162.6188
			-188.2445
			-171.5013
			-140.3323
			-503.2308
			400.8356
			51.6088
			-331.0832
			-392.8356
			-39.6088
			340.0832
	==================================================================================
	Q3:
		Shape: Ellipse
		q_c:	229.0	420.0	219.5
		ub :	232.6867	423.6569	223.1125
		lb :	225.3133	416.3431	215.8875
		P^-1:
			0.2647	0.1808	0.0144
			0.1808	0.2602	0.0142
			0.0144	0.0142	0.0828
	==================================================================================
	Q4:
		Shape: Ellipse
		q_c:	227.0	430.0	221.0
		ub :	232.3002	433.6093	225.9716
		lb :	221.6998	426.3907	216.0284
		P^-1:
			0.2141	0.0531	0.1808
			0.0531	0.1961	0.0853
			0.1808	0.0853	0.2343
	==================================================================================
	Q5:
		Shape: Ellipse
		q_c:	222.5	418.5	227.5
		ub :	231.9162	427.6579	234.8631
		lb :	213.0838	409.3421	220.1369
		P^-1:
			0.0395	0.0104	-0.0143
			0.0104	0.0306	-0.0098
			-0.0143	-0.0098	0.0439
	==================================================================================
	Q6:
		Shape: Ellipse
		q_c:	235.0	423.0	223.5
		ub :	240.1677	429.0068	229.0181
		lb :	229.8323	416.9932	217.9819
		P^-1:
			0.0816	0.0	0.0
			0.0	0.0816	0.0
			0.0	0.0	0.0816


===========================================================================================
===========================================================================================
S8:
	q_c:	499.0	373.0	203.5
	ub :	508.565	382.9958	213.6699
	lb :	492.1973	366.5545	194.8103

	==================================================================================
	Q1:
		Shape: Ellipse
		q_c:	494.5	376.5	202.0
		ub :	496.8027	379.0638	204.2507
		lb :	492.1973	373.9362	199.7493
		P^-1:
			0.4444	-0.0	-0.0
			-0.0	0.4444	-0.0
			-0.0	-0.0	0.4444
	==================================================================================
	Q2:
		Shape: Hybrid
		q_c:	505.0	374.0	207.0
		ub :	508.565	377.5711	209.8287
		lb :	501.435	370.4289	204.1713
		P^-1:
			0.1838	0.0395	-0.0042
			0.0395	0.2265	0.0025
			-0.0042	0.0025	0.2497
		A:
			0.3617	-0.4966	0.7891
			-0.321	-0.1795	-0.9299
			-0.7694	-0.0169	0.6386
			0.3829	-0.751	0.538
			-0.6587	0.4722	-0.5858
			-0.5337	0.7297	0.4274
		b:
			161.4651
			-420.6808
			-261.4865
			25.1547
			-275.9352
			93.2409
	==================================================================================
	Q3:
		Shape: Ellipse
		q_c:	501.0	371.0	200.0
		ub :	505.4905	375.4455	203.3792
		lb :	496.5095	366.5545	196.6208
		P^-1:
			0.3519	0.0369	-0.4011
			0.0369	0.1514	-0.1434
			-0.4011	-0.1434	0.7192
	==================================================================================
	Q4:
		Shape: Ellipse
		q_c:	503.5	377.5	200.5
		ub :	508.278	382.9958	205.2563
		lb :	498.722	372.0042	195.7437
		P^-1:
			0.2413	0.0371	0.1794
			0.0371	0.0822	0.0537
			0.1794	0.0537	0.2651
	==================================================================================
	Q5:
		Shape: Polyhedra
		q_c:	500.0	372.5	200.0
		ub :	503.7183	378.1733	205.1897
		lb :	496.2817	366.8267	194.8103
		A:
			-0.7638	0.1742	0.6215
			0.538	-0.8315	0.1387
			0.7582	0.6303	0.1672
			-0.8084	-0.5776	0.1133
			-0.3728	0.9248	0.0757
			0.5204	-0.7036	-0.4838
			0.1789	0.8342	0.5216
			0.1651	0.4972	-0.8518
			-0.9699	0.2385	-0.0488
			-0.1789	-0.8342	-0.5216
			-0.1651	-0.4972	0.8518
			0.9699	-0.2385	0.0488
		b:
			-189.691
			-9.804
			650.7909
			-593.3912
			176.7199
			-95.1959
			508.513
			100.9109
			-403.3744
			-500.513
			-93.9109
			408.3744
	==================================================================================
	Q6:
		Shape: Polyhedra
		q_c:	495.5	372.0	210.5
		ub :	498.4581	375.9851	213.6699
		lb :	492.5419	368.0149	207.3301
		A:
			0.6509	-0.6193	-0.4392
			0.4903	0.0498	-0.8701
			-0.972	-0.1714	0.1609
			-0.7555	0.3115	-0.5764
			-0.0323	0.4457	-0.8946
			-0.0905	0.3935	-0.9149
			0.2655	0.9635	0.0347
			0.9635	-0.2665	0.0256
			0.0339	0.0267	-0.9991
			-0.2655	-0.9635	-0.0347
			-0.9635	0.2665	-0.0256
			-0.0339	-0.0267	0.9991
		b:
			2.2427
			81.1378
			-509.1323
			-377.3997
			-35.4525
			-88.0043
			500.8025
			385.6648
			-180.5919
			-493.8025
			-381.6648
			186.5919


===========================================================================================
===========================================================================================
