3D_50_11_6_a                l = 3

===========================================================================================
===========================================================================================
S1:
	q_c:	142.0	297.0	356.0
	ub :	149.8864	302.6667	363.7196
	lb :	136.3627	291.6362	351.6842

	==================================================================================
	Q1:
		Shape: Hybrid
		q_c:	143.0	298.5	357.5
		ub :	145.0828	300.761	359.4572
		lb :	140.9172	296.239	355.5428
		P^-1:
			0.5484	0.1526	0.1538
			0.1526	0.6685	0.2258
			0.1538	0.2258	0.672
		A:
			-0.6132	-0.677	-0.407
			0.3883	0.759	0.5226
			0.6543	-0.0456	0.7548
			-0.452	0.8687	-0.2027
			0.8177	-0.197	0.5409
			-0.9174	-0.1902	-0.3496
		b:
			-434.7235
			469.439
			350.5568
			123.1809
			252.366
			-312.1979
	==================================================================================
	Q2:
		Shape: Hybrid
		q_c:	147.0	300.0	355.5
		ub :	149.8864	302.6667	358.5228
		lb :	144.1136	297.3333	352.4772
		P^-1:
			0.3608	-0.0632	0.0726
			-0.0632	0.2861	-0.0414
			0.0726	-0.0414	0.2976
		A:
			0.7884	-0.1433	-0.5983
			0.4933	-0.4893	0.7193
			0.1275	0.9918	-0.0125
			0.8865	0.4625	0.0151
			-0.2441	0.6398	-0.7288
			-0.4301	0.8884	0.1606
		b:
			-138.5949
			182.2457
			313.0336
			275.5704
			-102.0982
			261.4597
	==================================================================================
	Q3:
		Shape: Polyhedra
		q_c:	143.0	295.0	355.0
		ub :	146.1038	297.6924	358.1889
		lb :	139.8962	292.3076	351.8111
		A:
			0.0947	-0.5106	-0.8546
			0.6422	-0.7487	-0.1647
			-0.0197	-0.9537	-0.3001
			-0.8148	0.4901	0.3097
			-0.2589	-0.8812	0.3957
			-0.9091	-0.3295	0.255
			0.1753	0.9516	0.2526
			0.5839	0.106	-0.8049
			-0.7927	0.2886	-0.537
			-0.1753	-0.9516	-0.2526
			-0.5839	-0.106	0.8049
			0.7927	-0.2886	0.537
		b:
			-438.4657
			-185.4782
			-388.6964
			140.0388
			-154.4977
			-134.6805
			397.4418
			-168.9398
			-216.8707
			-393.4418
			172.9398
			220.8707
	==================================================================================
	Q4:
		Shape: Polyhedra
		q_c:	140.0	298.0	360.5
		ub :	143.6373	299.9658	363.7196
		lb :	136.3627	296.0342	357.2804
		A:
			0.1822	-0.7319	0.6566
			-0.6927	-0.4842	-0.5345
			-0.0642	-0.836	0.545
			0.3728	-0.3906	0.8417
			-0.3372	0.698	-0.6317
			-0.073	0.8777	0.4737
			0.5609	0.457	0.6903
			-0.8218	0.2064	0.5311
			0.1003	-0.8652	0.4913
			-0.5609	-0.457	-0.6903
			0.8218	-0.2064	-0.5311
			-0.1003	0.8652	-0.4913
		b:
			44.8128
			-431.9306
			-60.9505
			240.5136
			-66.0956
			424.1176
			465.5767
			140.9018
			-66.163
			-461.5767
			-134.9018
			67.163
	==================================================================================
	Q5:
		Shape: Polyhedra
		q_c:	140.0	295.0	354.0
		ub :	142.909	297.9674	356.3158
		lb :	137.091	292.0326	351.6842
		A:
			-0.2901	-0.0289	-0.9566
			0.0472	0.2273	0.9727
			0.6492	0.4179	0.6356
			0.0917	-0.059	-0.994
			0.9263	0.2873	0.2438
			0.4264	-0.6908	0.584
			0.5507	0.2559	0.7945
			0.5622	0.5898	-0.5797
			-0.6169	0.7659	0.1809
			-0.5507	-0.2559	-0.7945
			-0.5622	-0.5898	0.5797
			0.6169	-0.7659	-0.1809
		b:
			-386.5564
			419.327
			440.2445
			-354.9413
			302.2065
			64.4426
			434.8427
			49.4728
			205.6365
			-432.8427
			-45.4728
			-201.6365
	==================================================================================
	Q6:
		Shape: Ellipse
		q_c:	140.0	294.5	358.5
		ub :	142.9736	297.3638	361.3876
		lb :	137.0264	291.6362	355.6124
		P^-1:
			0.3525	-0.0834	0.0634
			-0.0834	0.3177	-0.0476
			0.0634	-0.0476	0.1842


===========================================================================================
===========================================================================================
S2:
	q_c:	17.0	381.0	486.0
	ub :	29.3085	390.6084	496.365
	lb :	3.0786	368.8537	475.0103

	==================================================================================
	Q1:
		Shape: Polyhedra
		q_c:	25.5	374.0	481.5
		ub :	29.3085	379.1463	486.6277
		lb :	21.6915	368.8537	476.3723
		A:
			-0.9371	0.2281	0.2644
			0.9909	-0.069	-0.1155
			-0.9765	0.0443	-0.2111
			0.955	-0.2157	-0.2038
			0.0	-0.9105	0.4136
			-0.7213	-0.6647	0.1947
			0.9493	0.3036	0.0821
			0.3117	-0.9429	-0.1172
			0.0419	0.1368	-0.9897
			-0.9493	-0.3036	-0.0821
			-0.3117	0.9429	0.1172
			-0.0419	-0.1368	0.9897
		b:
			191.8636
			-53.297
			-107.2309
			-151.3425
			-137.2868
			-170.2544
			179.7998
			-397.1158
			-419.8105
			-174.7998
			405.1158
			428.8105
	==================================================================================
	Q2:
		Shape: Hybrid
		q_c:	25.0	386.0	480.5
		ub :	29.0458	390.6084	484.3486
		lb :	20.9542	381.3916	476.6514
		P^-1:
			0.3452	0.2039	-0.0389
			0.2039	0.4761	0.4046
			-0.0389	0.4046	0.6631
		A:
			-0.579	-0.745	0.3312
			0.3022	-0.2418	-0.9221
			-0.5444	0.2403	0.8037
			-0.1826	0.719	0.6706
			-0.1915	-0.8772	-0.4402
			-0.8263	-0.4699	-0.3105
		b:
			-141.1147
			-527.9962
			466.1342
			596.38
			-553.6343
			-349.9513
	==================================================================================
	Q3:
		Shape: Polyhedra
		q_c:	16.5	378.0	488.5
		ub :	21.8052	381.494	493.9797
		lb :	11.1948	374.506	483.0203
		A:
			0.8039	-0.1661	0.5711
			0.6575	-0.7527	0.0334
			-0.0115	-0.9999	0.0033
			-0.0959	0.7057	0.702
			-0.0746	-0.9945	-0.0737
			0.8971	-0.4399	-0.0409
			0.7799	0.2035	0.5919
			-0.5054	-0.353	0.7874
			0.3691	-0.9132	-0.1724
			-0.7799	-0.2035	-0.5919
			0.5054	0.353	-0.7874
			-0.3691	0.9132	0.1724
		b:
			232.7762
			-255.4584
			-374.4192
			610.5999
			-410.9926
			-168.7596
			382.4292
			246.874
			-421.8361
			-375.4292
			-238.874
			424.8361
	==================================================================================
	Q4:
		Shape: Polyhedra
		q_c:	23.5	385.0	480.0
		ub :	28.0605	388.5127	484.9897
		lb :	18.9395	381.4873	475.0103
		A:
			0.9383	0.117	0.3253
			-0.6431	-0.6068	-0.4672
			-0.5991	-0.64	-0.4812
			0.5999	0.2277	0.767
			0.5432	0.6082	0.5788
			-0.809	0.5674	-0.1537
			0.6639	0.5399	0.5174
			0.5297	-0.8279	0.1842
			0.5279	0.1518	-0.8356
			-0.6639	-0.5399	-0.5174
			-0.5297	0.8279	-0.1842
			-0.5279	-0.1518	0.8356
		b:
			225.1539
			-472.3771
			-490.8313
			471.6371
			525.5453
			128.6482
			472.3488
			-214.8628
			-325.2602
			-471.3488
			220.8628
			335.2602
	==================================================================================
	Q5:
		Shape: Ellipse
		q_c:	8.0	380.5	489.0
		ub :	12.9214	385.5924	492.2437
		lb :	3.0786	375.4076	485.7563
		P^-1:
			0.0641	-0.0104	0.022
			-0.0104	0.1315	-0.1466
			0.022	-0.1466	0.3739
	==================================================================================
	Q6:
		Shape: Ellipse
		q_c:	16.5	379.5	491.0
		ub :	22.0345	383.2061	496.365
		lb :	10.9655	375.7939	485.635
		P^-1:
			0.0978	0.1259	0.0258
			0.1259	0.3865	0.0577
			0.0258	0.0577	0.072


===========================================================================================
===========================================================================================
S3:
	q_c:	300.5	526.0	327.5
	ub :	324.1531	551.6844	347.5492
	lb :	275.6879	507.9482	303.0306

	==================================================================================
	Q1:
		Shape: Polyhedra
		q_c:	310.0	515.5	333.0
		ub :	318.916	523.0518	340.84
		lb :	301.084	507.9482	325.16
		A:
			0.9555	-0.2845	-0.0784
			0.4392	0.8065	-0.3957
			-0.9199	0.2981	-0.2548
			-0.9628	-0.2692	-0.0231
			0.1741	-0.7169	0.6751
			-0.9241	-0.3179	0.2123
			0.5084	0.4064	0.7592
			-0.3906	0.8946	-0.2173
			-0.7674	-0.1861	0.6135
			-0.5084	-0.4064	-0.7592
			0.3906	-0.8946	0.2173
			0.7674	0.1861	-0.6135
		b:
			129.3366
			426.0935
			-211.0965
			-439.3921
			-85.2849
			-373.6008
			623.3999
			273.2274
			-123.0201
			-616.3999
			-262.2274
			136.0201
	==================================================================================
	Q2:
		Shape: Polyhedra
		q_c:	291.0	536.0	320.0
		ub :	304.1146	547.5281	332.5834
		lb :	277.8854	524.4719	307.4166
		A:
			-0.9364	0.2306	-0.2647
			0.0858	0.6097	0.788
			0.9338	-0.298	-0.1981
			-0.8682	0.455	-0.1979
			-0.7242	0.3753	0.5785
			-0.0572	0.8223	-0.5662
			0.7502	0.2924	0.593
			-0.4446	-0.4408	0.7798
			0.4894	-0.8486	-0.2007
			-0.7502	-0.2924	-0.593
			0.4446	0.4408	-0.7798
			-0.4894	0.8486	0.2007
		b:
			-225.7206
			611.6125
			55.9534
			-64.7181
			182.6483
			250.392
			573.3113
			-108.1036
			-370.1764
			-556.3113
			124.1036
			383.1764
	==================================================================================
	Q3:
		Shape: Ellipse
		q_c:	285.0	530.0	333.5
		ub :	294.3121	541.9902	347.5492
		lb :	275.6879	518.0098	319.4508
		P^-1:
			0.0275	-0.001	-0.0021
			-0.001	0.0241	-0.0077
			-0.0021	-0.0077	0.0115
	==================================================================================
	Q4:
		Shape: Polyhedra
		q_c:	311.5	540.5	315.0
		ub :	324.1531	551.6844	326.9694
		lb :	298.8469	529.3156	303.0306
		A:
			-0.3947	0.7153	0.5766
			0.5252	0.8508	0.0177
			0.3551	0.8494	-0.3903
			0.9099	0.2049	0.3608
			-0.3024	0.7737	0.5567
			-0.1838	-0.9819	-0.046
			0.7035	0.644	0.3005
			-0.6347	0.7596	-0.1419
			-0.3197	-0.0909	0.9432
			-0.7035	-0.644	-0.3005
			0.6347	-0.7596	0.1419
			0.3197	0.0909	-0.9432
		b:
			453.9489
			635.5266
			454.6331
			514.4647
			507.7256
			-595.3224
			667.8984
			176.6461
			157.8742
			-655.8984
			-159.6461
			-138.8742
	==================================================================================
	Q5:
		Shape: Ellipse
		q_c:	307.0	522.0	323.0
		ub :	317.3326	533.1761	333.7615
		lb :	296.6674	510.8239	312.2385
		P^-1:
			0.0144	-0.0014	0.0013
			-0.0014	0.0212	0.0018
			0.0013	0.0018	0.0223
	==================================================================================
	Q6:
		Shape: Ellipse
		q_c:	297.0	534.0	327.5
		ub :	307.2598	543.0273	338.5118
		lb :	286.7402	524.9727	316.4882
		P^-1:
			0.0298	-0.0046	-0.0119
			-0.0046	0.0379	-0.0054
			-0.0119	-0.0054	0.0261


===========================================================================================
===========================================================================================
S4:
	q_c:	266.5	68.0	84.0
	ub :	291.4742	90.1517	109.2684
	lb :	257.3594	45.3601	57.6447

	==================================================================================
	Q1:
		Shape: Ellipse
		q_c:	282.0	64.5	71.5
		ub :	291.4742	74.3144	79.5094
		lb :	272.5258	54.6856	63.4906
		P^-1:
			0.0458	0.0135	-0.0253
			0.0135	0.027	-0.0049
			-0.0253	-0.0049	0.0597
	==================================================================================
	Q2:
		Shape: Ellipse
		q_c:	270.0	58.0	96.5
		ub :	282.1537	66.8917	109.2684
		lb :	257.8463	49.1083	83.7316
		P^-1:
			0.0146	0.0006	-0.001
			0.0006	0.0231	-0.002
			-0.001	-0.002	0.0155
	==================================================================================
	Q3:
		Shape: Ellipse
		q_c:	274.5	58.5	85.5
		ub :	277.369	69.4892	96.5441
		lb :	271.631	47.5108	74.4559
		P^-1:
			0.1598	0.0024	-0.0048
			0.0024	0.0168	-0.0012
			-0.0048	-0.0012	0.0168
	==================================================================================
	Q4:
		Shape: Hybrid
		q_c:	267.5	73.5	68.5
		ub :	277.6406	82.4832	79.3553
		lb :	257.3594	64.5168	57.6447
		P^-1:
			0.019	0.0009	0.003
			0.0009	0.0251	0.0017
			0.003	0.0017	0.0251
		A:
			0.0099	0.0808	0.9967
			-0.3612	0.5302	0.7671
			-0.1041	0.8554	-0.5074
			-0.6814	-0.6944	0.2315
			0.8849	-0.3859	0.2607
			0.8988	-0.0628	0.4339
		b:
			80.2046
			-1.4484
			3.7823
			-213.5237
			230.2404
			269.3511
	==================================================================================
	Q5:
		Shape: Ellipse
		q_c:	273.0	77.0	88.0
		ub :	284.2476	90.1517	98.9196
		lb :	261.7524	63.8483	77.0804
		P^-1:
			0.0414	-0.0105	-0.0218
			-0.0105	0.0146	0.0021
			-0.0218	0.0021	0.036
	==================================================================================
	Q6:
		Shape: Ellipse
		q_c:	271.0	53.0	98.0
		ub :	277.208	60.6399	105.0433
		lb :	264.792	45.3601	90.9567
		P^-1:
			0.1567	-0.0268	-0.0997
			-0.0268	0.0492	0.0369
			-0.0997	0.0369	0.1213


===========================================================================================
===========================================================================================
S5:
	q_c:	480.5	137.5	124.5
	ub :	507.2974	150.2086	146.6462
	lb :	461.1024	116.672	102.4164

	==================================================================================
	Q1:
		Shape: Hybrid
		q_c:	495.0	130.5	113.0
		ub :	507.2974	141.6617	123.5836
		lb :	482.7026	119.3383	102.4164
		P^-1:
			0.0256	-0.0157	0.0137
			-0.0157	0.0347	-0.0183
			0.0137	-0.0183	0.0299
		A:
			0.7526	-0.6166	0.231
			-0.5082	0.0607	-0.8591
			0.1899	-0.8126	0.551
			-0.2611	0.9653	0.0092
			0.5334	-0.4631	0.7079
			-0.444	0.3131	-0.8395
		b:
			321.2672
			-336.5878
			52.9316
			2.0972
			285.941
			-270.6984
	==================================================================================
	Q2:
		Shape: Hybrid
		q_c:	470.0	125.5	124.5
		ub :	478.8976	134.328	133.9013
		lb :	461.1024	116.672	115.0987
		P^-1:
			0.0489	0.0104	-0.0158
			0.0104	0.0345	0.0132
			-0.0158	0.0132	0.0441
		A:
			-0.9499	-0.3121	-0.0191
			-0.2087	-0.7835	-0.5853
			-0.2507	0.9034	0.3478
			0.9451	0.2296	-0.2326
			-0.1063	0.943	0.3154
			-0.4659	-0.2834	0.8382
		b:
			-485.3761
			-266.8016
			42.4389
			446.3289
			111.1969
			-147.1507
	==================================================================================
	Q3:
		Shape: Ellipse
		q_c:	486.5	131.5	114.0
		ub :	491.1602	138.7309	120.9492
		lb :	481.8398	124.2691	107.0508
		P^-1:
			0.3371	-0.0436	-0.169
			-0.0436	0.0542	0.0455
			-0.169	0.0455	0.1434
	==================================================================================
	Q4:
		Shape: Ellipse
		q_c:	472.0	141.5	137.0
		ub :	481.7978	147.2133	146.6462
		lb :	462.2022	135.7867	127.3538
		P^-1:
			0.0477	0.0051	0.0343
			0.0051	0.0809	-0.0051
			0.0343	-0.0051	0.047
	==================================================================================
	Q5:
		Shape: Ellipse
		q_c:	472.5	141.0	116.5
		ub :	480.7999	150.2086	125.5153
		lb :	464.2001	131.7914	107.4847
		P^-1:
			0.039	-0.0017	0.0043
			-0.0017	0.0372	0.0072
			0.0043	0.0072	0.0216
	==================================================================================
	Q6:
		Shape: Polyhedra
		q_c:	485.5	132.0	112.5
		ub :	491.0968	140.3735	120.196
		lb :	479.9032	123.6265	104.804
		A:
			0.9838	0.0264	-0.1774
			-0.6294	0.7768	-0.0202
			0.8086	-0.3298	-0.4872
			-0.9416	-0.291	-0.1693
			0.6515	0.697	-0.2997
			-0.8172	0.4838	0.3131
			0.0513	0.5625	0.8252
			-0.9874	0.1522	-0.0423
			-0.1494	-0.8127	0.5632
			-0.0513	-0.5625	-0.8252
			0.9874	-0.1522	0.0423
			0.1494	0.8127	-0.5632
		b:
			465.7801
			-200.2287
			298.9259
			-509.9161
			380.172
			-293.0396
			197.0095
			-459.5685
			-110.4615
			-187.0095
			468.5685
			122.4615


===========================================================================================
===========================================================================================
S6:
	q_c:	379.5	326.5	296.5
	ub :	385.007	332.9906	300.8685
	lb :	374.3708	321.0813	290.3796

	==================================================================================
	Q1:
		Shape: Polyhedra
		q_c:	378.5	327.5	294.0
		ub :	381.8176	331.0341	297.6204
		lb :	375.1824	323.9659	290.3796
		A:
			0.2734	0.0868	-0.958
			0.5264	-0.2526	-0.8118
			-0.6951	-0.6035	-0.3906
			-0.2187	-0.5685	-0.7931
			-0.9078	0.1558	-0.3895
			-0.2346	-0.96	0.1532
			0.0658	0.7055	0.7057
			-0.5644	0.6095	-0.5567
			-0.8229	-0.3616	0.4382
			-0.0658	-0.7055	-0.7057
			0.5644	-0.6095	0.5567
			0.8229	0.3616	-0.4382
		b:
			-147.479
			-119.8887
			-573.3851
			-500.1122
			-404.9248
			-355.9126
			465.4146
			-175.6677
			-298.5575
			-461.4146
			179.6677
			303.5575
	==================================================================================
	Q2:
		Shape: Hybrid
		q_c:	379.0	330.5	298.0
		ub :	380.8586	332.9906	300.6995
		lb :	377.1414	328.0094	295.3005
		P^-1:
			0.4392	0.0188	-0.0253
			0.0188	0.3771	0.0906
			-0.0253	0.0906	0.3226
		A:
			-0.9701	-0.0717	0.2318
			-0.0906	0.1806	0.9794
			-0.7837	-0.3205	0.532
			0.0081	-0.9497	0.313
			0.8346	-0.2271	0.5019
			0.7687	0.1534	0.621
		b:
			-321.5363
			318.2104
			-243.5574
			-216.4625
			391.7932
			527.968
	==================================================================================
	Q3:
		Shape: Polyhedra
		q_c:	379.0	323.5	295.0
		ub :	381.8904	325.9187	297.7261
		lb :	376.1096	321.0813	292.2739
		A:
			0.0919	0.9133	-0.3968
			0.9125	-0.0585	0.4049
			0.2146	-0.4168	0.8833
			0.2957	-0.4742	-0.8293
			-0.7494	-0.4894	-0.4459
			0.5071	0.8499	-0.1433
			0.6143	0.5023	0.6086
			-0.601	-0.2021	0.7733
			0.5114	-0.8408	0.1777
			-0.6143	-0.5023	-0.6086
			0.601	0.2021	-0.7733
			-0.5114	0.8408	-0.1777
		b:
			214.899
			447.8734
			208.7932
			-284.1788
			-572.3763
			426.5467
			576.3298
			-63.008
			-24.2478
			-573.3298
			67.008
			27.2478
	==================================================================================
	Q4:
		Shape: Polyhedra
		q_c:	377.0	327.5	294.5
		ub :	379.6292	330.1114	296.608
		lb :	374.3708	324.8886	292.392
		A:
			-0.4689	-0.7913	0.3924
			0.1143	-0.9795	0.1659
			-0.3135	0.6934	-0.6487
			-0.4145	-0.8841	0.216
			0.406	0.1903	-0.8939
			-0.041	0.1514	0.9876
			0.5754	0.6529	0.4926
			0.5431	0.1452	-0.827
			-0.6115	0.7434	-0.2711
			-0.5754	-0.6529	-0.4926
			-0.5431	-0.1452	0.827
			0.6115	-0.7434	0.2711
		b:
			-318.9847
			-226.9897
			-80.3264
			-380.6643
			-46.8414
			326.151
			577.3124
			9.7846
			-64.9213
			-574.3124
			-7.7846
			68.9213
	==================================================================================
	Q5:
		Shape: Ellipse
		q_c:	378.5	328.5	298.5
		ub :	381.414	331.2801	300.8685
		lb :	375.586	325.7199	296.1315
		P^-1:
			0.4619	-0.2221	0.2544
			-0.2221	0.4828	-0.2666
			0.2544	-0.2666	0.5554
	==================================================================================
	Q6:
		Shape: Hybrid
		q_c:	382.5	329.0	296.0
		ub :	385.007	331.9298	298.8469
		lb :	379.993	326.0702	293.1531
		P^-1:
			0.7434	0.1625	0.3293
			0.1625	0.3229	-0.0587
			0.3293	-0.0587	0.5381
		A:
			-0.8687	-0.3696	-0.3298
			0.5238	0.0596	0.8497
			-0.556	0.4651	-0.6889
			0.9377	0.3462	-0.0303
			0.9933	-0.1105	-0.0334
			-0.5188	0.4825	-0.7057
		b:
			-550.9348
			472.1902
			-262.7293
			464.3787
			334.8708
			-247.7841


===========================================================================================
===========================================================================================
S7:
	q_c:	178.0	218.5	325.0
	ub :	197.7717	233.4803	336.4188
	lb :	168.9194	203.7382	313.3632

	==================================================================================
	Q1:
		Shape: Hybrid
		q_c:	185.5	226.5	317.0
		ub :	190.5924	231.2658	320.4817
		lb :	180.4076	221.7342	313.5183
		P^-1:
			0.2859	-0.0225	0.4184
			-0.0225	0.0515	-0.0392
			0.4184	-0.0392	0.752
		A:
			0.6233	-0.3253	0.7111
			0.7322	-0.6442	0.221
			0.4468	-0.1384	0.8839
			-0.2631	0.1836	-0.9471
			0.9973	0.0712	-0.0197
			-0.389	-0.5007	-0.7733
		b:
			268.6723
			63.3248
			332.3299
			-306.2533
			198.75
			-428.6078
	==================================================================================
	Q2:
		Shape: Ellipse
		q_c:	189.0	217.5	323.0
		ub :	197.7717	226.0614	332.6368
		lb :	180.2283	208.9386	313.3632
		P^-1:
			0.0281	-0.0016	0.0013
			-0.0016	0.0349	-0.0058
			0.0013	-0.0058	0.0325
	==================================================================================
	Q3:
		Shape: Ellipse
		q_c:	189.0	226.5	331.5
		ub :	195.9495	233.4803	336.4188
		lb :	182.0505	219.5197	326.5812
		P^-1:
			0.0427	-0.0119	0.0077
			-0.0119	0.0588	0.0174
			0.0077	0.0174	0.1051
	==================================================================================
	Q4:
		Shape: Hybrid
		q_c:	188.0	219.0	327.5
		ub :	196.562	228.4102	333.3672
		lb :	179.438	209.5898	321.6328
		P^-1:
			0.0506	0.0328	-0.0079
			0.0328	0.045	0.0025
			-0.0079	0.0025	0.0624
		A:
			-0.6435	-0.7545	0.1288
			-0.6524	-0.316	0.6889
			0.728	0.2661	-0.6318
			-0.7049	-0.6013	0.3764
			-0.2879	-0.7992	-0.5276
			-0.8807	-0.4549	0.1321
		b:
			-242.1264
			35.7661
			-9.5354
			-139.1698
			-399.2352
			-219.6829
	==================================================================================
	Q5:
		Shape: Polyhedra
		q_c:	174.0	209.5	327.0
		ub :	179.0806	215.2618	332.358
		lb :	168.9194	203.7382	321.642
		A:
			0.8058	0.1229	-0.5793
			-0.3407	0.3387	0.8771
			-0.1142	-0.989	-0.094
			0.6066	-0.5241	0.5977
			0.4498	0.6	-0.6616
			0.4057	0.0452	-0.9129
			0.4797	0.5985	0.6416
			0.1995	0.6377	-0.744
			-0.8545	0.4849	0.1865
			-0.4797	-0.5985	-0.6416
			-0.1995	-0.6377	0.744
			0.8545	-0.4849	-0.1865
		b:
			-20.4492
			301.8814
			-254.2652
			194.3586
			-9.3404
			-215.3166
			422.6653
			-71.9781
			16.89
			-414.6653
			77.9781
			-10.89
	==================================================================================
	Q6:
		Shape: Hybrid
		q_c:	185.0	214.0	331.0
		ub :	191.3461	221.4074	335.9274
		lb :	178.6539	206.5926	326.0726
		P^-1:
			0.0664	0.0093	-0.0176
			0.0093	0.0268	0.005
			-0.0176	0.005	0.1041
		A:
			0.2126	0.2945	-0.9317
			0.5699	-0.1868	-0.8002
			-0.0934	-0.1354	-0.9864
			0.8876	-0.1006	-0.4496
			-0.2139	-0.4307	-0.8768
			0.2644	-0.3151	0.9115
		b:
			-203.9644
			-197.5721
			-371.012
			-3.8853
			-419.7389
			285.9182


===========================================================================================
===========================================================================================
S8:
	q_c:	460.5	50.5	394.5
	ub :	482.5467	58.8681	414.8352
	lb :	443.7628	33.4923	379.1277

	==================================================================================
	Q1:
		Shape: Ellipse
		q_c:	452.5	52.0	388.0
		ub :	461.2372	58.8681	396.8723
		lb :	443.7628	45.1319	379.1277
		P^-1:
			0.0352	-0.002	-0.0142
			-0.002	0.0326	-0.0015
			-0.0142	-0.0015	0.0351
	==================================================================================
	Q2:
		Shape: Hybrid
		q_c:	457.5	42.5	389.5
		ub :	463.9854	48.1388	394.9654
		lb :	451.0146	36.8612	384.0346
		P^-1:
			0.1037	0.0397	-0.082
			0.0397	0.0979	-0.0643
			-0.082	-0.0643	0.1509
		A:
			0.9135	-0.3843	0.1336
			-0.2818	0.0457	0.9584
			-0.5995	-0.6053	0.5236
			-0.0264	0.2205	0.975
			0.2889	0.5379	-0.792
			0.4904	-0.1857	-0.8515
		b:
			456.9741
			248.4385
			-94.7668
			380.0232
			-152.1607
			-113.1892
	==================================================================================
	Q3:
		Shape: Hybrid
		q_c:	473.0	50.5	397.0
		ub :	482.5467	56.3682	406.7444
		lb :	463.4533	44.6318	387.2556
		P^-1:
			0.0732	-0.1299	-0.0597
			-0.1299	0.3269	0.1385
			-0.0597	0.1385	0.0825
		A:
			-0.5387	0.7752	0.33
			-0.2274	0.8056	0.5471
			0.3986	-0.9039	-0.1554
			0.4623	-0.8568	-0.2283
			0.1447	0.9494	0.2789
			0.8388	-0.0819	-0.5383
		b:
			-83.2769
			151.7273
			82.7031
			86.0028
			230.2485
			184.0388
	==================================================================================
	Q4:
		Shape: Polyhedra
		q_c:	454.5	47.0	393.5
		ub :	460.1899	52.9996	399.5815
		lb :	448.8101	41.0004	387.4185
		A:
			0.7076	0.6434	-0.2922
			0.7521	0.5574	0.3517
			0.8638	-0.4436	0.2387
			-0.614	-0.5786	-0.5369
			-0.5107	-0.2496	0.8227
			0.6157	0.2282	0.7542
			0.5549	0.4871	0.6744
			-0.2574	0.8714	-0.4176
			-0.7911	0.0582	0.609
			-0.5549	-0.4871	-0.6744
			0.2574	-0.8714	0.4176
			0.7911	-0.0582	-0.609
		b:
			240.936
			508.849
			470.2669
			-515.3657
			84.2089
			589.796
			542.4738
			-234.8708
			-113.1812
			-538.4738
			245.8708
			121.1812
	==================================================================================
	Q5:
		Shape: Hybrid
		q_c:	452.0	46.5	393.5
		ub :	458.162	54.405	400.7299
		lb :	445.838	38.595	386.2701
		P^-1:
			0.0888	-0.0034	-0.0272
			-0.0034	0.0331	-0.0179
			-0.0272	-0.0179	0.0754
		A:
			0.5579	-0.2918	-0.7769
			-0.606	0.4314	0.6683
			-0.8616	0.315	0.398
			0.9825	-0.186	0.008
			0.9639	-0.0288	0.2649
			0.3671	-0.0784	0.9269
		b:
			-64.6285
			11.9119
			-216.1503
			440.632
			541.0737
			529.9166
	==================================================================================
	Q6:
		Shape: Polyhedra
		q_c:	467.5	39.5	408.0
		ub :	473.983	45.5077	414.8352
		lb :	461.017	33.4923	401.1648
		A:
			0.0883	-0.5722	-0.8154
			-0.7789	-0.5319	-0.3322
			0.8285	0.5316	-0.1762
			-0.1557	0.3466	-0.925
			-0.3383	0.8654	-0.3697
			0.9209	-0.34	-0.1908
			0.7798	0.0739	0.6216
			-0.0824	-0.9723	0.219
			0.6205	-0.222	-0.7521
			-0.7798	-0.0739	-0.6216
			0.0824	0.9723	-0.219
			-0.6205	0.222	0.7521
		b:
			-309.8818
			-515.7054
			341.0421
			-431.8713
			-269.8402
			343.3411
			626.108
			17.4159
			-22.0185
			-616.108
			-7.4159
			29.0185


===========================================================================================
===========================================================================================
S9:
	q_c:	338.5	239.5	218.5
	ub :	361.8907	263.4933	241.2374
	lb :	319.4072	221.6257	192.3722

	==================================================================================
	Q1:
		Shape: Ellipse
		q_c:	342.5	251.5	207.0
		ub :	356.171	263.4933	221.6278
		lb :	328.829	239.5067	192.3722
		P^-1:
			0.013	0.0005	0.0011
			0.0005	0.0147	0.0007
			0.0011	0.0007	0.0141
	==================================================================================
	Q2:
		Shape: Ellipse
		q_c:	345.0	237.5	218.5
		ub :	351.4935	243.8297	224.0951
		lb :	338.5065	231.1703	212.9049
		P^-1:
			0.0565	0.0009	-0.0144
			0.0009	0.0702	-0.021
			-0.0144	-0.021	0.0963
	==================================================================================
	Q3:
		Shape: Ellipse
		q_c:	330.5	236.5	205.5
		ub :	340.8316	244.0602	214.5683
		lb :	320.1684	228.9398	196.4317
		P^-1:
			0.0216	0.0002	-0.0103
			0.0002	0.0282	-0.0026
			-0.0103	-0.0026	0.0336
	==================================================================================
	Q4:
		Shape: Polyhedra
		q_c:	350.5	250.5	220.5
		ub :	361.8907	261.5947	227.4784
		lb :	339.1093	239.4053	213.5216
		A:
			0.4118	0.1294	0.902
			0.278	-0.3594	-0.8908
			-0.7042	-0.1172	0.7002
			-0.7666	-0.1393	0.6268
			-0.2058	0.9033	0.3763
			0.4554	-0.6805	-0.5741
			0.6779	0.7339	0.0434
			0.7088	-0.6682	0.2261
			0.1949	-0.1225	-0.9731
			-0.6779	-0.7339	-0.0434
			-0.7088	0.6682	-0.2261
			-0.1949	0.1225	0.9731
		b:
			381.6247
			-183.7816
			-115.9195
			-159.2735
			244.1627
			-130.9156
			438.0186
			138.915
			-171.932
			-424.0186
			-122.915
			181.932
	==================================================================================
	Q5:
		Shape: Polyhedra
		q_c:	329.5	247.5	231.0
		ub :	339.5928	257.8712	241.2374
		lb :	319.4072	237.1288	220.7626
		A:
			0.019	0.1418	0.9897
			0.2412	-0.8324	-0.4989
			-0.8302	0.1586	0.5344
			0.5781	-0.2056	0.7896
			0.4553	0.8876	-0.0695
			0.1017	0.0174	0.9947
			0.1665	0.6335	0.7556
			-0.7354	0.5903	-0.3328
			-0.6568	-0.5003	0.5642
			-0.1665	-0.6335	-0.7556
			0.7354	-0.5903	0.3328
			0.6568	0.5003	-0.5642
		b:
			275.9544
			-236.7826
			-103.5851
			327.1424
			361.0026
			273.5989
			391.2107
			-168.0925
			-201.4233
			-381.2107
			178.0925
			218.4233
	==================================================================================
	Q6:
		Shape: Ellipse
		q_c:	336.5	233.0	211.5
		ub :	348.3351	244.3743	221.1656
		lb :	324.6649	221.6257	201.8344
		P^-1:
			0.0106	0.0029	0.001
			0.0029	0.023	0.0048
			0.001	0.0048	0.0219


===========================================================================================
===========================================================================================
S10:
	q_c:	489.5	28.0	137.0
	ub :	497.0094	36.1234	142.4262
	lb :	485.8966	21.8283	131.2794

	==================================================================================
	Q1:
		Shape: Polyhedra
		q_c:	490.0	28.0	137.5
		ub :	493.4475	30.5736	140.7207
		lb :	486.5525	25.4264	134.2793
		A:
			-0.3032	-0.9424	0.1412
			0.4563	0.8492	0.2658
			-0.5894	-0.7882	0.1771
			-0.4536	0.8242	0.3391
			-0.0499	-0.9982	-0.0334
			0.9159	-0.0786	0.3935
			0.5666	0.242	0.7877
			-0.7325	-0.2898	0.616
			0.3773	-0.926	0.0131
			-0.5666	-0.242	-0.7877
			0.7325	0.2898	-0.616
			-0.3773	0.926	-0.0131
		b:
			-153.7673
			286.0134
			-284.5784
			-150.937
			-55.3122
			502.9926
			395.2108
			-280.3543
			162.2624
			-390.2108
			284.3543
			-159.2624
	==================================================================================
	Q2:
		Shape: Ellipse
		q_c:	493.5	32.0	137.0
		ub :	497.0094	35.4959	139.7342
		lb :	489.9906	28.5041	134.2658
		P^-1:
			0.3617	0.2336	0.311
			0.2336	0.3578	0.2255
			0.311	0.2255	0.6416
	==================================================================================
	Q3:
		Shape: Ellipse
		q_c:	493.0	25.0	134.5
		ub :	496.059	28.1717	137.7206
		lb :	489.941	21.8283	131.2794
		P^-1:
			0.2314	0.0966	0.076
			0.0966	0.3364	0.0571
			0.076	0.0571	0.2866
	==================================================================================
	Q4:
		Shape: Ellipse
		q_c:	492.5	31.0	137.0
		ub :	494.7816	34.497	140.0795
		lb :	490.2184	27.503	133.9205
		P^-1:
			0.4222	0.1587	0.2727
			0.1587	0.2871	0.3084
			0.2727	0.3084	0.6517
	==================================================================================
	Q5:
		Shape: Polyhedra
		q_c:	489.0	32.5	136.0
		ub :	492.1034	36.1234	139.2827
		lb :	485.8966	28.8766	132.7173
		A:
			-0.3891	-0.7574	0.5244
			0.6415	-0.5258	-0.5585
			-0.3938	0.0731	-0.9163
			-0.7211	-0.5353	0.44
			-0.897	-0.3637	-0.2511
			-0.9913	-0.0538	-0.1202
			0.4369	0.6594	0.6118
			-0.5074	0.7423	-0.4377
			-0.7428	-0.1192	0.6588
			-0.4369	-0.6594	-0.6118
			0.5074	-0.7423	0.4377
			0.7428	0.1192	-0.6588
		b:
			-141.6791
			222.3921
			-312.4088
			-308.711
			-482.4601
			-500.8518
			320.7672
			-281.0054
			-276.4958
			-315.7672
			286.0054
			278.4958
	==================================================================================
	Q6:
		Shape: Ellipse
		q_c:	494.0	24.5	140.5
		ub :	495.3945	26.301	142.4262
		lb :	492.6055	22.699	138.5738
		P^-1:
			3.2382	-1.0101	-1.0526
			-1.0101	0.8097	0.3806
			-1.0526	0.3806	0.841


===========================================================================================
===========================================================================================
S11:
	q_c:	360.0	373.5	319.5
	ub :	385.5125	396.7896	333.3142
	lb :	348.5749	353.518	299.3014

	==================================================================================
	Q1:
		Shape: Hybrid
		q_c:	367.5	363.5	324.5
		ub :	376.7402	373.482	333.3142
		lb :	358.2598	353.518	315.6858
		P^-1:
			0.0321	0.001	0.0054
			0.001	0.0322	-0.0081
			0.0054	-0.0081	0.0291
		A:
			0.6313	-0.11	0.7677
			-0.0073	-0.9419	0.3357
			-0.0977	0.8041	-0.5863
			0.5124	0.2105	0.8325
			-0.1957	-0.9016	0.3857
			0.1357	0.1209	0.9833
		b:
			443.9125
			-233.3776
			68.6762
			538.2791
			-271.7537
			416.6206
	==================================================================================
	Q2:
		Shape: Hybrid
		q_c:	373.0	382.5	310.5
		ub :	384.1448	390.3542	321.6986
		lb :	361.8552	374.6458	299.3014
		P^-1:
			0.0264	-0.0147	0.0041
			-0.0147	0.0546	0.0104
			0.0041	0.0104	0.0217
		A:
			0.196	0.8923	0.4067
			0.689	-0.0859	-0.7196
			-0.4386	0.8265	-0.3528
			0.0625	-0.8901	-0.4514
			-0.5295	0.7538	-0.389
			0.2388	-0.2224	0.9452
		b:
			543.5495
			6.8805
			46.1005
			-454.9849
			-26.8713
			302.7021
	==================================================================================
	Q3:
		Shape: Hybrid
		q_c:	352.0	379.5	318.0
		ub :	355.4251	389.7058	328.2222
		lb :	348.5749	369.2942	307.7778
		P^-1:
			0.2446	-0.0065	-0.0343
			-0.0065	0.0188	0.0022
			-0.0343	0.0022	0.0248
		A:
			0.9005	0.3974	0.1764
			0.7634	0.5202	-0.3827
			-0.9132	-0.1096	0.3925
			-0.9255	-0.2722	0.2635
			0.5465	0.6004	0.5838
			-0.955	0.1362	-0.2633
		b:
			526.9622
			348.2529
			-236.4014
			-343.1997
			611.2539
			-365.6565
	==================================================================================
	Q4:
		Shape: Polyhedra
		q_c:	375.0	386.5	320.5
		ub :	385.5125	396.7896	332.3038
		lb :	364.4875	376.2104	308.6962
		A:
			0.3555	-0.1338	-0.925
			0.7416	0.0849	0.6655
			-0.7551	0.6035	-0.2559
			0.247	0.5174	-0.8194
			-0.3486	0.8232	-0.4482
			-0.5083	0.0771	-0.8577
			0.2666	0.63	0.7294
			-0.1465	0.7745	-0.6154
			-0.9526	0.0573	0.2988
			-0.2666	-0.63	-0.7294
			0.1465	-0.7745	0.6154
			0.9526	-0.0573	-0.2988
		b:
			-207.4484
			531.4464
			-124.4558
			37.1907
			50.8362
			-428.6735
			584.2552
			54.1643
			-231.3313
			-570.2552
			-40.1643
			247.3313
	==================================================================================
	Q5:
		Shape: Ellipse
		q_c:	368.5	364.0	314.0
		ub :	377.9009	371.7675	323.0501
		lb :	359.0991	356.2325	304.9499
		P^-1:
			0.0272	-0.0121	0.0066
			-0.0121	0.0656	-0.0229
			0.0066	-0.0229	0.0362
	==================================================================================
	Q6:
		Shape: Polyhedra
		q_c:	370.5	380.5	323.5
		ub :	377.0932	387.9424	331.1646
		lb :	363.9068	373.0576	315.8354
		A:
			0.3851	0.7615	0.5214
			0.8523	0.0795	0.517
			0.6841	0.6983	0.2105
			0.1704	-0.9201	0.3526
			-0.1367	-0.8603	-0.4911
			0.5442	0.7398	-0.3957
			0.63	0.6315	0.4521
			-0.7729	0.4526	0.4447
			0.0762	-0.6296	0.7732
			-0.63	-0.6315	-0.4521
			0.7729	-0.4526	-0.4447
			-0.0762	0.6296	-0.7732
		b:
			604.0214
			517.0386
			590.0395
			-167.9428
			-533.0892
			359.3618
			622.429
			35.7475
			43.8062
			-617.429
			-23.7475
			-33.8062


===========================================================================================
===========================================================================================
