3D_50_20_6_d                l = 3

===========================================================================================
===========================================================================================
S1:
	q_c:    151.0000    405.0000    502.5000
	ub :    167.0000    434.0000    534.0000
	lb :    135.0000    376.0000    471.0000

	==================================================================================
	Q1:
		Shape: Ellipse
		q_c:    134.0000    415.0000    497.0000
		ub :    141.2783    424.7122    507.7587
		lb :    126.7217    405.2878    486.2413
		P^-1: 
			    0.0680    -0.0098    -0.0190
			    -0.0098    0.0385    0.0179
			    -0.0190    0.0179    0.0275
	==================================================================================
	Q2:
		Shape: Polyhedra
		q_c:    157.5000    404.5000    495.5000
		ub :    164.9071    412.2441    500.4230
		lb :    150.0929    396.7559    490.5770
		A:
			    0.0782    0.0756    -0.9941
			    -0.4416    -0.3729    -0.8160
			    -0.7092    0.1795    0.6817
			    0.5933    0.0836    0.8006
			    -0.3066    0.9178    0.2523
			    -0.7283    -0.1101    0.6764
			    0.5890    0.8076    0.0306
			    0.7797    -0.5778    0.2411
			    0.2124    -0.1181    -0.9700
			    -0.5890    -0.8076    -0.0306
			    -0.7797    0.5778    -0.2411
			    -0.2124    0.1181    0.9700
		b:
			    -445.6748
			    -619.7743
			    302.8188
			    528.4058
			    452.7106
			    180.6181
			    441.0990
			    12.0339
			    -490.9724
			    -428.0990
			    -5.0339
			    498.9724
	==================================================================================
	Q3:
		Shape: Ellipse
		q_c:    160.0000    415.0000    505.5000
		ub :    169.7082    424.3992    512.8242
		lb :    150.2918    405.6008    498.1758
		P^-1: 
			    0.0269    -0.0060    -0.0125
			    -0.0060    0.0280    0.0067
			    -0.0125    0.0067    0.0558
	==================================================================================
	Q4:
		Shape: Polyhedra
		q_c:    137.5000    397.0000    510.0000
		ub :    146.7350    406.9584    519.8826
		lb :    128.2650    387.0416    500.1174
		A:
			    0.7726    0.5046    -0.3854
			    -0.7947    0.0222    0.6066
			    -0.7656    0.3659    0.5291
			    0.5751    -0.2862    0.7664
			    0.9581    -0.1328    0.2536
			    -0.0357    0.6934    -0.7197
			    0.0462    0.2035    0.9780
			    -0.8467    0.5275    -0.0697
			    -0.5300    -0.8249    0.1967
			    -0.0462    -0.2035    -0.9780
			    0.8467    -0.5275    0.0697
			    0.5300    0.8249    -0.1967
		b:
			    115.9277
			    216.0280
			    317.2734
			    364.1367
			    215.3418
			    -89.7643
			    594.4058
			    64.4210
			    -294.5541
			    -577.4058
			    -50.4210
			    305.5541
	==================================================================================
	Q5:
		Shape: Ellipse
		q_c:    152.0000    398.5000    499.0000
		ub :    162.3313    408.4191    505.7463
		lb :    141.6687    388.5809    492.2537
		P^-1: 
			    0.0303    0.0211    0.0070
			    0.0211    0.0409    0.0087
			    0.0070    0.0087    0.0382
	==================================================================================
	Q6:
		Shape: Hybrid
		q_c:    141.5000    408.5000    491.5000
		ub :    155.0075    421.5831    502.8558
		lb :    127.9925    395.4169    480.1442
		P^-1: 
			    0.0165    -0.0059    0.0043
			    -0.0059    0.0186    -0.0079
			    0.0043    -0.0079    0.0247
		A:
			    -0.9855    -0.0072    0.1695
			    0.2835    0.0173    0.9588
			    -0.9456    0.2175    -0.2419
			    -0.5535    0.7148    0.4274
			    0.5893    0.4200    -0.6902
			    0.0687    -0.1717    0.9827
		b:
			    -53.4056
			    522.5191
			    -159.1524
			    428.9589
			    -79.1326
			    426.2130


===========================================================================================
===========================================================================================
S2:
	q_c:    114.0000    258.0000    18.0000
	ub :    132.0000    288.0000    33.0000
	lb :    96.0000    228.0000    3.0000

	==================================================================================
	Q1:
		Shape: Ellipse
		q_c:    112.5000    256.5000    31.5000
		ub :    121.6034    265.2873    38.0968
		lb :    103.3966    247.7127    24.9032
		P^-1: 
			    0.0465    0.0279    0.0063
			    0.0279    0.0461    0.0131
			    0.0063    0.0131    0.0562
	==================================================================================
	Q2:
		Shape: Ellipse
		q_c:    118.0000    263.0000    22.0000
		ub :    121.8771    269.0408    27.3303
		lb :    114.1229    256.9592    16.6697
		P^-1: 
			    0.1976    0.0137    0.0670
			    0.0137    0.0573    0.0412
			    0.0670    0.0412    0.1461
	==================================================================================
	Q3:
		Shape: Ellipse
		q_c:    101.5000    273.5000    30.0000
		ub :    107.8513    278.5574    36.6336
		lb :    95.1487    268.4426    23.3664
		P^-1: 
			    0.0866    0.0001    0.0443
			    0.0001    0.1360    0.0351
			    0.0443    0.0351    0.0816
	==================================================================================
	Q4:
		Shape: Polyhedra
		q_c:    116.5000    260.5000    18.5000
		ub :    122.2937    262.9218    23.1896
		lb :    110.7063    258.0782    13.8104
		A:
			    -0.0490    0.9523    -0.3013
			    0.4758    0.8794    -0.0145
			    -0.1008    0.8630    -0.4950
			    -0.2333    0.9100    -0.3427
			    -0.0270    -0.8797    0.4747
			    -0.0167    -0.9300    0.3671
			    0.0643    0.4256    0.9026
			    -0.9971    -0.0099    0.0756
			    0.0411    -0.9049    0.4237
			    -0.0643    -0.4256    -0.9026
			    0.9971    0.0099    -0.0756
			    -0.0411    0.9049    -0.4237
		b:
			    237.5486
			    287.4728
			    204.6156
			    204.7652
			    -222.8547
			    -236.7752
			    139.5553
			    -111.8276
			    -222.5898
			    -130.5553
			    122.8276
			    223.5898
	==================================================================================
	Q5:
		Shape: Polyhedra
		q_c:    118.5000    254.5000    18.0000
		ub :    126.0301    262.3952    26.6850
		lb :    110.9699    246.6048    9.3150
		A:
			    -0.8165    0.0595    0.5743
			    -0.7922    -0.5879    0.1635
			    0.2112    -0.2233    0.9516
			    0.7392    -0.2736    0.6155
			    -0.3162    -0.9214    0.2258
			    -0.2159    -0.9429    -0.2537
			    0.4650    0.6232    0.6288
			    -0.8566    0.1373    0.4973
			    0.2236    -0.7699    0.5977
			    -0.4650    -0.6232    -0.6288
			    0.8566    -0.1373    -0.4973
			    -0.2236    0.7699    -0.5977
		b:
			    -66.7643
			    -235.5653
			    -9.5531
			    34.1415
			    -262.7677
			    -264.7575
			    230.5295
			    -53.1044
			    -153.6820
			    -219.5295
			    62.1044
			    163.6820
	==================================================================================
	Q6:
		Shape: Hybrid
		q_c:    125.0000    258.5000    8.0000
		ub :    130.1714    264.9699    14.2381
		lb :    119.8286    252.0301    1.7619
		P^-1: 
			    0.0775    -0.0061    -0.0050
			    -0.0061    0.0649    0.0020
			    -0.0050    0.0020    0.0642
		A:
			    -0.9593    -0.0366    0.2798
			    -0.6694    -0.7056    0.2323
			    0.9676    -0.2305    -0.1029
			    -0.4470    0.0538    0.8929
			    -0.1528    0.6019    0.7838
			    -0.0431    -0.2114    -0.9765
		b:
			    -125.3218
			    -262.0472
			    62.3133
			    -32.7798
			    144.8337
			    -65.6392


===========================================================================================
===========================================================================================
S3:
	q_c:    237.0000    30.5000    206.5000
	ub :    252.0000    44.0000    227.0000
	lb :    222.0000    17.0000    186.0000

	==================================================================================
	Q1:
		Shape: Polyhedra
		q_c:    249.0000    27.0000    196.0000
		ub :    258.6211    35.5058    205.8351
		lb :    239.3789    18.4942    186.1649
		A:
			    -0.2094    0.5745    -0.7912
			    -0.8064    -0.1348    0.5758
			    0.9750    -0.2192    0.0376
			    -0.0682    -0.7408    0.6682
			    -0.9490    -0.2400    -0.2046
			    -0.5349    0.3044    0.7882
			    0.6641    0.5404    0.5167
			    -0.7143    0.2545    0.6519
			    0.2208    -0.8020    0.5551
			    -0.6641    -0.5404    -0.5167
			    0.7143    -0.2545    -0.6519
			    -0.2208    0.8020    -0.5551
		b:
			    -187.0100
			    -85.2407
			    250.2623
			    98.7093
			    -276.7749
			    35.9669
			    287.2131
			    -36.7223
			    146.6162
			    -275.2131
			    49.7223
			    -137.6162
	==================================================================================
	Q2:
		Shape: Hybrid
		q_c:    250.0000    35.0000    201.0000
		ub :    256.0286    41.1558    205.9709
		lb :    243.9714    28.8442    196.0291
		P^-1: 
			    0.1064    0.0263    -0.0444
			    0.0263    0.0617    -0.0189
			    -0.0444    -0.0189    0.1038
		A:
			    -0.8597    -0.0587    0.5074
			    0.9966    0.0805    0.0180
			    -0.2262    -0.6088    0.7604
			    -0.3192    -0.9031    -0.2873
			    -0.4307    -0.3770    0.8200
			    0.9683    0.1115    -0.2234
		b:
			    -113.4545
			    257.7693
			    76.9151
			    -166.3049
			    45.4196
			    202.8934
	==================================================================================
	Q3:
		Shape: Ellipse
		q_c:    230.0000    33.5000    211.0000
		ub :    240.3473    43.1067    220.0900
		lb :    219.6527    23.8933    201.9100
		P^-1: 
			    0.0326    -0.0158    -0.0010
			    -0.0158    0.0337    -0.0051
			    -0.0010    -0.0051    0.0265
	==================================================================================
	Q4:
		Shape: Polyhedra
		q_c:    248.0000    25.5000    215.5000
		ub :    255.8826    33.7345    222.4057
		lb :    240.1174    17.2655    208.5943
		A:
			    -0.2913    -0.6951    0.6573
			    0.9668    -0.2437    -0.0775
			    -0.0091    -0.3230    0.9464
			    0.9041    0.1722    -0.3911
			    0.7589    0.5008    -0.4163
			    0.0444    0.9670    -0.2511
			    0.4568    0.5830    0.6720
			    0.5541    0.4045    -0.7276
			    -0.6960    0.7046    -0.1383
			    -0.4568    -0.5830    -0.6720
			    -0.5541    -0.4045    0.7276
			    0.6960    -0.7046    0.1383
		b:
			    55.0758
			    221.5045
			    197.4890
			    148.0648
			    114.8424
			    -13.8460
			    278.9472
			    -6.0626
			    -179.4240
			    -266.9472
			    12.0626
			    189.4240
	==================================================================================
	Q5:
		Shape: Ellipse
		q_c:    239.0000    34.0000    202.5000
		ub :    244.6377    38.9428    208.7934
		lb :    233.3623    29.0572    196.2066
		P^-1: 
			    0.1451    -0.0580    0.0903
			    -0.0580    0.1320    -0.0190
			    0.0903    -0.0190    0.1170
	==================================================================================
	Q6:
		Shape: Polyhedra
		q_c:    241.5000    34.5000    220.0000
		ub :    248.6944    43.2277    228.3023
		lb :    234.3056    25.7723    211.6977
		A:
			    0.6780    0.7040    0.2112
			    -0.6951    0.4662    -0.5472
			    -0.2230    0.2552    -0.9408
			    -0.6052    -0.4685    -0.6437
			    -0.6640    0.1932    0.7223
			    -0.1450    0.4612    0.8754
			    0.5076    0.6251    0.5930
			    0.8406    -0.5103    -0.1815
			    0.1892    0.5906    -0.7844
			    -0.5076    -0.6251    -0.5930
			    -0.8406    0.5103    0.1815
			    -0.1892    -0.5906    0.7844
		b:
			    239.9643
			    -267.4085
			    -246.5499
			    -298.4445
			    9.8547
			    178.6342
			    280.1076
			    149.4552
			    -101.0174
			    -269.1076
			    -141.4552
			    112.0174


===========================================================================================
===========================================================================================
S4:
	q_c:    35.0000    371.5000    187.5000
	ub :    56.0000    389.0000    211.0000
	lb :    14.0000    354.0000    164.0000

	==================================================================================
	Q1:
		Shape: Ellipse
		q_c:    49.0000    373.0000    200.5000
		ub :    55.8138    378.8199    205.8732
		lb :    42.1862    367.1801    195.1268
		P^-1: 
			    0.0980    -0.0276    0.0899
			    -0.0276    0.0823    -0.0553
			    0.0899    -0.0553    0.1653
	==================================================================================
	Q2:
		Shape: Polyhedra
		q_c:    25.0000    378.5000    203.5000
		ub :    37.4110    391.7443    216.4573
		lb :    12.5890    365.2557    190.5427
		A:
			    -0.0588    -0.5932    -0.8029
			    -0.0312    -0.7670    -0.6409
			    0.7097    0.3613    -0.6048
			    -0.8736    0.1836    -0.4506
			    -0.1473    0.8014    -0.5797
			    0.9428    0.0530    0.3292
			    0.5431    0.6743    0.5003
			    -0.8361    0.3795    0.3962
			    0.0773    -0.6335    0.7699
			    -0.5431    -0.6743    -0.5003
			    0.8361    -0.3795    -0.3962
			    -0.0773    0.6335    -0.7699
		b:
			    -381.1856
			    -413.2337
			    39.5456
			    -35.9231
			    188.7873
			    118.9633
			    378.6164
			    212.3637
			    -74.1555
			    -362.6164
			    -194.3637
			    88.1555
	==================================================================================
	Q3:
		Shape: Hybrid
		q_c:    34.5000    357.5000    184.5000
		ub :    46.0842    366.2929    196.5493
		lb :    22.9158    348.7071    172.4507
		P^-1: 
			    0.0243    0.0028    0.0093
			    0.0028    0.0291    0.0003
			    0.0093    0.0003    0.0198
		A:
			    0.8829    -0.3389    0.3249
			    0.5087    0.2070    0.8357
			    0.9840    -0.1108    -0.1394
			    0.2132    -0.7487    0.6277
			    0.9206    -0.2814    0.2707
			    0.2012    -0.9751    -0.0936
		b:
			    -27.2881
			    249.0703
			    -26.4992
			    -140.9485
			    -15.2649
			    -355.4386
	==================================================================================
	Q4:
		Shape: Polyhedra
		q_c:    31.0000    383.5000    171.0000
		ub :    39.6505    389.8559    181.2629
		lb :    22.3495    377.1441    160.7371
		A:
			    0.6292    -0.7735    -0.0765
			    0.7801    -0.6027    -0.1679
			    0.8024    0.4746    -0.3617
			    -0.6438    0.7294    0.2314
			    -0.6692    0.7333    -0.1202
			    -0.4250    0.9044    -0.0384
			    0.4540    0.2943    0.8410
			    -0.5706    0.8210    0.0207
			    -0.6843    -0.4893    0.5406
			    -0.4540    -0.2943    -0.8410
			    0.5706    -0.8210    -0.0207
			    0.6843    0.4893    -0.5406
		b:
			    -289.0362
			    -233.2964
			    151.5818
			    301.2491
			    241.7359
			    328.6233
			    278.7576
			    301.6892
			    -109.9068
			    -262.7576
			    -299.6892
			    122.9068
	==================================================================================
	Q5:
		Shape: Hybrid
		q_c:    31.5000    369.0000    181.0000
		ub :    44.4780    381.3974    191.4587
		lb :    18.5220    356.6026    170.5413
		P^-1: 
			    0.0192    0.0059    -0.0014
			    0.0059    0.0160    0.0018
			    -0.0014    0.0018    0.0232
		A:
			    -0.0051    -0.7837    0.6212
			    -0.3594    -0.8531    0.3783
			    0.0393    0.2558    0.9659
			    -0.0897    0.2842    -0.9546
			    -0.3883    0.8417    -0.3751
			    0.9717    0.0262    -0.2346
		b:
			    -171.9420
			    -253.4497
			    273.7056
			    -66.7548
			    236.5281
			    1.9840
	==================================================================================
	Q6:
		Shape: Ellipse
		q_c:    22.5000    383.0000    168.5000
		ub :    35.4085    396.0101    181.7675
		lb :    9.5915    369.9899    155.2325
		P^-1: 
			    0.0177    -0.0145    -0.0040
			    -0.0145    0.0283    0.0057
			    -0.0040    0.0057    0.0091


===========================================================================================
===========================================================================================
S5:
	q_c:    166.5000    249.0000    261.0000
	ub :    193.0000    271.0000    280.0000
	lb :    140.0000    227.0000    242.0000

	==================================================================================
	Q1:
		Shape: Polyhedra
		q_c:    177.0000    237.0000    266.0000
		ub :    187.7511    248.5907    277.4267
		lb :    166.2489    225.4093    254.5733
		A:
			    -0.5713    -0.0386    0.8198
			    0.9888    -0.1298    0.0740
			    -0.2640    0.5858    0.7663
			    0.3207    0.5737    -0.7537
			    -0.3169    -0.9450    -0.0808
			    -0.3951    0.9114    -0.1147
			    0.7657    0.3729    0.5241
			    0.2207    0.6131    -0.7586
			    -0.6042    0.6965    0.3871
			    -0.7657    -0.3729    -0.5241
			    -0.2207    -0.6131    0.7586
			    0.6042    -0.6965    -0.3871
		b:
			    114.8068
			    170.6442
			    302.8378
			    -0.7479
			    -294.7588
			    122.5649
			    369.8181
			    -10.4111
			    168.0925
			    -356.8181
			    24.4111
			    -154.0925
	==================================================================================
	Q2:
		Shape: Hybrid
		q_c:    171.5000    268.5000    267.0000
		ub :    179.0124    275.3264    272.4836
		lb :    163.9876    261.6736    261.5164
		P^-1: 
			    0.0636    0.0189    -0.0835
			    0.0189    0.0450    -0.0305
			    -0.0835    -0.0305    0.2051
		A:
			    0.6348    0.1324    -0.7612
			    0.3727    -0.2338    -0.8980
			    -0.1678    -0.5801    0.7971
			    0.1933    0.1524    -0.9692
			    0.3804    -0.1495    -0.9126
			    -0.2962    -0.4605    -0.8368
		b:
			    -57.2930
			    -236.9150
			    30.4750
			    -183.2372
			    -217.0825
			    -394.1469
	==================================================================================
	Q3:
		Shape: Ellipse
		q_c:    156.5000    234.0000    243.5000
		ub :    175.8877    248.8475    263.5088
		lb :    137.1123    219.1525    223.4912
		P^-1: 
			    0.0044    0.0003    0.0006
			    0.0003    0.0115    -0.0022
			    0.0006    -0.0022    0.0065
	==================================================================================
	Q4:
		Shape: Polyhedra
		q_c:    185.0000    267.0000    253.0000
		ub :    198.1770    274.6316    260.8083
		lb :    171.8230    259.3684    245.1917
		A:
			    -0.0207    -0.7457    0.6660
			    0.0581    0.8341    -0.5485
			    -0.0180    -0.7883    0.6151
			    0.1258    -0.9627    -0.2395
			    -0.0617    0.4876    -0.8709
			    0.2911    -0.2936    -0.9105
			    0.0047    0.6742    0.7385
			    -0.9938    0.0852    -0.0714
			    -0.1111    -0.7336    0.6705
			    -0.0047    -0.6742    -0.7385
			    0.9938    -0.0852    0.0714
			    0.1111    0.7336    -0.6705
		b:
			    -32.1081
			    97.0737
			    -55.7722
			    -287.6140
			    -97.8536
			    -247.5879
			    375.2356
			    -166.1761
			    -44.7913
			    -360.2356
			    192.1761
			    48.7913
	==================================================================================
	Q5:
		Shape: Polyhedra
		q_c:    147.0000    233.0000    279.5000
		ub :    156.1639    246.8727    293.6887
		lb :    137.8361    219.1273    265.3113
		A:
			    0.9444    -0.3233    -0.0598
			    -0.5502    0.8287    -0.1023
			    0.8866    -0.4502    -0.1057
			    0.7656    -0.6082    0.2098
			    0.7606    -0.6412    -0.1017
			    -0.8640    0.4731    0.1720
			    0.2103    0.6373    0.7414
			    0.4317    0.6199    -0.6553
			    -0.8772    0.4579    -0.1447
			    -0.2103    -0.6373    -0.7414
			    -0.4317    -0.6199    0.6553
			    0.8772    -0.4579    0.1447
		b:
			    50.8612
			    89.2355
			    0.0648
			    33.3544
			    -61.2808
			    35.8640
			    397.1199
			    33.7299
			    -59.2038
			    -376.1199
			    -15.7299
			    66.2038
	==================================================================================
	Q6:
		Shape: Hybrid
		q_c:    179.5000    261.5000    270.0000
		ub :    188.7224    269.6093    281.1843
		lb :    170.2776    253.3907    258.8157
		P^-1: 
			    0.0434    -0.0008    -0.0125
			    -0.0008    0.0400    0.0067
			    -0.0125    0.0067    0.0160
		A:
			    0.1190    0.9398    -0.3205
			    -0.9862    0.1638    -0.0249
			    -0.5744    0.8138    0.0885
			    -0.0544    0.4999    0.8644
			    -0.5551    -0.6131    -0.5622
			    -0.4106    -0.8431    0.3474
		b:
			    184.5888
			    -137.4609
			    136.5689
			    359.7072
			    -406.8661
			    -196.8186


===========================================================================================
===========================================================================================
S6:
	q_c:    257.0000    505.0000    136.0000
	ub :    267.0000    525.0000    158.0000
	lb :    247.0000    485.0000    114.0000

	==================================================================================
	Q1:
		Shape: Ellipse
		q_c:    265.5000    501.0000    140.0000
		ub :    271.7961    505.4443    146.3466
		lb :    259.2039    496.5557    133.6534
		P^-1: 
			    0.1392    0.1647    0.0360
			    0.1647    0.3455    0.0425
			    0.0360    0.0425    0.0623
	==================================================================================
	Q2:
		Shape: Hybrid
		q_c:    264.5000    498.0000    132.0000
		ub :    267.7876    501.9320    135.5570
		lb :    261.2124    494.0680    128.4430
		P^-1: 
			    0.6136    -0.2833    -0.3496
			    -0.2833    0.2930    0.1032
			    -0.3496    0.1032    0.4250
		A:
			    0.3614    0.2927    -0.8853
			    0.7529    -0.6067    0.2549
			    0.0331    -0.4072    0.9127
			    0.4879    -0.3523    -0.7986
			    0.3954    -0.0122    -0.9184
			    -0.9318    -0.3266    -0.1586
		b:
			    125.6549
			    -68.0956
			    -72.0561
			    -150.8678
			    -21.6960
			    -427.4535
	==================================================================================
	Q3:
		Shape: Hybrid
		q_c:    258.0000    506.5000    142.0000
		ub :    262.7757    511.9532    147.4044
		lb :    253.2243    501.0468    136.5956
		P^-1: 
			    0.1102    0.0037    -0.0035
			    0.0037    0.0961    0.0143
			    -0.0035    0.0143    0.0975
		A:
			    -0.7872    -0.6091    0.0965
			    0.3225    -0.9182    0.2298
			    0.9778    -0.0494    0.2034
			    -0.1367    0.6884    -0.7124
			    -0.8578    -0.4033    -0.3185
			    -0.7856    -0.2427    0.5691
		b:
			    -496.3303
			    -347.3625
			    257.7059
			    214.2194
			    -469.3296
			    -243.1929
	==================================================================================
	Q4:
		Shape: Polyhedra
		q_c:    264.0000    501.0000    139.5000
		ub :    268.4438    504.6423    145.7675
		lb :    259.5562    497.3577    133.2325
		A:
			    -0.7907    0.6118    -0.0219
			    0.5780    -0.7697    0.2712
			    0.4985    -0.8584    0.1211
			    -0.7436    0.5585    -0.3675
			    -0.7932    0.6056    -0.0635
			    -0.7285    0.6276    -0.2746
			    0.5642    0.7553    0.3335
			    0.7403    -0.6417    0.2008
			    0.3656    0.1336    -0.9211
			    -0.5642    -0.7553    -0.3335
			    -0.7403    0.6417    -0.2008
			    -0.3656    -0.1336    0.9211
		b:
			    96.1153
			    -193.8429
			    -280.1644
			    33.5532
			    86.4424
			    84.8468
			    576.8674
			    -97.0353
			    40.4639
			    -570.8674
			    99.0353
			    -29.4639
	==================================================================================
	Q5:
		Shape: Polyhedra
		q_c:    264.0000    507.0000    128.5000
		ub :    270.1973    514.2159    135.6031
		lb :    257.8027    499.7841    121.3969
		A:
			    -0.2644    -0.6475    -0.7147
			    0.8095    -0.4975    0.3117
			    -0.4039    0.4450    0.7993
			    0.9100    0.0619    0.4100
			    -0.5618    0.7029    0.4363
			    -0.4180    0.9048    -0.0810
			    0.5811    0.5680    0.5828
			    0.7871    -0.5742    -0.2252
			    0.2068    0.5896    -0.7808
			    -0.5811    -0.5680    -0.5828
			    -0.7871    0.5742    0.2252
			    -0.2068    -0.5896    0.7808
		b:
			    -485.1139
			    5.0918
			    225.5510
			    328.7053
			    267.4197
			    341.5605
			    521.2924
			    -109.2729
			    257.6684
			    -511.2924
			    115.2729
			    -248.6684
	==================================================================================
	Q6:
		Shape: Hybrid
		q_c:    256.5000    507.0000    139.5000
		ub :    261.2736    510.5798    144.2466
		lb :    251.7264    503.4202    134.7534
		P^-1: 
			    0.0877    0.0218    0.0056
			    0.0218    0.1526    0.0073
			    0.0056    0.0073    0.0638
		A:
			    -0.2253    -0.9496    -0.2178
			    0.2828    0.6080    -0.7419
			    -0.5509    -0.7172    0.4267
			    0.8762    0.4447    -0.1860
			    -0.2139    -0.8650    0.4539
			    0.2358    -0.9612    -0.1432
		b:
			    -568.3509
			    279.6001
			    -443.5979
			    426.1923
			    -428.3711
			    -445.2530


===========================================================================================
===========================================================================================
S7:
	q_c:    48.5000    389.0000    151.0000
	ub :    66.0000    411.0000    167.0000
	lb :    31.0000    367.0000    135.0000

	==================================================================================
	Q1:
		Shape: Ellipse
		q_c:    55.5000    371.5000    154.0000
		ub :    61.6232    377.1717    159.1657
		lb :    49.3768    365.8283    148.8343
		P^-1: 
			    0.1195    -0.0114    -0.0941
			    -0.0114    0.0704    -0.0160
			    -0.0941    -0.0160    0.1818
	==================================================================================
	Q2:
		Shape: Ellipse
		q_c:    51.0000    398.5000    153.5000
		ub :    58.5216    404.4189    162.4846
		lb :    43.4784    392.5811    144.5154
		P^-1: 
			    0.1039    0.0493    0.0404
			    0.0493    0.0859    0.0181
			    0.0404    0.0181    0.0374
	==================================================================================
	Q3:
		Shape: Polyhedra
		q_c:    51.0000    396.5000    151.5000
		ub :    57.8232    403.6745    155.9570
		lb :    44.1768    389.3255    147.0430
		A:
			    -0.0809    0.5241    0.8478
			    -0.9835    -0.1067    -0.1460
			    0.6369    0.1639    -0.7533
			    0.8537    0.1612    -0.4952
			    0.4583    -0.1641    -0.8735
			    -0.6681    0.1623    0.7262
			    0.6963    0.5872    0.4128
			    0.5428    -0.8070    0.2324
			    0.4696    0.0622    -0.8807
			    -0.6963    -0.5872    -0.4128
			    -0.5428    0.8070    -0.2324
			    -0.4696    -0.0622    0.8807
		b:
			    335.4176
			    -110.0706
			    -14.8408
			    35.2337
			    -172.1512
			    142.5860
			    335.3774
			    -251.5906
			    -83.2942
			    -326.3774
			    262.5906
			    86.2942
	==================================================================================
	Q4:
		Shape: Hybrid
		q_c:    52.0000    372.5000    146.0000
		ub :    58.9115    379.1792    151.8774
		lb :    45.0885    365.8208    140.1226
		P^-1: 
			    0.0702    0.0065    -0.0284
			    0.0065    0.0514    -0.0089
			    -0.0284    -0.0089    0.0883
		A:
			    0.3505    0.8744    -0.3355
			    0.6046    0.2819    0.7450
			    -0.4389    0.6629    0.6065
			    -0.0064    -0.4247    0.9053
			    -0.0188    -0.4676    -0.8837
			    0.0559    0.4635    -0.8843
		b:
			    297.4237
			    248.1555
			    315.1689
			    -24.2233
			    -301.6679
			    48.5096
	==================================================================================
	Q5:
		Shape: Hybrid
		q_c:    50.5000    404.0000    137.0000
		ub :    57.2396    412.1549    143.5272
		lb :    43.7604    395.8451    130.4728
		P^-1: 
			    0.1050    0.0223    0.0838
			    0.0223    0.0637    0.0698
			    0.0838    0.0698    0.1642
		A:
			    -0.7058    0.1307    -0.6963
			    -0.8689    -0.2237    -0.4415
			    -0.9927    -0.1078    0.0542
			    0.4842    -0.5656    -0.6675
			    0.0759    0.4496    0.8900
			    0.4596    -0.6055    -0.6497
		b:
			    -76.2627
			    -192.7923
			    -82.7135
			    -292.7604
			    309.0734
			    -307.7389
	==================================================================================
	Q6:
		Shape: Polyhedra
		q_c:    50.0000    377.5000    167.0000
		ub :    63.5258    390.3784    181.3232
		lb :    36.4742    364.6216    152.6768
		A:
			    -0.9931    -0.0973    0.0649
			    0.9210    -0.3819    0.0768
			    -0.4696    -0.6735    0.5709
			    -0.9816    -0.0966    0.1649
			    0.5029    0.1008    0.8584
			    0.1483    -0.3150    0.9374
			    0.4693    0.7068    0.5293
			    0.7916    -0.0711    -0.6069
			    -0.3913    0.7038    -0.5929
			    -0.4693    -0.7068    -0.5293
			    -0.7916    0.0711    0.6069
			    0.3913    -0.7038    0.5929
		b:
			    -67.4628
			    -77.4673
			    -174.3479
			    -50.0547
			    215.4485
			    53.1612
			    388.1906
			    -81.0992
			    155.1016
			    -369.1906
			    96.0992
			    -139.1016


===========================================================================================
===========================================================================================
S8:
	q_c:    390.5000    462.5000    203.5000
	ub :    399.0000    469.0000    221.0000
	lb :    382.0000    456.0000    186.0000

	==================================================================================
	Q1:
		Shape: Hybrid
		q_c:    394.5000    466.0000    207.5000
		ub :    397.8305    468.9336    211.2876
		lb :    391.1695    463.0664    203.7124
		P^-1: 
			    0.5071    0.4354    0.0781
			    0.4354    0.5895    0.0829
			    0.0781    0.0829    0.0961
		A:
			    0.7621    0.6278    -0.1584
			    -0.2793    -0.9597    0.0321
			    -0.4608    0.3028    -0.8342
			    0.0276    0.9080    -0.4181
			    0.6079    0.7734    0.1799
			    0.4809    0.8590    0.1759
		b:
			    561.2712
			    -549.5502
			    -211.0316
			    349.2775
			    638.0670
			    627.1790
	==================================================================================
	Q2:
		Shape: Ellipse
		q_c:    394.5000    460.5000    204.5000
		ub :    397.1527    463.9496    207.7017
		lb :    391.8473    457.0504    201.2983
		P^-1: 
			    0.8500    0.2318    0.2389
			    0.2318    0.1838    0.0750
			    0.2389    0.0750    0.1884
	==================================================================================
	Q3:
		Shape: Ellipse
		q_c:    386.0000    469.0000    202.5000
		ub :    389.7402    473.1575    206.1962
		lb :    382.2598    464.8425    198.8038
		P^-1: 
			    0.2595    -0.0316    -0.1392
			    -0.0316    0.1504    0.0752
			    -0.1392    0.0752    0.3056
	==================================================================================
	Q4:
		Shape: Ellipse
		q_c:    396.5000    464.5000    201.5000
		ub :    400.1585    468.3523    205.4237
		lb :    392.8415    460.6477    197.5763
		P^-1: 
			    0.2194    -0.0299    -0.0492
			    -0.0299    0.2208    -0.0480
			    -0.0492    -0.0480    0.1709
	==================================================================================
	Q5:
		Shape: Polyhedra
		q_c:    390.0000    467.0000    201.5000
		ub :    394.1924    471.6512    205.9210
		lb :    385.8076    462.3488    197.0790
		A:
			    -0.6397    0.6537    0.4044
			    -0.4329    -0.4418    0.7858
			    0.5713    -0.7625    0.3037
			    0.4746    0.7222    0.5032
			    0.9805    0.1604    0.1132
			    0.9875    -0.0416    -0.1523
			    0.5007    0.6958    0.5149
			    -0.7450    0.0434    0.6657
			    0.4408    -0.7169    0.5401
			    -0.5007    -0.6958    -0.5149
			    0.7450    -0.0434    -0.6657
			    -0.4408    0.7169    -0.5401
		b:
			    139.6044
			    -214.7010
			    -69.1546
			    627.2465
			    482.8752
			    337.1647
			    627.4764
			    -134.6059
			    -51.0359
			    -620.4764
			    137.6059
			    57.0359
	==================================================================================
	Q6:
		Shape: Hybrid
		q_c:    391.0000    466.0000    205.5000
		ub :    393.1478    468.7697    208.3180
		lb :    388.8522    463.2303    202.6820
		P^-1: 
			    0.4442    0.0062    -0.0037
			    0.0062    0.3022    0.0860
			    -0.0037    0.0860    0.3925
		A:
			    -0.9300    0.3669    -0.0209
			    -0.2963    -0.8843    -0.3608
			    -0.3727    0.9070    0.1960
			    -0.6260    -0.7219    -0.2949
			    -0.0022    -0.6032    -0.7976
			    -0.0731    0.6261    0.7763
		b:
			    -196.1160
			    -601.1618
			    318.2067
			    -640.9194
			    -445.1198
			    423.4978


===========================================================================================
===========================================================================================
S9:
	q_c:    20.0000    253.0000    111.5000
	ub :    40.0000    267.0000    142.0000
	lb :    0.0000    239.0000    81.0000

	==================================================================================
	Q1:
		Shape: Hybrid
		q_c:    16.0000    247.0000    116.5000
		ub :    25.0450    256.5293    126.0398
		lb :    6.9550    237.4707    106.9602
		P^-1: 
			    0.0350    -0.0054    -0.0027
			    -0.0054    0.0318    0.0020
			    -0.0027    0.0020    0.0288
		A:
			    -0.5748    0.2188    -0.7885
			    0.6362    0.0101    -0.7714
			    -0.0226    -0.0932    0.9954
			    -0.2408    -0.3895    0.8890
			    -0.9721    -0.1677    0.1642
			    0.9034    -0.4066    0.1361
		b:
			    -43.6263
			    -74.1724
			    96.0356
			    6.9684
			    -34.8117
			    -67.3962
	==================================================================================
	Q2:
		Shape: Polyhedra
		q_c:    34.5000    249.0000    100.0000
		ub :    43.5046    258.2954    107.6675
		lb :    25.4954    239.7046    92.3325
		A:
			    0.1300    0.1380    0.9819
			    0.5370    -0.2507    -0.8055
			    -0.7094    0.1013    0.6975
			    -0.7121    0.6446    -0.2783
			    0.1752    -0.8467    0.5023
			    0.1500    0.2742    -0.9499
			    0.5404    0.6943    0.4752
			    0.4134    0.2728    -0.8687
			    -0.7328    0.6659    -0.1397
			    -0.5404    -0.6943    -0.4752
			    -0.4134    -0.2728    0.8687
			    0.7328    -0.6659    0.1397
		b:
			    142.6954
			    -119.9940
			    74.6161
			    112.6230
			    -149.9666
			    -17.3607
			    246.5581
			    -0.6883
			    131.0721
			    -231.5581
			    8.6883
			    -122.0721
	==================================================================================
	Q3:
		Shape: Polyhedra
		q_c:    15.0000    259.0000    126.0000
		ub :    22.3580    269.3816    134.5567
		lb :    7.6420    248.6184    117.4433
		A:
			    0.8557    -0.3434    -0.3870
			    0.4646    0.1779    0.8675
			    0.8739    -0.4621    0.1507
			    -0.7018    -0.1979    -0.6843
			    -0.5149    0.1382    0.8460
			    0.6411    -0.0099    0.7674
			    0.3367    0.2766    0.9001
			    -0.9108    0.3383    0.2368
			    -0.2390    -0.8995    0.3658
			    -0.3367    -0.2766    -0.9001
			    0.9108    -0.3383    -0.2368
			    0.2390    0.8995    -0.3658
		b:
			    -120.8353
			    167.3269
			    -83.0507
			    -143.1075
			    139.6589
			    108.6896
			    195.0921
			    107.7840
			    -181.9622
			    -185.0921
			    -99.7840
			    198.9622
	==================================================================================
	Q4:
		Shape: Ellipse
		q_c:    16.0000    272.0000    122.5000
		ub :    26.7850    280.9805    132.9848
		lb :    5.2150    263.0195    112.0152
		P^-1: 
			    0.0235    -0.0007    -0.0036
			    -0.0007    0.0277    -0.0006
			    -0.0036    -0.0006    0.0248
	==================================================================================
	Q5:
		Shape: Polyhedra
		q_c:    16.5000    265.5000    119.0000
		ub :    24.7112    273.0815    127.1616
		lb :    8.2888    257.9185    110.8384
		A:
			    -0.3613    0.9162    -0.1736
			    -0.7655    -0.6432    -0.0172
			    -0.9720    -0.2254    0.0662
			    -0.0349    0.3557    0.9339
			    0.2506    0.8547    0.4546
			    0.5912    -0.2749    -0.7582
			    0.5582    0.3327    0.7601
			    -0.6409    0.7546    0.1404
			    -0.5269    -0.5656    0.6345
			    -0.5582    -0.3327    -0.7601
			    0.6409    -0.7546    -0.1404
			    0.5269    0.5656    -0.6345
		b:
			    220.5874
			    -179.9565
			    -62.8689
			    210.2100
			    290.1429
			    -148.8211
			    193.4821
			    209.9906
			    -77.8539
			    -182.4821
			    -202.9906
			    88.8539
	==================================================================================
	Q6:
		Shape: Hybrid
		q_c:    12.0000    258.0000    116.0000
		ub :    21.7727    267.8900    125.4400
		lb :    2.2273    248.1100    106.5600
		P^-1: 
			    0.0417    0.0035    -0.0185
			    0.0035    0.0333    0.0146
			    -0.0185    0.0146    0.0413
		A:
			    -0.4030    0.6614    0.6326
			    -0.4210    -0.8905    0.1725
			    -0.8924    0.0888    0.4424
			    -0.9023    -0.4254    -0.0701
			    -0.3118    -0.7007    -0.6417
			    -0.8227    0.4995    0.2714
		b:
			    241.5378
			    -211.0505
			    65.9827
			    -125.5272
			    -256.0541
			    154.0970


===========================================================================================
===========================================================================================
S10:
	q_c:    240.0000    294.5000    74.0000
	ub :    255.0000    308.0000    84.0000
	lb :    225.0000    281.0000    64.0000

	==================================================================================
	Q1:
		Shape: Polyhedra
		q_c:    248.0000    288.0000    69.0000
		ub :    255.4869    295.2741    75.5102
		lb :    240.5131    280.7259    62.4898
		A:
			    -0.4251    -0.1305    0.8957
			    -0.2895    0.7348    0.6134
			    0.6433    -0.2601    -0.7201
			    0.5578    -0.5629    0.6099
			    -0.7777    -0.1310    -0.6148
			    -0.7888    0.0411    -0.6133
			    0.1768    0.3731    0.9108
			    -0.6015    0.7734    -0.2000
			    -0.7791    -0.5125    0.3612
			    -0.1768    -0.3731    -0.9108
			    0.6015    -0.7734    0.2000
			    0.7791    0.5125    -0.3612
		b:
			    -76.0909
			    185.9635
			    39.7522
			    21.9459
			    -268.6514
			    -221.9351
			    218.1394
			    63.2788
			    -309.8794
			    -210.1394
			    -56.2788
			    321.8794
	==================================================================================
	Q2:
		Shape: Hybrid
		q_c:    232.0000    295.5000    82.0000
		ub :    239.9799    304.3690    91.1530
		lb :    224.0201    286.6310    72.8470
		P^-1: 
			    0.0427    -0.0170    0.0032
			    -0.0170    0.0455    -0.0069
			    0.0032    -0.0069    0.0225
		A:
			    0.3929    -0.8284    -0.3993
			    0.1038    0.9725    -0.2086
			    -0.7157    0.1449    0.6832
			    -0.4099    -0.8496    0.3319
			    0.8609    0.0400    -0.5073
			    0.6913    -0.7123    0.1213
		b:
			    -183.0459
			    297.5312
			    -63.1584
			    -315.2286
			    173.7470
			    -38.1532
	==================================================================================
	Q3:
		Shape: Hybrid
		q_c:    228.0000    299.0000    67.0000
		ub :    234.2181    305.0936    71.3692
		lb :    221.7819    292.9064    62.6308
		P^-1: 
			    0.0721    0.0387    -0.0448
			    0.0387    0.1158    -0.0805
			    -0.0448    -0.0805    0.1740
		A:
			    0.9262    0.2428    0.2884
			    0.0622    -0.2258    -0.9722
			    0.1560    -0.4443    0.8822
			    0.4960    0.6730    -0.5487
			    -0.2267    0.3933    -0.8910
			    -0.8056    -0.5925    0.0057
		b:
			    306.2219
			    -116.1358
			    -36.4941
			    278.8192
			    8.0484
			    -357.9209
	==================================================================================
	Q4:
		Shape: Polyhedra
		q_c:    249.0000    286.5000    72.5000
		ub :    256.7604    294.0258    78.9747
		lb :    241.2396    278.9742    66.0253
		A:
			    -0.3650    -0.2893    -0.8849
			    0.4671    0.0638    -0.8819
			    -0.9780    0.0961    0.1854
			    -0.6640    0.5230    0.5344
