3D_50_5_6_e                l = 3

===========================================================================================
===========================================================================================
S1:
	q_c:    275.5000    93.0000    83.5000
	ub :    279.0000    105.0000    88.0000
	lb :    272.0000    81.0000    79.0000

	==================================================================================
	Q1:
		Shape: Hybrid
		q_c:    279.5000    96.0000    87.5000
		ub :    283.2138    99.2985    91.3892
		lb :    275.7862    92.7015    83.6108
		P^-1: 
			    0.1610    0.0326    0.0581
			    0.0326    0.2381    -0.0213
			    0.0581    -0.0213    0.2121
		A:
			    -0.2037    -0.2154    0.9551
			    0.9775    -0.1086    0.1809
			    -0.2854    -0.7320    -0.6187
			    0.6363    0.7056    0.3118
			    0.2541    -0.6383    0.7266
			    -0.4187    0.6306    -0.6535
		b:
			    7.3744
			    280.1775
			    -203.0455
			    273.8984
			    74.3095
			    -112.6222
	==================================================================================
	Q2:
		Shape: Polyhedra
		q_c:    274.0000    96.5000    81.5000
		ub :    276.3080    99.8789    84.8999
		lb :    271.6920    93.1211    78.1001
		A:
			    -0.6889    -0.1422    -0.7107
			    0.8415    -0.2922    -0.4544
			    0.9568    0.1083    0.2698
			    0.8443    0.3070    0.4392
			    -0.3433    0.2015    0.9174
			    0.7438    -0.1011    0.6607
			    0.2678    0.7485    0.6066
			    0.9582    -0.1412    -0.2488
			    -0.1006    0.6479    -0.7550
			    -0.2678    -0.7485    -0.6066
			    -0.9582    0.1412    0.2488
			    0.1006    -0.6479    0.7550
		b:
			    -258.2230
			    166.9378
			    296.4348
			    298.8620
			    2.2188
			    249.9070
			    197.5504
			    230.1470
			    -24.5778
			    -192.5504
			    -227.1470
			    28.5778
	==================================================================================
	Q3:
		Shape: Polyhedra
		q_c:    274.5000    95.5000    82.0000
		ub :    277.9135    98.3913    85.1405
		lb :    271.0865    92.6087    78.8595
		A:
			    0.2979    -0.0650    -0.9524
			    0.1466    0.3948    0.9070
			    0.4483    0.2887    0.8460
			    0.1618    0.9831    0.0859
			    0.1951    0.5842    0.7878
			    -0.4553    -0.8586    0.2357
			    0.5189    0.0106    0.8548
			    -0.5658    0.7538    0.3341
			    -0.6408    -0.6570    0.3972
			    -0.5189    -0.0106    -0.8548
			    0.5658    -0.7538    -0.3341
			    0.6408    0.6570    -0.3972
		b:
			    -0.4794
			    154.4602
			    222.0231
			    147.3631
			    176.1276
			    -186.0151
			    215.5442
			    -53.4255
			    -204.5721
			    -211.5442
			    58.4255
			    207.5721
	==================================================================================
	Q4:
		Shape: Ellipse
		q_c:    277.0000    90.5000    82.5000
		ub :    280.0564    93.4484    85.2943
		lb :    273.9436    87.5516    79.7057
		P^-1: 
			    0.3357    -0.3028    -0.1583
			    -0.3028    0.6817    0.2727
			    -0.1583    0.2727    0.3025
	==================================================================================
	Q5:
		Shape: Hybrid
		q_c:    273.0000    90.5000    86.5000
		ub :    274.0938    91.6781    87.1353
		lb :    271.9062    89.3219    85.8647
		P^-1: 
			    2.9911    1.4173    -0.0102
			    1.4173    2.0090    0.0143
			    -0.0102    0.0143    3.9999
		A:
			    -0.9072    0.1090    -0.4063
			    -0.6308    -0.5881    -0.5062
			    -0.2746    0.1126    -0.9549
			    0.6117    0.1285    0.7806
			    -0.8531    -0.4363    -0.2860
			    -0.6396    -0.5725    0.5130
		b:
			    -272.4653
			    -268.9544
			    -147.0822
			    246.4451
			    -296.8645
			    -181.7965
	==================================================================================
	Q6:
		Shape: Hybrid
		q_c:    273.5000    92.0000    88.5000
		ub :    276.9365    95.1061    91.3763
		lb :    270.0635    88.8939    85.6237
		P^-1: 
			    0.2500    0.0000    0.0000
			    0.0000    0.2500    0.0000
			    0.0000    0.0000    0.2500
		A:
			    0.1483    -0.4580    0.8765
			    0.0356    -0.9198    0.3907
			    0.1223    -0.0921    -0.9882
			    0.4072    -0.4934    0.7686
			    -0.9304    -0.1508    0.3341
			    0.0348    0.8824    0.4692
		b:
			    76.9865
			    -39.3207
			    -61.4712
			    134.9922
			    -237.7641
			    133.2245


===========================================================================================
===========================================================================================
S2:
	q_c:    72.5000    117.5000    470.5000
	ub :    93.0000    142.0000    486.0000
	lb :    52.0000    93.0000    455.0000

	==================================================================================
	Q1:
		Shape: Ellipse
		q_c:    72.5000    104.5000    472.0000
		ub :    81.2038    116.3553    482.2180
		lb :    63.7962    92.6447    461.7820
		P^-1: 
			    0.0473    -0.0015    0.0165
			    -0.0015    0.0157    0.0113
			    0.0165    0.0113    0.0425
	==================================================================================
	Q2:
		Shape: Polyhedra
		q_c:    66.0000    123.0000    468.5000
		ub :    73.2359    128.2438    475.2244
		lb :    58.7641    117.7562    461.7756
		A:
			    -0.2803    -0.4110    -0.8674
			    -0.3611    -0.8781    -0.3141
			    0.8688    -0.3379    0.3621
			    0.7503    0.0410    0.6598
			    -0.6177    0.0989    -0.7801
			    -0.3522    -0.7414    -0.5712
			    0.6696    0.2486    0.6999
			    -0.6958    -0.1196    0.7082
			    0.2598    -0.9612    0.0929
			    -0.6696    -0.2486    -0.6999
			    0.6958    0.1196    -0.7082
			    -0.2598    0.9612    -0.0929
		b:
			    -472.0301
			    -275.5182
			    189.0134
			    366.2924
			    -391.2867
			    -378.9678
			    405.1705
			    277.6442
			    -53.5721
			    -400.1705
			    -264.6442
			    61.5721
	==================================================================================
	Q3:
		Shape: Ellipse
		q_c:    88.0000    129.0000    479.5000
		ub :    100.1373    142.1616    490.7465
		lb :    75.8627    115.8384    468.2535
		P^-1: 
			    0.0162    -0.0031    -0.0042
			    -0.0031    0.0181    0.0056
			    -0.0042    0.0056    0.0212
	==================================================================================
	Q4:
		Shape: Polyhedra
		q_c:    80.0000    118.0000    463.5000
		ub :    90.4799    128.7402    470.9139
		lb :    69.5201    107.2598    456.0861
		A:
			    -0.1572    0.3097    -0.9377
			    -0.4389    0.7920    0.4243
			    -0.4507    -0.0605    0.8906
			    -0.9237    -0.3733    -0.0865
			    -0.4034    -0.7636    0.5042
			    -0.7147    0.3875    -0.5824
			    0.3563    0.1960    0.9136
			    -0.5643    0.8244    0.0432
			    -0.7447    -0.5310    0.4043
			    -0.3563    -0.1960    -0.9136
			    0.5643    -0.8244    -0.0432
			    0.7447    0.5310    -0.4043
		b:
			    -404.9099
			    263.1186
			    375.0665
			    -152.7326
			    116.9685
			    -274.2644
			    480.5782
			    80.6782
			    70.1712
			    -469.5782
			    -63.6782
			    -60.1712
	==================================================================================
	Q5:
		Shape: Hybrid
		q_c:    72.0000    123.5000    470.5000
		ub :    77.5326    130.0425    474.3288
		lb :    66.4674    116.9575    466.6712
		P^-1: 
			    0.2730    0.1637    0.1122
			    0.1637    0.1380    0.0656
			    0.1122    0.0656    0.1724
		A:
			    0.3695    0.2080    0.9057
			    -0.8060    -0.5909    -0.0341
			    0.2692    0.3110    0.9115
			    0.0800    0.5889    0.8043
			    -0.6319    -0.5414    -0.5546
			    0.8386    0.1493    -0.5239
		b:
			    479.8856
			    -145.9562
			    488.3443
			    459.6542
			    -372.3619
			    -164.9671
	==================================================================================
	Q6:
		Shape: Ellipse
		q_c:    80.5000    109.0000    471.5000
		ub :    88.6858    117.0656    475.2055
		lb :    72.3142    100.9344    467.7945
		P^-1: 
			    0.0414    0.0241    -0.0130
			    0.0241    0.0484    -0.0215
			    -0.0130    -0.0215    0.1531


===========================================================================================
===========================================================================================
S3:
	q_c:    53.0000    396.0000    57.5000
	ub :    67.0000    407.0000    73.0000
	lb :    39.0000    385.0000    42.0000

	==================================================================================
	Q1:
		Shape: Ellipse
		q_c:    45.0000    393.0000    58.0000
		ub :    48.8439    398.0689    62.9396
		lb :    41.1561    387.9311    53.0604
		P^-1: 
			    0.1085    -0.0081    -0.0073
			    -0.0081    0.1083    -0.0473
			    -0.0073    -0.0473    0.1168
	==================================================================================
	Q2:
		Shape: Hybrid
		q_c:    42.5000    404.0000    63.0000
		ub :    48.1957    409.3061    67.7832
		lb :    36.8043    398.6939    58.2168
		P^-1: 
			    0.0637    0.0280    -0.0065
			    0.0280    0.1266    0.0291
			    -0.0065    0.0291    0.1301
		A:
			    0.0269    0.4378    0.8987
			    -0.0038    0.9961    0.0887
			    -0.2972    0.6949    0.6548
			    -0.0754    -0.1500    -0.9858
			    0.0803    0.0513    0.9955
			    0.6204    0.6309    0.4660
		b:
			    235.9603
			    409.5819
			    311.0549
			    -124.3411
			    88.5103
			    312.2955
	==================================================================================
	Q3:
		Shape: Hybrid
		q_c:    49.0000    397.0000    56.5000
		ub :    54.8120    401.3183    62.2755
		lb :    43.1880    392.6817    50.7245
		P^-1: 
			    0.1158    -0.0688    0.0491
			    -0.0688    0.1514    -0.0635
			    0.0491    -0.0635    0.1078
		A:
			    -0.6653    0.7440    0.0624
			    -0.9378    0.2997    -0.1750
			    -0.6045    0.2367    0.7606
			    0.2813    -0.7577    0.5888
			    -0.5849    0.5620    -0.5848
			    -0.9298    -0.2659    -0.2545
		b:
			    268.0488
			    65.0704
			    110.2985
			    -252.5411
			    162.5068
			    -162.7940
	==================================================================================
	Q4:
		Shape: Hybrid
		q_c:    53.0000    397.5000    57.5000
		ub :    56.6361    402.2409    61.5987
		lb :    49.3639    392.7591    53.4013
		P^-1: 
			    0.6094    0.0283    0.4333
			    0.0283    0.1103    0.0895
			    0.4333    0.0895    0.5027
		A:
			    0.6610    0.4385    0.6089
			    0.9591    -0.2828    0.0105
			    0.8465    -0.4494    0.2853
			    -0.9340    0.0369    -0.3552
			    -0.4298    -0.2041    -0.8795
			    -0.6883    0.1985    -0.6977
		b:
			    245.3723
			    -59.5092
			    -116.0292
			    -54.3741
			    -153.5616
			    3.2549
	==================================================================================
	Q5:
		Shape: Hybrid
		q_c:    48.5000    399.5000    63.0000
		ub :    51.9633    403.5065    67.7986
		lb :    45.0367    395.4935    58.2014
		P^-1: 
			    0.4002    0.0693    -0.1035
			    0.0693    0.3358    0.1622
			    -0.1035    0.1622    0.2023
		A:
			    0.4532    -0.8080    -0.3764
			    -0.8380    -0.2970    0.4578
			    -0.9567    -0.2902    -0.0212
			    -0.6654    0.7104    -0.2294
			    -0.7557    -0.5834    0.2976
			    0.3680    0.7258    0.5812
		b:
			    -323.3799
			    -129.4086
			    -162.7142
			    239.9467
			    -249.7897
			    345.3778
	==================================================================================
	Q6:
		Shape: Ellipse
		q_c:    45.5000    390.5000    45.5000
		ub :    52.3552    396.8903    52.2354
		lb :    38.6448    384.1097    38.7646
		P^-1: 
			    0.0682    -0.0046    -0.0272
			    -0.0046    0.0867    -0.0263
			    -0.0272    -0.0263    0.0709


===========================================================================================
===========================================================================================
S4:
	q_c:    164.0000    279.5000    104.5000
	ub :    188.0000    309.0000    124.0000
	lb :    140.0000    250.0000    85.0000

	==================================================================================
	Q1:
		Shape: Hybrid
		q_c:    183.0000    282.5000    102.5000
		ub :    194.8737    294.7206    114.7923
		lb :    171.1263    270.2794    90.2077
		P^-1: 
			    0.0173    -0.0038    -0.0018
			    -0.0038    0.0213    -0.0060
			    -0.0018    -0.0060    0.0219
		A:
			    -0.2296    -0.0414    0.9724
			    -0.1709    0.8863    0.4304
			    0.3489    0.9370    -0.0165
			    0.8611    0.4972    -0.1061
			    0.9511    -0.1358    0.2774
			    0.7546    -0.2990    -0.5841
		b:
			    49.7694
			    267.9730
			    331.8027
			    292.3979
			    168.9009
			    -2.2401
	==================================================================================
	Q2:
		Shape: Polyhedra
		q_c:    183.0000    283.5000    96.5000
		ub :    189.8887    292.7464    107.1376
		lb :    176.1113    274.2536    85.8624
		A:
			    0.1073    -0.7115    -0.6944
			    -0.2390    -0.8960    -0.3743
			    -0.6922    0.6678    0.2736
			    0.5636    -0.8250    0.0419
			    0.9007    -0.3222    0.2914
			    0.9034    -0.4233    -0.0681
			    0.8502    0.5028    0.1559
			    0.5264    -0.8117    -0.2529
			    -0.0006    0.2971    -0.9549
			    -0.8502    -0.5028    -0.1559
			    -0.5264    0.8117    0.2529
			    0.0006    -0.2971    0.9549
		b:
			    -243.0560
			    -328.8172
			    94.0699
			    -121.2716
			    107.3318
			    43.7671
			    318.1799
			    -153.2002
			    0.9652
			    -308.1799
			    163.2002
			    17.0348
	==================================================================================
	Q3:
		Shape: Polyhedra
		q_c:    155.0000    301.0000    102.0000
		ub :    167.8933    312.7053    110.3977
		lb :    142.1067    289.2947    93.6023
		A:
			    0.4330    0.8593    -0.2723
			    -0.6441    -0.6244    0.4418
			    -0.4100    -0.8701    0.2734
			    -0.3232    0.4683    0.8223
			    -0.1150    0.5197    -0.8466
			    -0.0028    0.3280    0.9447
			    0.2909    0.8164    0.4988
			    0.2731    0.4288    -0.8611
			    -0.9169    0.3867    -0.0982
			    -0.2909    -0.8164    -0.4988
			    -0.2731    -0.4288    0.8611
			    0.9169    -0.3867    0.0982
		b:
			    303.8203
			    -236.8012
			    -291.7312
			    181.7007
			    58.0933
			    200.6409
			    348.7185
			    88.0545
			    -25.2371
			    -334.7185
			    -79.0545
			    46.2371
	==================================================================================
	Q4:
		Shape: Ellipse
		q_c:    151.5000    292.0000    102.0000
		ub :    164.3880    305.4202    116.1736
		lb :    138.6120    278.5798    87.8264
		P^-1: 
			    0.0183    -0.0046    0.0024
			    -0.0046    0.0157    -0.0036
			    0.0024    -0.0036    0.0146
	==================================================================================
	Q5:
		Shape: Polyhedra
		q_c:    175.5000    299.0000    117.5000
		ub :    188.1324    311.7332    127.0555
		lb :    162.8676    286.2668    107.9445
		A:
			    0.5075    -0.6233    0.5949
			    0.0611    -0.0056    0.9981
			    0.1996    0.3385    -0.9196
			    0.8160    0.5436    -0.1966
			    0.5956    0.7235    -0.3490
			    0.6894    0.6089    0.3924
			    0.6369    0.5626    0.5271
			    -0.5778    0.8010    -0.1567
			    -0.5103    -0.2048    0.8352
			    -0.6369    -0.5626    -0.5271
			    0.5778    -0.8010    0.1567
			    0.5103    0.2048    -0.8352
		b:
			    -17.7097
			    132.4113
			    34.7139
			    288.3915
			    286.1916
			    354.6782
			    347.4263
			    130.1711
			    -46.6570
			    -336.4263
			    -109.1711
			    58.6570
	==================================================================================
	Q6:
		Shape: Polyhedra
		q_c:    166.5000    293.5000    94.0000
		ub :    175.1452    299.0990    100.8486
		lb :    157.8548    287.9010    87.1514
		A:
			    0.7130    0.2759    0.6446
			    0.4649    0.6305    0.6215
			    -0.5585    0.4192    -0.7158
			    0.8232    -0.0845    0.5614
			    -0.7341    0.2388    -0.6357
			    0.3874    -0.6567    0.6471
			    0.1592    0.9869    0.0274
			    0.7801    -0.1088    -0.6161
			    -0.6050    0.1194    -0.7872
			    -0.1592    -0.9869    -0.0274
			    -0.7801    0.1088    0.6161
			    0.6050    -0.1194    0.7872
		b:
			    262.8322
			    324.3624
			    -35.2115
			    168.1425
			    -109.4723
			    -64.5569
			    323.2242
			    49.0583
			    -138.1807
			    -314.2242
			    -31.0583
			    141.1807


===========================================================================================
===========================================================================================
S5:
	q_c:    129.0000    113.0000    372.5000
	ub :    143.0000    130.0000    387.0000
	lb :    115.0000    96.0000    358.0000

	==================================================================================
	Q1:
		Shape: Ellipse
		q_c:    115.0000    108.0000    374.5000
		ub :    122.2305    114.5703    382.2954
		lb :    107.7695    101.4297    366.7046
		P^-1: 
			    0.0463    0.0099    -0.0041
			    0.0099    0.0554    -0.0038
			    -0.0041    -0.0038    0.0212
	==================================================================================
	Q2:
		Shape: Polyhedra
		q_c:    125.0000    118.0000    361.0000
		ub :    131.9248    128.8940    371.4402
		lb :    118.0752    107.1060    350.5598
		A:
			    0.7838    -0.1012    -0.6127
			    0.8418    -0.4832    -0.2405
			    0.6042    -0.3618    -0.7100
			    -0.8057    0.2718    0.5262
			    -0.8695    0.4612    0.1769
			    -0.6871    -0.2456    0.6838
			    0.6261    0.6184    0.4750
			    -0.0944    0.6648    -0.7411
			    -0.7740    0.4191    0.4746
			    -0.6261    -0.6184    -0.4750
			    0.0944    -0.6648    0.7411
			    0.7740    -0.4191    -0.4746
		b:
			    -132.0769
			    -36.1395
			    -220.7286
			    123.2810
			    12.4590
			    137.3525
			    330.7009
			    -192.8799
			    125.5217
			    -314.7009
			    208.8799
			    -122.5217
	==================================================================================
	Q3:
		Shape: Ellipse
		q_c:    141.5000    118.5000    364.0000
		ub :    149.0324    126.8450    371.8831
		lb :    133.9676    110.1550    356.1169
		P^-1: 
			    0.0646    -0.0227    0.0006
			    -0.0227    0.0467    0.0140
			    0.0006    0.0140    0.0433
	==================================================================================
	Q4:
		Shape: Ellipse
		q_c:    136.0000    119.0000    380.5000
		ub :    143.7662    129.0874    390.7258
		lb :    128.2338    108.9126    370.2742
		P^-1: 
			    0.0368    -0.0051    -0.0051
			    -0.0051    0.0265    -0.0020
			    -0.0051    -0.0020    0.0249
	==================================================================================
	Q5:
		Shape: Ellipse
		q_c:    136.5000    114.0000    366.5000
		ub :    145.7521    124.6165    376.7515
		lb :    127.2479    103.3835    356.2485
		P^-1: 
			    0.0471    -0.0209    -0.0019
			    -0.0209    0.0342    -0.0002
			    -0.0019    -0.0002    0.0195
	==================================================================================
	Q6:
		Shape: Hybrid
		q_c:    127.5000    121.5000    370.0000
		ub :    135.6463    131.5076    380.0222
		lb :    119.3537    111.4924    359.9778
		P^-1: 
			    0.0429    -0.0094    0.0060
			    -0.0094    0.0283    -0.0030
			    0.0060    -0.0030    0.0256
		A:
			    0.4667    0.6771    -0.5691
			    -0.6674    0.7307    -0.1438
			    0.8584    0.0079    -0.5129
			    -0.8357    0.5322    -0.1356
			    -0.5854    0.5794    -0.5671
			    -0.9268    -0.0012    -0.3756
		b:
			    -64.5445
			    -46.9285
			    -75.7372
			    -89.7217
			    -211.3877
			    -254.5950


===========================================================================================
===========================================================================================
