3D_50_9_6_c                l = 3

===========================================================================================
===========================================================================================
S1:
	q_c:	509.5	322.0	242.5
	ub :	520.9652	334.5366	254.5744
	lb :	497.1113	305.9321	231.7077

	==================================================================================
	Q1:
		Shape: Ellipse
		q_c:	508.5	316.5	242.0
		ub :	517.405	324.5038	250.3264
		lb :	499.595	308.4962	233.6736
		P^-1:
			0.0386	0.0001	-0.0102
			0.0001	0.0324	-0.003
			-0.0102	-0.003	0.0391
	==================================================================================
	Q2:
		Shape: Ellipse
		q_c:	510.0	328.0	247.5
		ub :	515.7816	334.5366	252.9007
		lb :	504.2184	321.4634	242.0993
		P^-1:
			0.0612	-0.0037	-0.0013
			-0.0037	0.052	-0.0037
			-0.0013	-0.0037	0.0612
	==================================================================================
	Q3:
		Shape: Polyhedra
		q_c:	509.0	327.0	250.5
		ub :	512.603	330.1715	254.5744
		lb :	505.397	323.8285	246.4256
		A:
			0.45	0.8929	0.0153
			-0.6579	0.588	-0.4706
			0.9313	-0.3381	0.1357
			0.6406	0.3422	-0.6874
			0.8022	-0.0937	-0.5896
			-0.4943	-0.3819	0.7809
			0.2465	0.1022	0.9637
			-0.7038	0.7025	0.1055
			-0.6662	-0.7043	0.2451
			-0.2465	-0.1022	-0.9637
			0.7038	-0.7025	-0.1055
			0.6662	0.7043	-0.2451
		b:
			526.9651
			-257.8943
			399.6661
			268.1807
			232.2705
			-178.2131
			403.8336
			-100.1135
			-506.0021
			-396.8336
			104.1135
			510.0021
	==================================================================================
	Q4:
		Shape: Hybrid
		q_c:	514.5	313.0	237.5
		ub :	520.9652	320.0679	243.2923
		lb :	508.0348	305.9321	231.7077
		P^-1:
			0.1028	0.0259	-0.0926
			0.0259	0.0507	-0.0382
			-0.0926	-0.0382	0.1765
		A:
			-0.7318	0.4629	0.5002
			-0.733	-0.0232	0.6798
			-0.1402	-0.213	-0.967
			-0.7486	-0.1287	-0.6504
			0.452	-0.2025	-0.8687
			0.8864	0.3799	0.2647
		b:
			-109.9747
			-221.509
			-365.43
			-575.9388
			-35.3639
			641.5215
	==================================================================================
	Q5:
		Shape: Polyhedra
		q_c:	501.5	316.5	247.5
		ub :	505.8887	319.3356	251.9001
		lb :	497.1113	313.6644	243.0999
		A:
			-0.2395	-0.8246	0.5125
			-0.3617	-0.1607	-0.9183
			-0.4282	-0.411	-0.8048
			-0.1218	0.9135	-0.3882
			0.161	0.2034	-0.9658
			-0.9269	-0.1734	0.3328
			0.2804	0.9566	0.0796
			0.3171	-0.014	-0.9483
			-0.906	0.2911	-0.3073
			-0.2804	-0.9566	-0.0796
			-0.3171	0.014	0.9483
			0.906	-0.2911	0.3073
		b:
			-251.6929
			-456.3349
			-541.072
			134.3898
			-90.4529
			-434.2834
			465.0684
			-76.6052
			-435.2711
			-461.0684
			83.6052
			441.2711
	==================================================================================
	Q6:
		Shape: Polyhedra
		q_c:	508.0	311.5	239.0
		ub :	511.1242	313.9409	243.0895
		lb :	504.8758	309.0591	234.9105
		A:
			0.8221	-0.3344	0.4607
			0.0147	0.8322	0.5542
			-0.2092	0.8139	0.542
			-0.7825	0.6036	-0.1526
			0.5284	-0.7992	-0.2864
			0.8132	-0.5802	0.0463
			0.5965	0.7487	0.2892
			0.3644	0.0684	-0.9287
			-0.7151	0.6594	-0.232
			-0.5965	-0.7487	-0.2892
			-0.3644	-0.0684	0.9287
			0.7151	-0.6594	0.232
		b:
			424.7565
			401.6927
			279.2625
			-245.3257
			-47.2134
			244.3341
			607.8574
			-12.0324
			-212.8506
			-602.8574
			19.0324
			213.8506


===========================================================================================
===========================================================================================
S2:
	q_c:	175.5	302.0	506.0
	ub :	201.5084	325.3522	527.8432
	lb :	153.0389	284.5446	477.8267

	==================================================================================
	Q1:
		Shape: Polyhedra
		q_c:	176.0	299.5	506.5
		ub :	184.6262	308.3978	514.7219
		lb :	167.3738	290.6022	498.2781
		A:
			0.7287	-0.6635	-0.1697
			0.9414	0.2835	0.1825
			-0.5971	0.4799	-0.6428
			0.1206	0.744	-0.6572
			-0.7677	-0.1407	-0.6252
			-0.7679	-0.0386	0.6394
			0.6449	0.2065	0.7358
			-0.6723	0.6112	0.4177
			-0.3634	-0.7641	0.533
			-0.6449	-0.2065	-0.7358
			0.6723	-0.6112	-0.4177
			0.3634	0.7641	-0.533
		b:
			-150.0498
			347.5659
			-282.2438
			-83.3874
			-490.2846
			183.2537
			551.5565
			282.779
			-17.3587
			-544.5565
			-269.779
			28.3587
	==================================================================================
	Q2:
		Shape: Polyhedra
		q_c:	161.0	314.5	516.0
		ub :	166.4303	325.3522	527.8432
		lb :	155.5697	303.6478	504.1568
		A:
			0.9222	-0.3152	-0.2239
			0.861	-0.4687	-0.1977
			-0.8866	0.4615	0.0292
			-0.9828	-0.1388	-0.1214
			0.9802	0.1929	0.0446
			0.9741	0.1554	0.164
			0.0123	0.903	0.4294
			0.9769	0.0806	-0.1977
			-0.2132	0.4219	-0.8812
			-0.0123	-0.903	-0.4294
			-0.9769	-0.0806	0.1977
			0.2132	-0.4219	0.8812
		b:
			-61.7945
			-105.6733
			22.8173
			-260.2651
			245.4787
			294.8046
			515.0463
			84.1375
			-347.3447
			-500.0463
			-77.1375
			365.3447
	==================================================================================
	Q3:
		Shape: Ellipse
		q_c:	170.0	293.5	515.5
		ub :	175.9473	299.4541	519.9394
		lb :	164.0527	287.5459	511.0606
		P^-1:
			0.075	0.013	-0.0002
			0.013	0.056	0.0005
			-0.0002	0.0005	0.0816
	==================================================================================
	Q4:
		Shape: Hybrid
		q_c:	174.5	306.5	495.0
		ub :	182.38	311.5631	501.8325
		lb :	166.62	301.4369	488.1675
		P^-1:
			0.0537	0.062	-0.0046
			0.062	0.2069	-0.0626
			-0.0046	-0.0626	0.0756
		A:
			-0.1715	-0.9851	-0.0113
			-0.0529	0.8573	-0.5121
			0.4261	0.8344	-0.3497
			-0.3496	-0.9368	0.0086
			-0.9614	0.0408	-0.272
			0.2089	0.8202	-0.5325
		b:
			-335.6786
			1.5978
			158.1681
			-342.5367
			-285.6701
			25.4192
	==================================================================================
	Q5:
		Shape: Hybrid
		q_c:	162.0	306.0	509.0
		ub :	170.9611	315.5566	515.6409
		lb :	153.0389	296.4434	502.3591
		P^-1:
			0.0445	-0.0194	-0.0077
			-0.0194	0.032	0.0039
			-0.0077	0.0039	0.0438
		A:
			-0.5298	0.826	-0.1926
			0.3399	-0.2152	-0.9155
			0.9637	0.2142	0.1595
			0.5288	0.0155	-0.8486
			-0.3359	0.9166	0.2167
			0.2146	-0.1567	-0.964
		b:
			71.739
			-474.3137
			307.2077
			-338.8211
			339.7159
			-501.2767
	==================================================================================
	Q6:
		Shape: Hybrid
		q_c:	193.0	291.5	487.0
		ub :	201.5084	298.4554	496.1733
		lb :	184.4916	284.5446	477.8267
		P^-1:
			0.0604	-0.0546	0.0191
			-0.0546	0.113	-0.0345
			0.0191	-0.0345	0.0381
		A:
			-0.859	0.462	-0.2209
			0.2921	-0.4562	0.8406
			-0.8947	0.2607	-0.3628
			-0.829	0.3306	-0.4511
			0.8144	0.58	-0.0203
			0.3261	-0.5793	0.747
		b:
			-136.2199
			335.9671
			-270.1467
			-280.3748
			321.2757
			260.4483


===========================================================================================
===========================================================================================
S3:
	q_c:	307.0	281.5	504.0
	ub :	323.9329	291.4914	513.2543
	lb :	288.0267	263.5695	487.2726

	==================================================================================
	Q1:
		Shape: Polyhedra
		q_c:	313.5	283.0	497.5
		ub :	323.9329	289.6048	507.7274
		lb :	303.0671	276.3952	487.2726
		A:
			-0.5783	0.3824	0.7206
			-0.6827	0.7251	0.0899
			-0.1775	-0.9297	0.3228
			0.0947	-0.4995	0.8611
			0.4852	-0.8704	-0.0835
			0.4211	0.8755	0.2369
			0.6155	0.1067	0.7809
			-0.0864	-0.9757	0.2014
			0.7834	-0.1915	-0.5913
			-0.6155	-0.1067	-0.7809
			0.0864	0.9757	-0.2014
			-0.7834	0.1915	0.5913
		b:
			293.6666
			42.8757
			-153.5294
			322.2767
			-129.5129
			502.4633
			617.1444
			-198.4989
			-94.262
			-606.1444
			207.4989
			111.262
	==================================================================================
	Q2:
		Shape: Polyhedra
		q_c:	299.0	286.0	501.0
		ub :	305.7256	291.4914	507.5913
		lb :	292.2744	280.5086	494.4087
		A:
			0.7351	0.6636	-0.1387
			0.736	-0.0935	-0.6705
			0.4123	0.8987	-0.1492
			0.7349	-0.6778	0.0229
			0.9167	0.3258	0.2316
			0.0446	-0.9801	-0.1933
			0.4338	0.7286	0.5301
			0.6649	0.1383	-0.734
			-0.6081	0.6709	-0.4244
			-0.4338	-0.7286	-0.5301
			-0.6649	-0.1383	0.734
			0.6081	-0.6709	0.4244
		b:
			343.8563
			-138.1429
			309.1785
			41.4002
			486.8614
			-360.4064
			606.6631
			-124.9093
			-198.5885
			-600.6631
			133.9093
			206.5885
	==================================================================================
	Q3:
		Shape: Polyhedra
		q_c:	297.0	281.5	509.5
		ub :	304.2846	288.7331	512.5389
		lb :	289.7154	274.2669	506.4611
		A:
			0.4251	-0.625	0.6547
			-0.9232	0.1847	0.337
			-0.1236	-0.5262	0.8414
			0.2455	-0.126	0.9612
			-0.0502	-0.0127	-0.9987
			-0.101	0.7774	-0.6208
			0.7212	0.6917	0.0373
			0.657	-0.666	-0.3532
			-0.2194	0.2793	-0.9348
			-0.7212	-0.6917	-0.0373
			-0.657	0.666	0.3532
			0.2194	-0.2793	0.9348
		b:
			286.257
			-45.8668
			246.7381
			528.8685
			-525.3236
			-124.2062
			433.9433
			-168.294
			-461.3399
			-421.9433
			176.294
			464.3399
	==================================================================================
	Q4:
		Shape: Ellipse
		q_c:	295.5	274.0	494.5
		ub :	302.9733	279.1632	501.6766
		lb :	288.0267	268.8368	487.3234
		P^-1:
			0.0436	-0.0337	0.0097
			-0.0337	0.1405	-0.031
			0.0097	-0.031	0.042
	==================================================================================
	Q5:
		Shape: Hybrid
		q_c:	314.0	276.0	500.0
		ub :	322.2742	284.359	507.4133
		lb :	305.7258	267.641	492.5867
		P^-1:
			0.025	0.0043	-0.0011
			0.0043	0.0373	-0.0037
			-0.0011	-0.0037	0.0292
		A:
			-0.9729	-0.1407	0.1833
			0.3508	-0.7365	-0.5784
			0.7645	0.637	-0.0985
			-0.2296	-0.9484	0.2188
			0.0858	0.6854	0.7231
			-0.5807	0.6644	0.4705
		b:
			-248.957
			-378.7785
			369.6356
			-221.9237
			581.0413
			240.0202
	==================================================================================
	Q6:
		Shape: Polyhedra
		q_c:	310.5	271.5	505.5
		ub :	314.7885	279.4305	513.2543
		lb :	306.2115	263.5695	497.7457
		A:
			-0.2326	0.2517	0.9394
			-0.8453	0.3753	-0.3802
			0.8488	-0.4419	-0.2902
			-0.9088	0.3179	-0.2701
			-0.9546	0.1549	0.2545
			-0.4068	-0.9049	0.125
			0.2279	0.7682	0.5983
			0.9517	-0.3056	0.0298
			0.2058	0.5626	-0.8007
			-0.2279	-0.7682	-0.5983
			-0.9517	0.3056	-0.0298
			-0.2058	-0.5626	0.8007
		b:
			476.3121
			-350.033
			-0.3899
			-330.0656
			-123.0802
			-303.3151
			587.2722
			229.6114
			-182.614
			-576.2722
			-225.6114
			193.614


===========================================================================================
===========================================================================================
S4:
	q_c:	365.0	275.0	36.0
	ub :	374.9415	281.4121	43.2491
	lb :	362.6397	267.3974	28.6481

	==================================================================================
	Q1:
		Shape: Hybrid
		q_c:	368.5	271.5	40.0
		ub :	370.8579	274.2778	43.2491
		lb :	366.1421	268.7222	36.7509
		P^-1:
			2.2152	1.7847	0.391
			1.7847	1.9399	0.5929
			0.391	0.5929	0.4005
		A:
			0.5047	0.862	0.0471
			0.7433	-0.3463	-0.5724
			0.715	0.615	0.3324
			-0.7547	-0.656	-0.0063
			0.4978	0.571	0.6528
			-0.839	-0.4856	-0.2454
		b:
			422.649
			158.2141
			444.1623
			-456.0962
			365.5273
			-450.2986
	==================================================================================
	Q2:
		Shape: Polyhedra
		q_c:	366.0	270.0	38.5
		ub :	368.4127	272.6026	40.6656
		lb :	363.5873	267.3974	36.3344
		A:
			0.2186	0.6291	-0.746
			-0.3628	-0.4482	0.817
			0.2431	0.1267	0.9617
			0.723	0.2561	0.6416
			-0.4073	0.5216	-0.7497
			-0.6669	-0.3968	0.6307
			0.163	0.5062	0.8468
			-0.4772	0.7917	-0.3814
			-0.8635	-0.3419	0.3706
			-0.163	-0.5062	-0.8468
			0.4772	-0.7917	0.3814
			0.8635	0.3419	-0.3706
		b:
			222.8628
			-220.7934
			161.4144
			359.7735
			-35.2798
			-325.4401
			229.9554
			26.4267
			-392.6078
			-227.9554
			-22.4267
			395.6078
	==================================================================================
	Q3:
		Shape: Ellipse
		q_c:	371.0	276.5	35.5
		ub :	374.9415	281.4121	40.5872
		lb :	367.0585	271.5879	30.4128
		P^-1:
			0.182	0.0314	0.0764
			0.0314	0.0914	0.0239
			0.0764	0.0239	0.1398
	==================================================================================
	Q4:
		Shape: Ellipse
		q_c:	370.0	271.0	39.0
		ub :	372.7278	274.0454	42.2212
		lb :	367.2722	267.9546	35.7788
		P^-1:
			0.25	0.0	0.0
			0.0	0.25	-0.0
			0.0	-0.0	0.25
	==================================================================================
	Q5:
		Shape: Hybrid
		q_c:	365.5	271.5	31.0
		ub :	367.9777	274.326	33.3519
		lb :	363.0223	268.674	28.6481
		P^-1:
			0.4187	0.059	-0.0294
			0.059	0.3093	0.0673
			-0.0294	0.0673	0.4109
		A:
			-0.5649	-0.5028	-0.6542
			0.5555	0.8124	0.1773
			-0.9512	-0.0343	0.3066
			0.6064	0.3631	-0.7074
			-0.7698	0.4967	0.4008
			-0.597	-0.6202	0.5089
		b:
			-362.5359
			429.9446
			-346.7109
			299.1069
			-133.1922
			-369.9078
	==================================================================================
	Q6:
		Shape: Ellipse
		q_c:	365.5	273.5	38.0
		ub :	368.3603	275.9868	40.0847
		lb :	362.6397	271.0132	35.9153
		P^-1:
			0.2584	-0.2188	-0.15
			-0.2188	0.683	0.234
			-0.15	0.234	0.6631


===========================================================================================
===========================================================================================
S5:
	q_c:	165.0	45.0	516.5
	ub :	180.096	59.0681	530.2281
	lb :	148.3558	27.5084	497.2284

	==================================================================================
	Q1:
		Shape: Polyhedra
		q_c:	158.0	35.5	510.5
		ub :	165.6025	43.4916	519.0478
		lb :	150.3975	27.5084	501.9522
		A:
			-0.5558	-0.7495	0.3597
			0.6219	0.6226	0.475
			-0.0295	0.6377	0.7697
			0.3607	0.848	0.3883
			-0.6102	0.6238	0.4884
			0.1271	0.5943	0.7941
			0.4666	0.809	0.3574
			0.8702	-0.3475	-0.3493
			-0.1584	0.474	-0.8662
			-0.4666	-0.809	-0.3574
			-0.8702	0.3475	0.3493
			0.1584	-0.474	0.8662
		b:
			74.1679
			367.0141
			415.6396
			289.3528
			180.3551
			451.2296
			288.9137
			-47.6585
			-444.3697
			-280.9137
			58.6585
			456.3697
	==================================================================================
	Q2:
		Shape: Polyhedra
		q_c:	171.0	53.0	518.0
		ub :	178.8554	59.0681	525.2273
		lb :	163.1446	46.9319	510.7727
		A:
			-0.6632	0.7439	-0.0818
			-0.5172	0.3675	-0.7729
			-0.2404	0.8963	0.3726
			-0.3721	-0.8363	-0.4026
			0.9039	-0.0321	0.4265
			0.6142	0.4489	0.649
			0.7327	0.2002	0.6504
			-0.6326	-0.1519	0.7595
			0.2509	-0.9679	0.0153
			-0.7327	-0.2002	-0.6504
			0.6326	0.1519	-0.7595
			-0.2509	0.9679	-0.0153
		b:
			-111.8436
			-464.9666
			204.0387
			-312.2586
			377.989
			469.0458
			476.806
			283.1792
			4.0516
			-468.806
			-271.1792
			4.9484
	==================================================================================
	Q3:
		Shape: Polyhedra
		q_c:	155.0	38.0	521.0
		ub :	161.6442	46.4745	528.6527
		lb :	148.3558	29.5255	513.3473
		A:
			0.2599	0.8733	0.4121
			-0.6028	-0.7124	0.3592
			-0.8145	0.5289	0.2383
			0.0028	-0.8829	-0.4696
			-0.8936	-0.4486	0.0112
			-0.8991	-0.3116	-0.3075
			0.9029	0.4259	0.0584
			0.2633	-0.6554	0.7079
			0.3398	-0.6238	-0.7039
			-0.9029	-0.4259	-0.0584
			-0.2633	0.6554	-0.7079
			-0.3398	0.6238	0.7039
		b:
			292.0796
			71.7903
			22.3537
			-273.8865
			-145.6956
			-307.1558
			190.5768
			391.7286
			-334.2618
			-182.5768
			-377.7286
			341.2618
	==================================================================================
	Q4:
		Shape: Hybrid
		q_c:	175.0	43.5	524.0
		ub :	180.096	49.0086	530.2281
		lb :	169.904	37.9914	517.7719
		P^-1:
			0.0773	-0.0117	-0.0073
			-0.0117	0.1155	-0.056
			-0.0073	-0.056	0.0888
		A:
			-0.3105	-0.9497	-0.0409
			0.5461	-0.4333	-0.7169
			0.9226	-0.1403	-0.3593
			0.4124	0.8285	-0.3788
			0.9514	-0.0069	0.3078
			0.9568	-0.2487	-0.1506
		b:
			-114.4116
			-296.0961
			-30.6864
			-88.4657
			330.1659
			79.9204
	==================================================================================
	Q5:
		Shape: Polyhedra
		q_c:	166.5	39.0	504.5
		ub :	174.437	46.6341	511.7716
		lb :	158.563	31.3659	497.2284
		A:
			0.8549	0.3038	-0.4205
			0.481	-0.8221	0.3046
			-0.8623	0.4471	0.2378
			0.7954	0.3096	-0.521
			-0.4232	0.7587	0.4953
			-0.9901	-0.1271	0.0592
			0.8645	0.4846	0.1335
			0.4999	-0.8568	-0.1265
			0.0531	0.1761	-0.9829
			-0.8645	-0.4846	-0.1335
			-0.4999	0.8568	0.1265
			-0.0531	-0.1761	0.9829
		b:
			-51.7057
			206.1403
			-1.353
			-112.1015
			213.3528
			-133.7908
			236.6922
			-10.0182
			-474.1859
			-223.6922
			18.0182
			486.1859
	==================================================================================
	Q6:
		Shape: Polyhedra
		q_c:	170.0	42.5	518.5
		ub :	174.3225	48.7974	525.5308
		lb :	165.6775	36.2026	511.4692
		A:
			-0.3235	0.9388	-0.1184
			-0.2826	-0.2146	0.9349
			0.453	-0.8865	-0.0944
			0.4668	0.5613	-0.6834
			-0.4157	0.194	0.8886
			0.5552	0.821	-0.133
			0.0766	0.396	0.9151
			0.2847	0.8709	-0.4007
			-0.9556	0.2912	-0.046
			-0.0766	-0.396	-0.9151
			-0.2847	-0.8709	0.4007
			0.9556	-0.2912	0.046
		b:
			-72.9725
			432.6509
			-5.7979
			-247.2216
			403.6882
			63.9885
			510.3078
			-118.8521
			-170.9314
			-498.3078
			125.8521
			176.9314


===========================================================================================
===========================================================================================
S6:
	q_c:	500.5	38.0	26.5
	ub :	512.4476	52.7096	41.7565
	lb :	484.7313	24.0179	13.6504

	==================================================================================
	Q1:
		Shape: Polyhedra
		q_c:	492.0	46.0	35.5
		ub :	499.2687	52.7096	41.7565
		lb :	484.7313	39.2904	29.2435
		A:
			-0.8752	0.4761	-0.0851
			0.7824	0.1083	0.6132
			0.9156	-0.3422	0.2113
			0.591	0.6857	0.4248
			0.831	-0.4221	-0.3623
			-0.4225	0.6245	0.6569
			0.4325	0.25	0.8663
			-0.6433	-0.5877	0.4908
			0.6318	-0.7695	-0.0933
			-0.4325	-0.25	-0.8663
			0.6433	0.5877	-0.4908
			-0.6318	0.7695	0.0933
		b:
			-408.4329
			415.3904
			445.671
			341.8853
			380.4322
			-152.4427
			258.5332
			-320.1017
			275.1323
			-251.5332
			332.1017
			-269.1323
	==================================================================================
	Q2:
		Shape: Hybrid
		q_c:	496.0	38.5	24.0
		ub :	501.1477	43.8174	28.1965
		lb :	490.8523	33.1826	19.8035
		P^-1:
			0.1369	-0.0439	-0.0097
			-0.0439	0.0766	-0.0185
			-0.0097	-0.0185	0.1559
		A:
			-0.2813	-0.1793	0.9427
			0.5719	-0.7271	0.3798
			-0.8479	0.3321	-0.4132
			-0.0214	-0.402	0.9154
			0.4012	0.4572	-0.7937
			0.8444	0.0984	-0.5266
		b:
			-122.5365
			266.2782
			-416.3502
			-2.7923
			199.2524
			411.5639
	==================================================================================
	Q3:
		Shape: Hybrid
		q_c:	496.5	34.5	31.5
		ub :	504.1595	40.9899	37.9164
		lb :	488.8405	28.0101	25.0836
		P^-1:
			0.0462	-0.0033	-0.0081
			-0.0033	0.0473	-0.0023
			-0.0081	-0.0023	0.0584
		A:
			-0.5453	-0.7151	0.4374
			-0.3942	-0.3383	0.8545
			0.9109	-0.2453	0.3318
			0.0037	-0.1594	-0.9872
			0.9354	-0.215	-0.2806
			-0.0015	-0.2426	0.9701
		b:
			-279.1469
			-178.4089
			457.0126
			-32.5022
			450.632
			23.5881
	==================================================================================
	Q4:
		Shape: Polyhedra
		q_c:	499.0	44.5	30.5
		ub :	502.6866	48.0606	34.6569
		lb :	495.3134	40.9394	26.3431
		A:
			0.0252	0.7915	0.6107
			-0.9958	0.0369	-0.0837
			0.844	-0.3328	0.4206
			0.1853	0.9164	0.3547
			0.4996	-0.7749	-0.3871
			0.7199	-0.2252	-0.6565
			0.3251	0.8003	0.5039
			0.7411	-0.5465	0.3899
			0.5874	0.2467	-0.7708
			-0.3251	-0.8003	-0.5039
			-0.7411	0.5465	-0.3899
			-0.5874	-0.2467	0.7708
		b:
			68.9126
			-495.704
			420.7563
			146.5314
			205.2785
			331.9624
			215.6912
			358.8918
			283.5925
			-210.6912
			-355.8918
			-277.5925
	==================================================================================
	Q5:
		Shape: Ellipse
		q_c:	504.5	34.0	20.5
		ub :	511.6539	39.69	27.3496
		lb :	497.3461	28.31	13.6504
		P^-1:
			0.0413	-0.0051	0.0009
			-0.0051	0.0605	-0.0038
			0.0009	-0.0038	0.0407
	==================================================================================
	Q6:
		Shape: Polyhedra
		q_c:	504.0	32.5	25.0
		ub :	512.4476	40.9821	30.8269
		lb :	495.5524	24.0179	19.1731
		A:
			0.6261	-0.4949	0.6026
			-0.6738	-0.5788	0.4593
			0.8676	0.0779	-0.4911
			0.6401	-0.7537	-0.149
			-0.1149	-0.7195	0.685
			-0.1416	0.5923	0.7932
			0.6581	0.6119	0.4387
			-0.283	-0.3388	0.8973
			0.6977	-0.7147	-0.0498
			-0.6581	-0.6119	-0.4387
			0.283	0.3388	-0.8973
			-0.6977	0.7147	0.0498
		b:
			319.5546
			-342.6062
			432.1303
			299.8808
			-60.1595
			-27.3274
			368.0398
			-127.7329
			332.6697
			-357.0398
			134.7329
			-321.6697


===========================================================================================
===========================================================================================
S7:
	q_c:	16.5	126.5	152.0
	ub :	32.5948	140.4012	170.325
	lb :	7.8395	110.5385	137.8548

	==================================================================================
	Q1:
		Shape: Polyhedra
		q_c:	24.5	117.5	157.5
		ub :	32.5948	124.4615	164.9056
		lb :	16.4052	110.5385	150.0944
		A:
			0.7149	-0.0499	-0.6974
			0.2041	0.0112	0.9789
			-0.7163	0.0354	0.6969
			-0.4295	-0.8971	0.1039
			-0.816	0.0124	0.5779
			-0.9687	-0.1154	-0.2199
			0.782	0.2641	0.5645
			-0.4877	-0.3046	0.8181
			0.388	-0.9151	-0.1094
			-0.782	-0.2641	-0.5645
			0.4877	0.3046	-0.8181
			-0.388	0.9151	0.1094
		b:
			-93.2688
			165.4896
			101.2995
			-94.7723
			77.4137
			-66.9566
			144.1022
			86.1159
			-110.7543
			-134.1022
			-76.1159
			119.7543
	==================================================================================
	Q2:
		Shape: Polyhedra
		q_c:	12.0	134.0	154.0
		ub :	16.1605	139.8446	158.0473
		lb :	7.8395	128.1554	149.9527
		A:
			-0.4317	0.1743	0.885
			-0.0669	-0.9505	0.3033
			0.8999	0.4348	-0.0332
			0.8511	-0.1415	-0.5056
			0.9406	0.154	-0.3025
			-0.5538	-0.424	0.7167
			0.5629	0.061	0.8243
			-0.0999	0.995	-0.0055
			-0.8205	-0.0793	0.5662
			-0.5629	-0.061	-0.8243
			0.0999	-0.995	0.0055
			0.8205	0.0793	-0.5662
		b:
			157.1496
			-76.2245
			66.9781
			-84.293
			-12.478
			49.7571
			145.37
			136.7876
			68.7268
			-138.37
			-125.7876
			-64.7268
	==================================================================================
	Q3:
		Shape: Ellipse
		q_c:	24.0	124.0	147.0
		ub :	31.6829	131.7359	156.1452
		lb :	16.3171	116.2641	137.8548
		P^-1:
			0.0421	-0.0019	-0.0114
			-0.0019	0.0276	-0.0
			-0.0114	-0.0	0.0311
	==================================================================================
	Q4:
		Shape: Ellipse
		q_c:	23.0	135.5	163.0
		ub :	29.1704	140.4012	170.325
		lb :	16.8296	130.5988	155.675
		P^-1:
			0.0913	0.002	-0.0361
			0.002	0.0625	-0.0056
			-0.0361	-0.0056	0.0435
	==================================================================================
	Q5:
		Shape: Ellipse
		q_c:	24.0	129.5	160.0
		ub :	29.9633	135.2489	164.9765
		lb :	18.0367	123.7511	155.0235
		P^-1:
			0.1079	0.056	0.0162
			0.056	0.0866	0.0165
			0.0162	0.0165	0.068
	==================================================================================
	Q6:
		Shape: Polyhedra
		q_c:	18.5	121.0	154.5
		ub :	24.1472	124.4931	159.6042
		lb :	12.8528	117.5069	149.3958
		A:
			0.7992	0.5567	-0.2267
			0.1086	-0.5743	0.8114
			-0.6032	0.0344	0.7968
			0.8959	-0.1892	0.4019
			-0.3108	-0.7592	-0.5719
			0.0624	-0.9496	-0.3071
			0.7353	0.4076	0.5415
			0.3055	-0.9125	0.272
			0.605	-0.0346	-0.7955
			-0.7353	-0.4076	-0.5415
			-0.3055	0.9125	-0.272
			-0.605	0.0346	0.7955
		b:
			50.9733
			60.2011
			118.6138
			59.8972
			-181.6119
			-158.2778
			151.5782
			-61.2366
			-113.3985
			-141.5782
			64.2366
			118.3985


===========================================================================================
===========================================================================================
S8:
	q_c:	255.0	314.0	148.5
	ub :	274.5995	333.6397	173.287
	lb :	245.7365	297.113	131.3224

	==================================================================================
	Q1:
		Shape: Polyhedra
		q_c:	265.5	324.5	165.0
		ub :	274.5995	333.6397	173.287
		lb :	256.4005	315.3603	156.713
		A:
			-0.7244	-0.0982	-0.6824
			0.1194	0.9893	-0.0833
			-0.8737	-0.3376	0.3502
			0.7101	0.375	-0.5959
			-0.5123	-0.8154	-0.2695
			0.7688	0.1459	-0.6226
			0.7267	0.6869	0.0038
			0.681	-0.7212	0.1272
			0.0902	-0.0899	-0.9919
			-0.7267	-0.6869	-0.0038
			-0.681	0.7212	-0.1272
			-0.0902	0.0899	0.9919
		b:
			-330.1877
			344.9376
			-277.7895
			218.2541
			-439.3407
			155.3191
			421.9773
			-25.7209
			-161.3905
			-410.9773
			38.7209
			176.3905
	==================================================================================
	Q2:
		Shape: Hybrid
		q_c:	255.5	313.5	147.5
		ub :	262.7593	320.3055	155.4346
		lb :	248.2407	306.6945	139.5654
		P^-1:
			0.0343	-0.0006	0.0026
			-0.0006	0.0334	-0.0013
			0.0026	-0.0013	0.0384
		A:
			0.4661	0.2894	0.836
			-0.4839	0.2628	-0.8347
			0.7265	0.6364	0.2592
			-0.8978	0.4395	-0.0292
			0.8552	0.5017	-0.1304
			-0.5408	0.6586	0.5232
		b:
			335.7659
			-161.8624
			426.289
			-93.0373
			359.5327
			148.4509
	==================================================================================
	Q3:
		Shape: Polyhedra
		q_c:	263.5	308.0	137.0
		ub :	266.9809	314.4355	142.6776
		lb :	260.0191	301.5645	131.3224
		A:
			-0.9565	0.2324	0.1766
			0.544	-0.2235	-0.8088
			-0.1691	0.4298	0.8869
			-0.3428	0.365	0.8656
			0.9433	0.1422	-0.3
			0.8412	0.0028	-0.5408
			0.0257	0.599	0.8003
			-0.3339	0.7598	-0.5579
			-0.9423	-0.2529	0.2195
			-0.0257	-0.599	-0.8003
			0.3339	-0.7598	0.5579
			0.9423	0.2529	-0.2195
		b:
			-153.4484
			-34.0836
			211.8482
			143.0745
			252.7894
			150.146
			303.4101
			75.6069
			-294.5967
			-298.4101
			-63.6069
			297.5967
	==================================================================================
	Q4:
		Shape: Hybrid
		q_c:	250.5	316.5	160.0
		ub :	255.2635	325.2639	169.1353
		lb :	245.7365	307.7361	150.8647
		P^-1:
			0.0801	0.0015	-0.0092
			0.0015	0.0237	-0.0002
			-0.0092	-0.0002	0.0252
		A:
			0.5253	-0.2547	-0.8119
			0.7888	0.2941	0.5397
			-0.9608	0.1278	-0.2459
			-0.6707	0.6852	0.2842
			-0.9188	0.3926	-0.0404
			-0.0347	0.3135	0.9489
		b:
			-75.1846
			380.5309
			-237.1303
			97.8679
			-109.8349
			247.0392
	==================================================================================
	Q5:
		Shape: Hybrid
		q_c:	262.0	304.0	142.0
		ub :	268.2979	310.887	147.5944
		lb :	255.7021	297.113	136.4056
		P^-1:
			0.1349	-0.0209	-0.0922
			-0.0209	0.0484	-0.0158
			-0.0922	-0.0158	0.1762
		A:
			0.8933	-0.0333	-0.4482
			-0.6005	0.6018	0.5266
			0.7195	-0.3453	-0.6025
			-0.4781	0.3547	-0.8035
			0.8456	0.5313	-0.0506
			0.2848	0.1292	-0.9498
		b:
			161.8804
			102.6416
			-0.6108
			-128.9303
			379.9129
			-19.5977
	==================================================================================
	Q6:
		Shape: Polyhedra
		q_c:	268.5	318.5	150.5
		ub :	273.2325	326.7748	157.5805
		lb :	263.7675	310.2252	143.4195
		A:
			-0.4971	0.1401	0.8563
			0.2057	0.7099	0.6736
			0.8984	-0.3892	0.2033
			-0.756	0.36	0.5467
			0.7631	-0.056	-0.6438
			0.1584	0.1206	-0.98
			0.6395	0.2416	0.7299
			-0.7688	0.19	0.6107
			0.0089	-0.9516	0.3072
			-0.6395	-0.2416	-0.7299
			0.7688	-0.19	-0.6107
			-0.0089	0.9516	-0.3072
		b:
			42.5522
			388.1978
			152.6029
			-4.0971
			91.9417
			-62.088
			363.9851
			-52.5017
			-247.474
			-352.9851
			55.5017
			261.474


===========================================================================================
===========================================================================================
S9:
	q_c:	487.5	346.5	273.5
	ub :	503.0949	358.938	287.8453
	lb :	477.3018	335.3007	260.162

	==================================================================================
	Q1:
		Shape: Hybrid
		q_c:	483.5	348.5	276.5
		ub :	489.6982	352.6278	282.9065
		lb :	477.3018	344.3722	270.0935
		P^-1:
			0.0816	0.0017	0.035
			0.0017	0.111	-0.002
			0.035	-0.002	0.0696
		A:
			0.5411	-0.0646	0.8385
			-0.4683	0.1006	-0.8778
			-0.8721	0.3984	-0.2841
			0.5221	0.4806	0.7045
			-0.9868	-0.1386	-0.0834
			-0.2916	-0.9541	-0.0674
		b:
			472.6406
			-432.2546
			-359.5375
			616.3778
			-546.234
			-490.6505
	==================================================================================
	Q2:
		Shape: Ellipse
		q_c:	487.0	353.0	274.0
		ub :	494.2199	358.938	281.123
		lb :	479.7801	347.062	266.877
		P^-1:
			0.0564	-0.0125	0.0046
			-0.0125	0.0716	-0.0082
			0.0046	-0.0082	0.0524
	==================================================================================
	Q3:
		Shape: Polyhedra
		q_c:	488.0	349.0	282.5
		ub :	494.1099	353.8305	287.8453
		lb :	481.8901	344.1695	277.1547
		A:
			-0.9224	0.2481	-0.296
			-0.1468	-0.885	0.4418
			-0.4539	-0.6573	0.6016
			0.0799	0.9782	-0.1915
			-0.9778	-0.1047	-0.1814
			0.6424	0.7641	-0.0588
			0.5684	0.5329	0.6269
			0.0046	-0.764	0.6453
			0.8227	-0.3639	-0.4367
			-0.5684	-0.5329	-0.6269
			-0.0046	0.764	-0.6453
			-0.8227	0.3639	0.4367
		b:
			-443.0042
			-253.9756
			-278.4078
			328.5812
			-560.6983
			566.6092
			643.9489
			-80.6105
			156.1103
			-636.9489
			83.6105
			-146.1103
	==================================================================================
	Q4:
		Shape: Polyhedra
		q_c:	493.0	350.0	281.5
		ub :	499.9679	355.7077	287.6903
		lb :	486.0321	344.2923	275.3097
		A:
			0.9164	-0.3999	-0.0156
			-0.673	0.4518	0.5857
			0.1969	0.7745	0.6011
			0.4327	-0.6353	-0.6397
			-0.8572	-0.3701	-0.358
			-0.3991	0.6276	0.6684
			0.3731	0.8761	0.3054
			0.5216	0.0741	-0.85
			-0.7673	0.4764	-0.4293
			-0.3731	-0.8761	-0.3054
			-0.5216	-0.0741	0.85
			0.7673	-0.4764	0.4293
		b:
			312.1789
			-4.8972
			540.861
			-185.346
			-648.7664
			214.7657
			580.0217
			47.3417
			-327.4032
			-573.0217
			-40.3417
			337.4032
	==================================================================================
	Q5:
		Shape: Hybrid
		q_c:	497.0	342.0	266.5
		ub :	503.0949	348.6993	272.838
		lb :	490.9051	335.3007	260.162
		P^-1:
			0.0609	-0.0005	0.0063
			-0.0005	0.0681	0.0145
			0.0063	0.0145	0.0646
		A:
			0.1778	-0.8673	-0.4649
			-0.2389	0.0542	0.9695
			-0.0409	0.3492	0.9362
			-0.0664	-0.9608	-0.2691
			-0.5096	-0.3822	0.7708
			-0.602	-0.7331	0.3165
		b:
			-330.2951
			160.559
			350.5654
			-431.3667
			-175.8783
			-462.9743
	==================================================================================
	Q6:
		Shape: Ellipse
		q_c:	496.0	344.0	277.0
		ub :	501.2152	348.7323	282.4761
		lb :	490.7848	339.2677	271.5239
		P^-1:
			0.0829	0.0086	-0.0052
			0.0086	0.1377	-0.0343
			-0.0052	-0.0343	0.1026


===========================================================================================
===========================================================================================
