3D_50_15_6_b                l = 3

===========================================================================================
===========================================================================================
S1:
	q_c:    41.0000    333.5000    235.5000
	ub :    73.0000    350.0000    249.0000
	lb :    9.0000    317.0000    222.0000

	==================================================================================
	Q1:
		Shape: Polyhedra
		q_c:    44.5000    331.0000    244.0000
		ub :    51.5579    334.8048    251.4465
		lb :    37.4421    327.1952    236.5535
		A:
			    -0.2723    0.2950    -0.9159
			    -0.4444    0.5890    -0.6749
			    -0.2718    -0.9157    0.2961
			    -0.8000    -0.4471    -0.4002
			    -0.5365    -0.8439    0.0023
			    0.3088    -0.9276    -0.2104
			    0.7856    0.2195    0.5785
			    -0.5733    -0.0936    0.8140
			    0.2329    -0.9711    0.0523
			    -0.7856    -0.2195    -0.5785
			    0.5733    0.0936    -0.8140
			    -0.2329    0.9711    -0.0523
		b:
			    -133.1997
			    14.0888
			    -239.0704
			    -277.6586
			    -298.9068
			    -341.6597
			    252.2765
			    148.6085
			    -295.8164
			    -245.2765
			    -135.6085
			    300.8164
	==================================================================================
	Q2:
		Shape: Polyhedra
		q_c:    51.0000    341.0000    224.0000
		ub :    60.5785    352.8009    235.3501
		lb :    41.4215    329.1991    212.6499
		A:
			    0.2944    -0.8507    -0.4354
			    -0.8310    0.0909    -0.5487
			    0.0116    0.4522    0.8919
			    0.2814    -0.2740    -0.9196
			    -0.7143    0.5994    0.3611
			    0.2604    -0.8672    -0.4244
			    0.6637    0.6047    0.4403
			    0.7372    -0.4289    -0.5221
			    -0.1269    0.6711    -0.7304
			    -0.6637    -0.6047    -0.4403
			    -0.7372    0.4289    0.5221
			    0.1269    -0.6711    0.7304
		b:
			    -366.7302
			    -126.8539
			    361.2260
			    -279.2517
			    253.5843
			    -371.4893
			    346.6703
			    -221.1280
			    66.2576
			    -330.6703
			    230.1280
			    -51.2576
	==================================================================================
	Q3:
		Shape: Hybrid
		q_c:    34.5000    329.5000    239.0000
		ub :    41.4841    337.0064    245.4515
		lb :    27.5159    321.9936    232.5485
		P^-1: 
			    0.0793    0.0014    0.0645
			    0.0014    0.0239    0.0029
			    0.0645    0.0029    0.1083
		A:
			    0.8479    0.4970    0.1847
			    -0.5575    0.0716    -0.8271
			    -0.1658    -0.9141    0.3702
			    0.7930    -0.3457    0.5017
			    -0.4712    0.7948    0.3825
			    0.7661    -0.6183    0.1757
		b:
			    240.8054
			    -191.9776
			    -213.2767
			    35.8101
			    342.0282
			    -131.3577
	==================================================================================
	Q4:
		Shape: Polyhedra
		q_c:    39.0000    350.5000    241.5000
		ub :    49.2558    357.9199    251.4730
		lb :    28.7442    343.0801    231.5270
		A:
			    -0.7937    0.1253    -0.5952
			    -0.7881    0.5566    0.2629
			    -0.3371    -0.5114    -0.7905
			    0.5091    -0.7900    -0.3417
			    0.8053    -0.4804    -0.3474
			    -0.9482    0.3177    -0.0048
			    0.7291    0.4201    0.5404
			    0.3716    -0.9060    0.2030
			    0.5748    0.0528    -0.8166
			    -0.7291    -0.4201    -0.5404
			    -0.3716    0.9060    -0.2030
			    -0.5748    -0.0528    0.8166
		b:
			    -125.0375
			    233.7558
			    -377.1211
			    -333.8817
			    -214.7169
			    79.1437
			    312.1646
			    -249.0326
			    -149.2823
			    -300.1646
			    259.0326
			    163.2823
	==================================================================================
	Q5:
		Shape: Ellipse
		q_c:    46.0000    341.0000    247.5000
		ub :    50.0981    350.2325    256.7572
		lb :    41.9019    331.7675    238.2428
		P^-1: 
			    0.1077    -0.0111    0.0087
			    -0.0111    0.0350    -0.0185
			    0.0087    -0.0185    0.0334
	==================================================================================
	Q6:
		Shape: Polyhedra
		q_c:    50.5000    345.0000    225.0000
		ub :    57.4299    351.8887    229.4019
		lb :    43.5701    338.1113    220.5981
		A:
			    -0.3364    -0.3346    0.8803
			    0.3222    0.1501    -0.9347
			    0.7200    0.2285    -0.6553
			    -0.2551    -0.4419    0.8600
			    0.4292    -0.3211    0.8442
			    0.0315    -0.2211    0.9747
			    0.5707    0.6356    0.5199
			    -0.7068    0.7025    -0.0831
			    -0.4180    -0.3201    0.8502
			    -0.5707    -0.6356    -0.5199
			    0.7068    -0.7025    0.0831
			    0.4180    0.3201    -0.8502
		b:
			    68.1618
			    -139.6845
			    -29.3075
			    30.8673
			    104.8749
			    147.5850
			    368.5950
			    193.4802
			    62.2442
			    -361.5950
			    -182.4802
			    -57.2442


===========================================================================================
===========================================================================================
S2:
	q_c:    83.5000    364.5000    170.0000
	ub :    108.0000    389.0000    180.0000
	lb :    59.0000    340.0000    160.0000

	==================================================================================
	Q1:
		Shape: Polyhedra
		q_c:    91.0000    357.5000    167.5000
		ub :    95.3171    361.2581    171.3202
		lb :    86.6829    353.7419    163.6798
		A:
			    0.1710    0.3101    0.9352
			    -0.4201    0.6082    -0.6735
			    -0.2042    0.4826    -0.8517
			    -0.1552    -0.7316    -0.6638
			    0.6433    -0.2559    0.7216
			    -0.2515    0.7571    -0.6030
			    0.0422    0.9926    0.1137
			    0.8388    0.0266    -0.5438
			    -0.5428    0.1183    -0.8315
			    -0.0422    -0.9926    -0.1137
			    -0.8388    -0.0266    0.5438
			    0.5428    -0.1183    0.8315
		b:
			    285.4776
			    68.5803
			    13.5060
			    -383.7958
			    89.5800
			    149.4135
			    381.2434
			    -1.2264
			    -144.8765
			    -374.2434
			    9.2264
			    147.8765
	==================================================================================
	Q2:
		Shape: Ellipse
		q_c:    90.0000    361.0000    171.0000
		ub :    94.1648    363.4882    174.5079
		lb :    85.8352    358.5118    167.4921
		P^-1: 
			    0.2110    -0.3096    -0.0353
			    -0.3096    0.8767    0.0261
			    -0.0353    0.0261    0.1540
	==================================================================================
	Q3:
		Shape: Polyhedra
		q_c:    94.5000    370.0000    162.5000
		ub :    98.3712    374.5441    166.5786
		lb :    90.6288    365.4559    158.4214
		A:
			    0.5710    0.7579    -0.3155
			    0.1052    0.2631    0.9590
			    -0.4090    -0.1369    0.9022
			    0.5740    0.0768    0.8152
			    -0.6062    -0.7742    -0.1820
			    -0.4281    0.3056    0.8505
			    0.4996    0.7807    0.3755
			    0.8619    -0.4043    -0.3061
			    -0.0871    0.4765    -0.8748
			    -0.4996    -0.7807    -0.3755
			    -0.8619    0.4043    0.3061
			    0.0871    -0.4765    0.8748
		b:
			    285.9165
			    265.8230
			    59.8041
			    217.8429
			    -370.3414
			    213.3976
			    400.0721
			    -115.3939
			    28.4083
			    -394.0721
			    120.3939
			    -23.4083
	==================================================================================
	Q4:
		Shape: Ellipse
		q_c:    81.5000    359.5000    165.5000
		ub :    86.8968    364.7108    169.3043
		lb :    76.1032    354.2892    161.6957
		P^-1: 
			    0.0943    0.0210    -0.0208
			    0.0210    0.0868    0.0144
			    -0.0208    0.0144    0.1525
	==================================================================================
	Q5:
		Shape: Hybrid
		q_c:    86.0000    368.0000    169.5000
		ub :    92.5392    373.4402    175.5074
		lb :    79.4608    362.5598    163.4926
		P^-1: 
			    0.0686    -0.0071    -0.0141
			    -0.0071    0.0777    -0.0077
			    -0.0141    -0.0077    0.0663
		A:
			    0.5113    0.3216    -0.7970
			    0.6037    0.1763    -0.7775
			    -0.8997    -0.2370    0.3665
			    -0.6253    -0.7772    0.0708
			    -0.0355    0.7917    0.6099
			    0.4239    -0.6233    -0.6571
		b:
			    29.0122
			    -13.2262
			    -100.5499
			    -325.6137
			    393.8991
			    -302.3652
	==================================================================================
	Q6:
		Shape: Polyhedra
		q_c:    81.0000    367.5000    168.0000
		ub :    82.9448    373.6635    173.9616
		lb :    79.0552    361.3365    162.0384
		A:
			    0.9333    0.1656    -0.3187
			    -0.9967    0.0416    0.0696
			    -0.2669    0.8956    -0.3560
			    -0.9351    0.2469    0.2541
			    -0.9422    0.2786    -0.1860
			    -0.8951    -0.1419    0.4226
			    0.1531    0.7308    0.6651
			    0.0384    0.6682    -0.7430
			    -0.9875    0.1393    0.0743
			    -0.1531    -0.7308    -0.6651
			    -0.0384    -0.6682    0.7430
			    0.9875    -0.1393    -0.0743
		b:
			    84.4318
			    -52.6702
			    251.0010
			    59.2026
			    -3.8635
			    -52.0216
			    398.2333
			    126.8377
			    -15.3112
			    -387.2333
			    -120.8377
			    17.3112


===========================================================================================
===========================================================================================
S3:
	q_c:    142.5000    504.5000    403.0000
	ub :    167.0000    529.0000    419.0000
	lb :    118.0000    480.0000    387.0000

	==================================================================================
	Q1:
		Shape: Ellipse
		q_c:    142.0000    516.5000    391.0000
		ub :    149.9598    526.0807    401.6780
		lb :    134.0402    506.9193    380.3220
		P^-1: 
			    0.0296    -0.0044    0.0008
			    -0.0044    0.0348    -0.0083
			    0.0008    -0.0083    0.0172
	==================================================================================
	Q2:
		Shape: Polyhedra
		q_c:    157.0000    492.5000    396.0000
		ub :    169.3958    502.0969    408.4600
		lb :    144.6042    482.9031    383.5400
		A:
			    0.9898    0.1378    0.0363
			    -0.1209    -0.2745    0.9540
			    0.2171    -0.8618    -0.4585
			    0.0832    0.9965    0.0091
			    -0.1801    0.5537    0.8130
			    0.3028    -0.5721    -0.7622
			    0.8060    0.1171    0.5803
			    -0.3224    -0.7353    0.5962
			    0.4964    -0.6676    -0.5549
			    -0.8060    -0.1171    -0.5803
			    0.3224    0.7353    -0.5962
			    -0.4964    0.6676    0.5549
		b:
			    246.2385
			    230.8627
			    -566.4810
			    513.8384
			    572.3189
			    -530.5738
			    423.4687
			    -169.6659
			    -465.5745
			    -404.4687
			    183.6659
			    475.5745
	==================================================================================
	Q3:
		Shape: Polyhedra
		q_c:    127.5000    511.0000    395.0000
		ub :    137.4925    517.1980    405.5064
		lb :    117.5075    504.8020    384.4936
		A:
			    -0.3496    0.8340    -0.4269
			    -0.2242    -0.4392    -0.8700
			    0.0605    0.9254    -0.3741
			    -0.4180    -0.7967    0.4365
			    -0.4985    0.8412    -0.2094
			    -0.2034    0.9674    -0.1510
			    0.8558    0.4409    0.2706
			    0.3427    -0.8750    0.3420
			    0.3875    -0.1999    -0.8999
			    -0.8558    -0.4409    -0.2706
			    -0.3427    0.8750    -0.3420
			    -0.3875    0.1999    0.8999
		b:
			    214.6439
			    -588.3692
			    336.0644
			    -282.4572
			    285.8665
			    411.1585
			    448.2940
			    -266.8740
			    -399.2123
			    -434.2940
			    269.8740
			    417.2123
	==================================================================================
	Q4:
		Shape: Polyhedra
		q_c:    149.5000    504.5000    409.0000
		ub :    161.4473    514.7717    421.1709
		lb :    137.5527    494.2283    396.8291
		A:
			    -0.7998    0.3840    0.4614
			    -0.6587    -0.5782    -0.4815
			    0.5182    -0.8437    0.1400
			    0.0277    0.3822    0.9237
			    -0.1437    -0.3433    0.9282
			    -0.6353    -0.7535    -0.1692
			    0.6886    0.1437    0.7107
			    -0.6027    0.6584    0.4509
			    -0.4031    -0.7389    0.5400
			    -0.6886    -0.1437    -0.7107
			    0.6027    -0.6584    -0.4509
			    0.4031    0.7389    -0.5400
		b:
			    269.0594
			    -579.3450
			    -284.4380
			    581.9044
			    192.1472
			    -536.8735
			    474.1352
			    432.4371
			    -205.1812
			    -458.1352
			    -420.4371
			    219.1812
	==================================================================================
	Q5:
		Shape: Ellipse
		q_c:    130.5000    512.0000    400.5000
		ub :    134.1753    521.5664    410.1445
		lb :    126.8247    502.4336    390.8555
		P^-1: 
			    0.4068    -0.1030    0.0617
			    -0.1030    0.0500    -0.0182
			    0.0617    -0.0182    0.0317
	==================================================================================
	Q6:
		Shape: Hybrid
		q_c:    140.5000    491.0000    410.0000
		ub :    146.8561    498.3895    417.0201
		lb :    134.1439    483.6105    402.9799
		P^-1: 
			    0.1195    0.0417    -0.0457
			    0.0417    0.0739    0.0259
			    -0.0457    0.0259    0.0981
		A:
			    0.8717    0.3466    -0.3463
			    0.4904    0.7704    -0.4075
			    -0.4720    -0.8705    -0.1391
			    0.6234    0.7673    -0.1507
			    0.8264    -0.4272    -0.3668
			    0.5549    0.2952    -0.7778
		b:
			    151.9554
			    282.8259
			    -548.7498
			    404.4648
			    -241.0029
			    -93.9449


===========================================================================================
===========================================================================================
S4:
	q_c:    125.5000    113.5000    222.0000
	ub :    146.0000    140.0000    247.0000
	lb :    105.0000    87.0000    197.0000

	==================================================================================
	Q1:
		Shape: Polyhedra
		q_c:    132.5000    121.5000    229.0000
		ub :    139.4695    130.7769    238.3507
		lb :    125.5305    112.2231    219.6493
		A:
			    0.3502    0.2951    0.8890
			    -0.7641    -0.6235    0.1656
			    -0.0631    0.1174    -0.9911
			    0.5596    -0.0678    0.8260
			    0.1407    -0.0029    0.9900
			    0.4779    -0.8748    -0.0795
			    0.7884    0.3986    0.4686
			    0.6148    -0.5368    -0.5778
			    0.0212    0.7436    -0.6683
			    -0.7884    -0.3986    -0.4686
			    -0.6148    0.5368    0.5778
			    -0.0212    -0.7436    0.6683
		b:
			    290.6146
			    -134.1702
			    -215.4244
			    259.8676
			    250.4333
			    -55.1703
			    264.1929
			    -110.0757
			    -53.8799
			    -256.1929
			    122.0757
			    65.8799
	==================================================================================
	Q2:
		Shape: Polyhedra
		q_c:    109.0000    99.0000    231.0000
		ub :    117.6612    108.3576    239.6173
		lb :    100.3388    89.6424    222.3827
		A:
			    -0.9367    -0.3071    0.1680
			    -0.0720    -0.9184    0.3890
			    0.4221    0.8320    0.3601
			    0.1716    -0.9563    0.2368
			    0.9555    0.2706    -0.1170
			    0.7240    0.6815    -0.1067
			    0.3024    0.6476    0.6994
			    -0.6443    0.6796    -0.3507
			    -0.7024    -0.3446    0.6228
			    -0.3024    -0.6476    -0.6994
			    0.6443    -0.6796    0.3507
			    0.7024    0.3446    -0.6228
		b:
			    -89.1264
			    -3.3305
			    216.9218
			    -15.1906
			    108.6227
			    126.3104
			    264.1338
			    -77.4607
			    37.1990
			    -253.1338
			    90.4607
			    -29.1990
	==================================================================================
	Q3:
		Shape: Ellipse
		q_c:    145.0000    106.0000    231.5000
		ub :    152.7826    117.3855    239.7396
		lb :    137.2174    94.6145    223.2604
		P^-1: 
			    0.0370    -0.0061    0.0236
			    -0.0061    0.0120    -0.0127
			    0.0236    -0.0127    0.0654
	==================================================================================
	Q4:
		Shape: Ellipse
		q_c:    146.0000    126.5000    220.5000
		ub :    157.3800    136.2880    229.1159
		lb :    134.6200    116.7120    211.8841
		P^-1: 
			    0.0195    0.0031    -0.0179
			    0.0031    0.0699    -0.0655
			    -0.0179    -0.0655    0.1095
	==================================================================================
	Q5:
		Shape: Ellipse
		q_c:    136.5000    103.5000    232.0000
		ub :    150.2996    115.9597    246.9415
		lb :    122.7004    91.0403    217.0585
		P^-1: 
			    0.0118    0.0002    0.0010
			    0.0002    0.0123    -0.0003
			    0.0010    -0.0003    0.0106
	==================================================================================
	Q6:
		Shape: Ellipse
		q_c:    110.0000    116.5000    227.5000
		ub :    115.8255    121.6189    234.2428
		lb :    104.1745    111.3811    220.7572
		P^-1: 
			    0.0731    0.0035    0.0165
			    0.0035    0.0802    -0.0068
			    0.0165    -0.0068    0.0500


===========================================================================================
===========================================================================================
S5:
	q_c:    363.0000    151.0000    173.5000
	ub :    381.0000    180.0000    191.0000
	lb :    345.0000    122.0000    156.0000

	==================================================================================
	Q1:
		Shape: Polyhedra
		q_c:    369.0000    171.0000    161.0000
		ub :    381.1794    181.1283    173.7028
		lb :    356.8206    160.8717    148.2972
		A:
			    -0.4225    0.5760    0.6998
			    -0.3287    0.9098    -0.2536
			    -0.0015    0.8595    -0.5111
			    -0.2873    0.9485    -0.1331
			    -0.4284    0.7396    -0.5191
			    0.1873    0.7766    -0.6015
			    0.5613    0.3221    0.7624
			    -0.7987    0.4520    0.3971
			    -0.2167    -0.8318    0.5110
			    -0.5613    -0.3221    -0.7624
			    0.7987    -0.4520    -0.3971
			    0.2167    0.8318    -0.5110
		b:
			    63.0666
			    -1.0371
			    68.8664
			    40.3201
			    -108.9134
			    109.6655
			    394.9424
			    -146.4996
			    -135.4293
			    -374.9424
			    160.4996
			    144.4293
	==================================================================================
	Q2:
		Shape: Hybrid
		q_c:    370.5000    143.0000    174.0000
		ub :    374.2396    154.2499    185.6435
		lb :    366.7604    131.7501    162.3565
		P^-1: 
			    0.1585    -0.0100    -0.0106
			    -0.0100    0.0130    0.0004
			    -0.0106    0.0004    0.0119
		A:
			    0.9286    -0.2716    0.2529
			    -0.9543    0.0431    0.2958
			    0.7829    -0.5280    -0.3291
			    0.2336    0.9488    0.2128
			    -0.9970    0.0245    0.0728
			    -0.7784    0.2881    0.5578
		b:
			    352.1638
			    -293.9160
			    161.4935
			    267.0172
			    -351.9563
			    -145.7370
	==================================================================================
	Q3:
		Shape: Hybrid
		q_c:    356.5000    162.5000    183.0000
		ub :    366.6519    174.5813    194.5031
		lb :    346.3481    150.4187    171.4969
		P^-1: 
			    0.0330    0.0056    -0.0150
			    0.0056    0.0179    -0.0077
			    -0.0150    -0.0077    0.0301
		A:
			    -0.8022    0.3229    0.5021
			    -0.6187    -0.5153    0.5930
			    -0.2248    0.9743    -0.0108
			    0.4951    0.6235    -0.6051
			    -0.8627    -0.1389    -0.4863
			    0.2764    -0.8338    0.4779
		b:
			    -137.9299
			    -193.2423
			    81.9467
			    170.0282
			    -413.7433
			    55.5294
	==================================================================================
	Q4:
		Shape: Polyhedra
		q_c:    357.0000    137.5000    162.5000
		ub :    364.7979    146.4138    171.1415
		lb :    349.2021    128.5862    153.8585
		A:
			    0.3727    0.9189    0.1293
			    0.0927    -0.9946    0.0471
			    0.3564    -0.1458    -0.9229
			    -0.1140    -0.9431    0.3125
			    -0.5168    0.1863    -0.8356
			    -0.4175    -0.8903    -0.1818
			    0.6240    0.5414    0.5635
			    -0.7508    0.6152    0.2404
			    -0.2165    -0.5731    0.7904
			    -0.6240    -0.5414    -0.5635
			    0.7508    -0.6152    -0.2404
			    0.2165    0.5731    -0.7904
		b:
			    285.6385
			    -90.8272
			    -37.3996
			    -113.9927
			    -289.2443
			    -295.8250
			    393.7843
			    -139.8719
			    -21.6591
			    -383.7843
			    148.8719
			    33.6591
	==================================================================================
	Q5:
		Shape: Hybrid
		q_c:    363.5000    143.5000    159.5000
		ub :    371.5419    155.5022    170.1948
		lb :    355.4581    131.4978    148.8052
		P^-1: 
			    0.0318    0.0021    0.0042
			    0.0021    0.0094    0.0015
			    0.0042    0.0015    0.0166
		A:
			    0.3341    0.5192    0.7867
			    0.9518    -0.3065    0.0143
			    0.3316    -0.8487    -0.4121
			    -0.7497    0.5644    0.3456
			    -0.8466    -0.5287    -0.0617
			    0.5797    -0.3020    0.7568
		b:
			    326.3635
			    308.0993
			    -60.1088
			    -130.9977
			    -389.3070
			    292.8269
	==================================================================================
	Q6:
		Shape: Ellipse
		q_c:    380.5000    164.0000    191.0000
		ub :    389.3337    172.6526    201.4721
		lb :    371.6663    155.3474    180.5279
		P^-1: 
			    0.0310    -0.0009    0.0049
			    -0.0009    0.0266    0.0032
			    0.0049    0.0032    0.0210


===========================================================================================
===========================================================================================
S6:
	q_c:    189.5000    494.0000    225.5000
	ub :    215.0000    507.0000    242.0000
	lb :    164.0000    481.0000    209.0000

	==================================================================================
	Q1:
		Shape: Hybrid
		q_c:    175.0000    491.0000    228.0000
		ub :    180.8213    496.7095    234.5612
		lb :    169.1787    485.2905    221.4388
		P^-1: 
			    0.0992    -0.0416    -0.0006
			    -0.0416    0.1188    0.0346
			    -0.0006    0.0346    0.0635
		A:
			    0.5303    -0.5669    0.6303
			    -0.6085    -0.6246    -0.4896
			    0.1795    0.9299    0.3210
			    -0.0909    0.9929    -0.0766
			    0.6156    -0.2385    0.7511
			    0.9329    -0.2990    -0.2009
		b:
			    -39.2361
			    -522.5395
			    563.1464
			    456.3666
			    164.4380
			    -27.4939
	==================================================================================
	Q2:
		Shape: Hybrid
		q_c:    184.5000    489.0000    241.0000
		ub :    189.3165    493.1009    246.6558
		lb :    179.6835    484.8991    235.3442
		P^-1: 
			    0.1896    -0.0128    0.0907
			    -0.0128    0.1489    0.0344
			    0.0907    0.0344    0.1114
		A:
			    -0.6959    0.1589    -0.7003
			    -0.4595    -0.4479    -0.7670
			    0.7197    -0.6717    -0.1756
			    -0.0005    -0.6786    -0.7345
			    -0.6384    0.7545    0.1522
			    -0.1542    0.9822    -0.1075
		b:
			    -218.1223
			    -487.2392
			    -236.2831
			    -507.0520
			    289.4657
			    427.7608
	==================================================================================
	Q3:
		Shape: Polyhedra
		q_c:    190.0000    504.0000    236.5000
		ub :    195.6241    509.4784    241.1241
		lb :    184.3759    498.5216    231.8759
		A:
			    0.6194    0.5746    0.5350
			    0.5755    0.2286    -0.7852
			    -0.1453    -0.8385    0.5251
			    0.1204    -0.0982    -0.9879
			    -0.9279    0.2340    -0.2903
			    0.2359    -0.4677    0.8518
			    0.6985    0.4601    0.5482
			    -0.2448    -0.5662    0.7871
			    0.6725    -0.6840    -0.2828
			    -0.6985    -0.4601    -0.5482
			    0.2448    0.5662    -0.7871
			    -0.6725    0.6840    0.2828
		b:
			    537.3035
			    41.4243
			    -323.6586
			    -257.3442
			    -123.2707
			    13.0488
			    497.7242
			    -143.7122
			    -279.8286
			    -490.7242
			    147.7122
			    287.8286
	==================================================================================
	Q4:
		Shape: Polyhedra
		q_c:    192.5000    498.0000    229.0000
		ub :    201.8896    507.6240    236.9947
		lb :    183.1104    488.3760    221.0053
		A:
			    0.1086    0.5668    0.8166
			    -0.1360    -0.3748    -0.9171
			    0.7723    0.5023    0.3889
			    -0.5043    -0.4972    -0.7061
			    -0.4122    -0.6884    -0.5968
			    -0.7151    0.4900    -0.4985
			    0.5924    0.3394    0.7307
			    -0.6080    0.7833    0.1291
			    -0.5286    -0.5208    0.6704
			    -0.5924    -0.3394    -0.7307
			    0.6080    -0.7833    -0.1291
			    0.5286    0.5208    -0.6704
		b:
			    494.3461
			    -418.6623
			    492.0034
			    -503.1932
			    -555.0990
			    -2.6171
			    453.3614
			    308.6324
			    -200.0801
			    -447.3614
			    -296.6324
			    215.0801
	==================================================================================
	Q5:
		Shape: Ellipse
		q_c:    179.0000    483.5000    226.0000
		ub :    189.0897    494.1174    234.8823
		lb :    168.9103    472.8826    217.1177
		P^-1: 
			    0.0179    0.0011    -0.0019
			    0.0011    0.0250    -0.0132
			    -0.0019    -0.0132    0.0420
	==================================================================================
	Q6:
		Shape: Polyhedra
		q_c:    198.0000    488.5000    221.5000
		ub :    203.8171    497.7681    230.0503
		lb :    192.1829    479.2319    212.9497
		A:
			    0.5260    0.8197    0.2267
			    -0.5946    -0.7942    -0.1252
			    0.8794    0.0601    -0.4723
			    -0.4243    -0.6038    0.6748
			    -0.4303    -0.1731    -0.8859
			    0.0057    -0.0263    -0.9996
			    0.9194    0.3920    0.0328
			    0.2980    -0.7484    0.5925
			    0.2568    -0.5350    -0.8049
			    -0.9194    -0.3920    -0.0328
			    -0.2980    0.7484    -0.5925
			    -0.2568    0.5350    0.8049
		b:
			    558.7826
			    -529.5912
			    102.3974
			    -223.6303
			    -360.5884
			    -227.1973
			    383.2787
			    -167.8634
			    -383.7849
			    -378.2787
			    182.8634
			    393.7849


===========================================================================================
===========================================================================================
S7:
	q_c:    349.0000    348.0000    56.0000
	ub :    375.0000    373.0000    82.0000
	lb :    323.0000    323.0000    30.0000

	==================================================================================
	Q1:
		Shape: Ellipse
		q_c:    366.0000    362.0000    74.5000
		ub :    379.6305    375.5586    86.4284
		lb :    352.3695    348.4414    62.5716
		P^-1: 
			    0.0127    -0.0005    0.0012
			    -0.0005    0.0130    -0.0017
			    0.0012    -0.0017    0.0168
	==================================================================================
	Q2:
		Shape: Polyhedra
		q_c:    337.0000    336.5000    55.5000
		ub :    351.5888    351.6878    68.3026
		lb :    322.4112    321.3122    42.6974
		A:
			    0.6739    0.1993    -0.7115
			    0.4505    -0.0105    -0.8927
			    -0.4266    -0.7868    0.4461
			    -0.6042    0.4403    0.6641
			    0.1774    0.9358    -0.3046
			    0.5304    0.2164    -0.8197
			    0.2136    0.7146    0.6661
			    0.4273    0.5449    -0.7215
			    -0.8785    0.4387    -0.1889
			    -0.2136    -0.7146    -0.6661
			    -0.4273    -0.5449    0.7215
			    0.8785    -0.4387    0.1889
		b:
			    261.5088
			    106.0509
			    -377.4772
			    -8.8924
			    365.3744
			    212.4135
			    359.4012
			    292.7979
			    -147.4345
			    -339.4012
			    -281.7979
			    170.4345
	==================================================================================
	Q3:
		Shape: Ellipse
		q_c:    364.0000    348.0000    47.0000
		ub :    382.4330    363.2646    64.5184
		lb :    345.5670    332.7354    29.4816
		P^-1: 
			    0.0115    0.0066    0.0016
			    0.0066    0.0133    0.0038
			    0.0016    0.0038    0.0090
	==================================================================================
	Q4:
		Shape: Polyhedra
		q_c:    358.0000    358.0000    41.5000
		ub :    362.6324    369.6385    49.7228
		lb :    353.3676    346.3615    33.2772
		A:
			    0.0659    -0.7181    0.6929
			    -0.7258    -0.0302    0.6873
			    0.9807    0.1956    0.0047
			    0.9282    -0.3018    0.2175
			    -0.8320    0.2190    -0.5097
			    -0.5271    0.5423    -0.6543
			    0.1541    0.9079    0.3899
			    0.3948    0.3052    -0.8666
			    -0.9058    0.2874    -0.3114
			    -0.1541    -0.9079    -0.3899
			    -0.3948    -0.3052    0.8666
			    0.9058    -0.2874    0.3114
		b:
			    -199.5001
			    -238.2089
			    425.5456
			    234.8836
			    -238.4630
			    -18.7060
			    407.3504
			    218.6355
			    -232.7824
			    -385.3504
			    -210.6355
			    235.7824
	==================================================================================
	Q5:
		Shape: Ellipse
		q_c:    355.5000    341.0000    34.0000
		ub :    368.3305    355.7840    46.6689
		lb :    342.6695    326.2160    21.3311
		P^-1: 
			    0.0125    0.0003    0.0003
			    0.0003    0.0130    0.0007
			    0.0003    0.0007    0.0131
	==================================================================================
	Q6:
		Shape: Polyhedra
		q_c:    359.0000    352.0000    47.0000
		ub :    367.8419    357.8278    53.5814
		lb :    350.1581    346.1722    40.4186
		A:
			    0.0656    0.2338    -0.9701
			    0.0523    -0.5712    0.8191
			    -0.1435    -0.7516    -0.6439
			    0.2046    -0.9395    -0.2749
			    0.3691    0.9070    0.2027
			    -0.1237    -0.1859    -0.9748
			    0.0363    0.7745    0.6315
			    -0.2461    0.6194    -0.7455
			    -0.9686    -0.1283    0.2131
			    -0.0363    -0.7745    -0.6315
			    0.2461    -0.6194    0.7455
			    0.9686    0.1283    -0.2131
		b:
			    64.6305
			    -139.5550
			    -343.2466
			    -266.7974
			    465.7627
			    -152.1678
			    318.3510
			    98.6509
			    -374.8694
			    -312.3510
			    -90.6509
			    390.8694


===========================================================================================
===========================================================================================
S8:
	q_c:    253.0000    117.5000    393.5000
	ub :    274.0000    137.0000    403.0000
	lb :    232.0000    98.0000    384.0000

	==================================================================================
	Q1:
		Shape: Polyhedra
		q_c:    249.0000    120.0000    398.0000
		ub :    256.0912    127.4501    405.4903
		lb :    241.9088    112.5499    390.5097
		A:
			    -0.4178    -0.9040    -0.0912
			    -0.8781    0.3876    0.2806
			    0.4279    -0.3183    -0.8459
			    -0.2693    -0.6088    -0.7462
			    0.1555    0.8278    0.5391
			    -0.0969    -0.2879    -0.9527
			    0.8556    0.3542    0.3774
			    0.5165    -0.5375    -0.6666
			    -0.0332    0.7653    -0.6428
			    -0.8556    -0.3542    -0.3774
			    -0.5165    0.5375    0.6666
			    0.0332    -0.7653    0.6428
		b:
			    -243.5660
			    -56.1228
			    -264.7142
			    -432.1333
			    357.3313
			    -433.3443
			    411.7683
			    -197.6795
			    -167.7903
			    -399.7683
			    204.6795
			    176.7903
	==================================================================================
	Q2:
		Shape: Hybrid
		q_c:    263.0000    120.5000    385.5000
		ub :    268.2276    127.6468    391.5393
		lb :    257.7724    113.3532    379.4607
		P^-1: 
			    0.0616    -0.0071    -0.0000
			    -0.0071    0.0484    -0.0349
			    -0.0000    -0.0349    0.0914
		A:
			    0.7142    -0.4085    0.5684
			    0.5592    -0.7826    0.2736
			    0.6450    -0.0076    0.7641
			    -0.3661    0.4460    0.8167
			    -0.7073    0.1183    0.6970
			    0.0156    0.3857    -0.9225
		b:
			    359.6901
			    160.8400
			    465.9127
			    275.7418
			    99.4247
			    -303.4782
	==================================================================================
	Q3:
		Shape: Ellipse
		q_c:    255.0000    111.5000    390.5000
		ub :    258.5759    118.4653    396.2784
		lb :    251.4241    104.5347    384.7216
		P^-1: 
			    0.2362    0.0490    0.0211
			    0.0490    0.0622    -0.0323
			    0.0211    -0.0323    0.0905
	==================================================================================
	Q4:
		Shape: Polyhedra
		q_c:    258.5000    113.0000    400.5000
		ub :    265.4713    118.9571    406.2351
		lb :    251.5287    107.0429    394.7649
		A:
			    -0.4195    -0.6085    0.6736
			    0.5416    0.6747    0.5014
			    -0.9214    0.2814    -0.2679
			    0.7682    -0.6285    -0.1215
			    -0.8004    0.5475    0.2439
			    -0.6948    0.5868    -0.4159
			    0.9316    0.2639    0.2498
			    -0.3087    0.2120    0.9272
			    0.1917    -0.9410    0.2789
			    -0.9316    -0.2639    -0.2498
			    0.3087    -0.2120    -0.9272
			    -0.1917    0.9410    -0.2789
		b:
			    96.6461
			    422.0169
			    -308.5596
			    83.2700
			    -43.0205
			    -275.2670
			    376.2013
			    319.0211
			    58.9407
			    -365.2013
			    -312.0211
			    -50.9407
	==================================================================================
	Q5:
		Shape: Polyhedra
		q_c:    258.5000    120.0000    403.0000
		ub :    263.4721    123.5385    407.9520
		lb :    253.5279    116.4615    398.0480
		A:
			    0.1577    0.9752    -0.1555
			    -0.4185    0.9078    0.0281
			    -0.3213    0.2791    -0.9049
			    0.9842    0.0120    0.1766
			    0.5629    -0.4876    0.6674
			    -0.6383    0.7664    -0.0717
			    0.4585    0.5975    0.6578
			    -0.8475    0.0712    0.5260
			    0.2675    -0.7987    0.5390
			    -0.4585    -0.5975    -0.6578
			    0.8475    -0.0712    -0.5260
			    -0.2675    0.7987    -0.5390
		b:
			    97.4521
			    14.4136
			    -411.8060
			    330.3652
			    358.0065
			    -99.5795
			    458.8334
			    4.9443
			    192.0273
			    -451.8334
			    2.0557
			    -189.0273
	==================================================================================
	Q6:
		Shape: Hybrid
		q_c:    256.0000    121.5000    401.5000
		ub :    263.8438    128.3580    408.6260
		lb :    248.1562    114.6420    394.3740
		P^-1: 
			    0.0469    0.0002    0.0104
			    0.0002    0.0400    0.0003
			    0.0104    0.0003    0.0555
		A:
			    0.6083    0.6696    0.4262
			    0.5571    -0.3640    -0.7464
			    0.6532    -0.7295    0.2031
			    0.1908    0.8966    0.3997
			    -0.1650    0.4313    0.8870
			    0.7547    -0.6545    -0.0448
		b:
			    410.7163
			    -198.3884
			    162.8853
			    321.0548
			    368.8956
			    98.5430


===========================================================================================
===========================================================================================
S9:
	q_c:    352.5000    501.0000    348.5000
	ub :    368.0000    514.0000    377.0000
	lb :    337.0000    488.0000    320.0000

	==================================================================================
	Q1:
		Shape: Ellipse
		q_c:    346.5000    490.5000    359.0000
		ub :    349.9720    494.6017    363.7262
		lb :    343.0280    486.3983    354.2738
		P^-1: 
			    0.2144    0.0339    0.0597
			    0.0339    0.1527    -0.0164
			    0.0597    -0.0164    0.1246
	==================================================================================
	Q2:
		Shape: Hybrid
		q_c:    357.0000    496.0000    357.5000
		ub :    364.4666    503.6457    361.8674
		lb :    349.5334    488.3543    353.1326
		P^-1: 
			    0.0383    0.0092    0.0064
			    0.0092    0.0624    -0.0664
			    0.0064    -0.0664    0.2265
		A:
			    -0.2697    -0.4702    0.8403
			    -0.3360    -0.4920    0.8031
			    0.0113    -0.2961    -0.9551
			    -0.1206    -0.3134    -0.9419
			    -0.1493    0.2685    -0.9516
			    0.1440    0.3100    0.9397
		b:
			    -27.6531
			    -75.2782
			    -481.7197
			    -532.7541
			    -259.2299
			    543.6104
	==================================================================================
	Q3:
		Shape: Hybrid
		q_c:    361.5000    494.5000    339.5000
		ub :    367.2783    499.7636    345.8312
		lb :    355.7217    489.2364    333.1688
		P^-1: 
			    0.1165    -0.0471    -0.0204
			    -0.0471    0.1000    0.0085
			    -0.0204    0.0085    0.0460
		A:
			    0.9850    -0.0849    0.1501
			    -0.3783    -0.8162    0.4368
			    0.8526    0.4514    -0.2634
			    -0.2033    0.9771    0.0626
			    -0.3189    -0.9315    -0.1750
			    -0.6550    0.6593    0.3691
		b:
			    367.2861
			    -389.2918
			    444.5441
			    432.8966
			    -632.5725
			    215.9524
	==================================================================================
	Q4:
		Shape: Polyhedra
		q_c:    350.5000    496.0000    342.0000
		ub :    360.0668    503.0403    351.6045
		lb :    340.9332    488.9597    332.3955
		A:
			    0.4870    0.4817    0.7286
			    0.1981    -0.9348    -0.2948
			    0.1754    -0.9709    -0.1628
			    -0.1567    -0.8744    0.4593
			    0.5690    -0.6148    0.5461
			    -0.7172    0.6717    -0.1856
			    0.6017    0.4770    0.6407
			    0.3547    -0.8783    0.3207
			    0.7156    0.0343    -0.6976
			    -0.6017    -0.4770    -0.6407
			    -0.3547    0.8783    -0.3207
			    -0.7156    -0.0343    0.6976
		b:
			    665.7512
			    -489.9466
			    -470.9440
			    -326.9876
			    85.8878
			    22.7067
			    673.5821
			    -197.6038
			    34.7315
			    -659.5821
			    205.6038
			    -23.7315
	==================================================================================
	Q5:
		Shape: Polyhedra
		q_c:    363.0000    506.5000    345.5000
		ub :    369.6466    514.9424    351.8964
		lb :    356.3534    498.0576    339.1036
		A:
			    0.4593    -0.1210    -0.8800
			    0.9747    0.1097    -0.1949
			    0.9055    0.2828    -0.3162
			    -0.3772    0.2429    0.8937
			    -0.4642    -0.8468    0.2596
			    -0.7149    -0.1457    0.6839
			    0.6879    0.5770    0.4403
			    -0.6220    0.1561    0.7673
			    0.3740    -0.8017    0.4663
			    -0.6879    -0.5770    -0.4403
			    0.6220    -0.1561    -0.7673
			    -0.3740    0.8017    -0.4663
		b:
			    -196.7094
			    345.4133
			    365.8492
			    296.8297
			    -502.3113
			    -94.8148
			    698.5853
			    119.8765
			    -102.1514
			    -689.5853
			    -116.8765
			    116.1514
	==================================================================================
	Q6:
		Shape: Ellipse
		q_c:    349.5000    498.0000    355.5000
		ub :    355.5360    504.1076    361.8723
		lb :    343.4640    491.8924    349.1277
		P^-1: 
			    0.0411    0.0047    0.0012
			    0.0047    0.0600    0.0053
			    0.0012    0.0053    0.0414


===========================================================================================
===========================================================================================
S10:
	q_c:    22.0000    18.0000    289.0000
	ub :    27.0000    36.0000    307.0000
	lb :    17.0000    0.0000    271.0000

	==================================================================================
	Q1:
		Shape: Ellipse
		q_c:    25.5000    12.5000    295.0000
		ub :    28.7780    16.9664    298.7311
		lb :    22.2220    8.0336    291.2689
		P^-1: 
			    0.1619    0.0006    -0.0200
			    0.0006    0.1234    0.0705
			    -0.0200    0.0705    0.2063
	==================================================================================
	Q2:
		Shape: Hybrid
		q_c:    24.5000    21.0000    288.0000
		ub :    27.8389    23.8655    291.2672
		lb :    21.1611    18.1345    284.7328
		P^-1: 
			    0.2412    -0.0018    -0.0266
			    -0.0018    0.2496    -0.0055
			    -0.0266    -0.0055    0.1692
		A:
			    -0.7898    -0.5872    -0.1774
			    0.6977    -0.3039    -0.6487
			    -0.9655    -0.1948    -0.1726
			    -0.0386    -0.6123    0.7897
			    -0.4334    0.8305    -0.3498
			    -0.9235    -0.3632    -0.1234
		b:
			    -81.6598
			    -175.0287
			    -76.3401
			    214.8886
			    -92.8305
			    -64.7036
	==================================================================================
	Q3:
		Shape: Ellipse
		q_c:    26.5000    18.5000    293.5000
		ub :    29.0139    21.4536    296.8647
