3D_50_10_6_c                l = 3

===========================================================================================
===========================================================================================
S1:
	q_c:    226.5000    155.0000    14.5000
	ub :    243.0000    171.0000    29.0000
	lb :    210.0000    139.0000    0.0000

	==================================================================================
	Q1:
		Shape: Ellipse
		q_c:    221.5000    168.0000    30.0000
		ub :    229.9140    175.6395    36.9255
		lb :    213.0860    160.3605    23.0745
		P^-1: 
			    0.0438    0.0220    -0.0371
			    0.0220    0.0580    -0.0510
			    -0.0371    -0.0510    0.1138
	==================================================================================
	Q2:
		Shape: Polyhedra
		q_c:    232.5000    156.0000    29.5000
		ub :    242.4136    167.2690    39.4519
		lb :    222.5864    144.7310    19.5481
		A:
			    -0.9375    -0.3315    0.1061
			    0.2288    0.7546    0.6150
			    0.9527    0.3021    0.0339
			    -0.6010    -0.7985    0.0355
			    0.7761    0.6275    -0.0621
			    0.7002    0.5784    -0.4186
			    0.0929    0.4269    0.8995
			    -0.7451    0.6290    -0.2216
			    -0.6604    -0.6497    0.3766
			    -0.0929    -0.4269    -0.8995
			    0.7451    -0.6290    0.2216
			    0.6604    0.6497    -0.3766
		b:
			    -260.7271
			    195.7923
			    275.7363
			    -257.9179
			    281.8036
			    245.6900
			    121.7392
			    -73.6524
			    -238.7833
			    -107.7392
			    89.6524
			    248.7833
	==================================================================================
	Q3:
		Shape: Hybrid
		q_c:    219.5000    144.0000    4.0000
		ub :    228.4347    152.3549    13.3340
		lb :    210.5653    135.6451    -5.3340
		P^-1: 
			    0.0569    -0.0442    0.0237
			    -0.0442    0.0825    -0.0590
			    0.0237    -0.0590    0.0729
		A:
			    0.5428    -0.4304    0.7212
			    -0.6788    0.2516    0.6898
			    0.4723    -0.5328    0.7022
			    0.4413    -0.6862    0.5783
			    0.0559    0.5089    -0.8590
			    0.5498    -0.8327    0.0661
		b:
			    62.4604
			    -105.9049
			    31.5263
			    1.6068
			    84.3810
			    3.9731
	==================================================================================
	Q4:
		Shape: Ellipse
		q_c:    224.0000    171.5000    24.5000
		ub :    233.7697    179.9322    34.0280
		lb :    214.2303    163.0678    14.9720
		P^-1: 
			    0.0188    -0.0029    0.0062
			    -0.0029    0.0427    0.0092
			    0.0062    0.0092    0.0366
	==================================================================================
	Q5:
		Shape: Hybrid
		q_c:    227.0000    154.5000    23.5000
		ub :    236.9552    164.5480    28.3164
		lb :    217.0448    144.4520    18.6836
		P^-1: 
			    0.0256    0.0099    -0.0067
			    0.0099    0.0256    -0.0084
			    -0.0067    -0.0084    0.0791
		A:
			    -0.0928    -0.9634    0.2516
			    0.0736    -0.2954    -0.9525
			    0.9794    0.0993    0.1756
			    -0.0284    0.3790    -0.9250
			    -0.0763    0.4691    0.8798
			    -0.8236    -0.2073    -0.5280
		b:
			    -159.4198
			    -48.7402
			    246.5969
			    32.6235
			    79.0513
			    -227.3239
	==================================================================================
	Q6:
		Shape: Hybrid
		q_c:    238.0000    158.5000    13.5000
		ub :    246.6854    164.9308    22.0921
		lb :    229.3146    152.0692    4.9079
		P^-1: 
			    0.0385    -0.0285    -0.0128
			    -0.0285    0.0921    0.0187
			    -0.0128    0.0187    0.0373
		A:
			    -0.3322    0.1610    -0.9294
			    -0.2606    0.4561    0.8509
			    0.5843    -0.2227    0.7804
			    -0.1872    0.9169    -0.3524
			    -0.5796    0.6761    0.4550
			    -0.7017    0.6770    -0.2222
		b:
			    -61.5666
			    24.6641
			    118.9384
			    98.7343
			    -22.7885
			    -59.6932


===========================================================================================
===========================================================================================
S2:
	q_c:    209.0000    46.5000    150.0000
	ub :    217.0000    52.0000    180.0000
	lb :    201.0000    41.0000    120.0000

	==================================================================================
	Q1:
		Shape: Polyhedra
		q_c:    204.5000    49.5000    150.0000
		ub :    207.2811    51.9955    152.8990
		lb :    201.7189    47.0045    147.1010
		A:
			    0.8788    0.1684    0.4465
			    0.3934    -0.7469    -0.5360
			    -0.1389    0.9833    0.1175
			    -0.7378    -0.6730    -0.0524
			    0.2777    -0.4769    -0.8339
			    0.7222    -0.3415    0.6015
			    0.4945    0.3788    0.7823
			    -0.1666    0.9247    -0.3424
			    -0.8530    0.0390    0.5204
			    -0.4945    -0.3788    -0.7823
			    0.1666    -0.9247    0.3424
			    0.8530    -0.0390    -0.5204
		b:
			    256.6798
			    -35.0383
			    39.8228
			    -190.2510
			    -90.1283
			    222.7804
			    238.7238
			    -37.6577
			    -92.4596
			    -235.7238
			    41.6577
			    96.4596
	==================================================================================
	Q2:
		Shape: Hybrid
		q_c:    213.5000    50.5000    151.5000
		ub :    216.1992    53.1793    154.2085
		lb :    210.8008    47.8207    148.7915
		P^-1: 
			    0.4173    0.0313    -0.0597
			    0.0313    0.4084    0.0688
			    -0.0597    0.0688    0.3132
		A:
			    -0.5327    -0.4643    0.7076
			    0.2749    0.5093    0.8155
			    -0.9975    0.0357    -0.0607
			    -0.9884    -0.0350    0.1479
			    0.2287    0.1917    -0.9544
			    -0.9385    0.0742    -0.3373
		b:
			    -29.0496
			    208.8712
			    -219.5002
			    -189.6032
			    -85.0196
			    -246.7296
	==================================================================================
	Q3:
		Shape: Hybrid
		q_c:    208.5000    48.0000    147.5000
		ub :    210.5525    49.8637    149.1050
		lb :    206.4475    46.1363    145.8950
		P^-1: 
			    0.9908    0.6217    1.1214
			    0.6217    1.1519    1.2761
			    1.1214    1.2761    2.7461
		A:
			    0.1618    -0.2842    -0.9450
			    -0.6119    -0.7665    -0.1950
			    -0.5644    -0.4278    -0.7060
			    0.1206    0.8539    0.5062
			    0.1460    -0.4614    -0.8751
			    -0.3264    -0.9354    -0.1357
		b:
			    -118.6061
			    -192.3100
			    -242.0218
			    141.4838
			    -120.1482
			    -132.0392
	==================================================================================
	Q4:
		Shape: Polyhedra
		q_c:    212.5000    50.5000    149.5000
		ub :    215.4059    53.5341    152.4492
		lb :    209.5941    47.4659    146.5508
		A:
			    0.2246    0.9427    0.2468
			    -0.3691    -0.9205    0.1286
			    0.1465    -0.9193    -0.3652
			    -0.5182    -0.4832    0.7057
			    0.4725    -0.7891    -0.3925
			    0.0938    0.1766    0.9798
			    0.3283    0.6911    0.6439
			    0.0265    0.6747    -0.7376
			    -0.9442    0.2592    0.2032
			    -0.3283    -0.6911    -0.6439
			    -0.0265    -0.6747    0.7376
			    0.9442    -0.2592    -0.2032
		b:
			    133.8534
			    -103.8794
			    -68.0907
			    -26.8842
			    3.9883
			    177.0654
			    202.4339
			    -68.5733
			    -154.6679
			    -199.4339
			    72.5733
			    159.6679
	==================================================================================
	Q5:
		Shape: Ellipse
		q_c:    209.5000    49.5000    151.5000
		ub :    211.7315    52.8713    154.9324
		lb :    207.2685    46.1287    148.0676
		P^-1: 
			    0.4228    0.0458    0.0595
			    0.0458    0.2118    -0.0347
			    0.0595    -0.0347    0.2199
	==================================================================================
	Q6:
		Shape: Polyhedra
		q_c:    213.5000    47.5000    154.5000
		ub :    216.6346    50.5989    157.6346
		lb :    210.3654    44.4011    151.3654
		A:
			    0.2379    0.4891    0.8391
			    0.9948    0.0807    0.0619
			    0.8426    -0.4273    0.3277
			    0.1017    0.9836    -0.1488
			    0.5441    -0.1375    0.8277
			    -0.6920    -0.6285    -0.3551
			    0.7854    0.3385    0.5183
			    0.4587    -0.8804    -0.1202
			    0.4156    0.3322    -0.8467
			    -0.7854    -0.3385    -0.5183
			    -0.4587    0.8804    0.1202
			    -0.4156    -0.3322    0.8467
		b:
			    205.5123
			    227.5530
			    212.0274
			    47.5284
			    239.3675
			    -230.8638
			    265.3318
			    39.5502
			    -23.7972
			    -262.3318
			    -35.5502
			    28.7972


===========================================================================================
===========================================================================================
S3:
	q_c:    128.5000    438.0000    33.5000
	ub :    142.0000    458.0000    50.0000
	lb :    115.0000    418.0000    17.0000

	==================================================================================
	Q1:
		Shape: Polyhedra
		q_c:    126.0000    435.5000    33.5000
		ub :    134.9977    446.0800    42.7398
		lb :    117.0023    424.9200    24.2602
		A:
			    -0.0199    -0.9923    0.1225
			    -0.1526    -0.9505    0.2707
			    -0.1835    0.7629    -0.6199
			    -0.6754    0.5003    -0.5418
			    -0.0846    0.0492    0.9952
			    -0.9502    -0.3086    -0.0435
			    0.4669    0.7802    0.4163
			    0.1071    0.4174    -0.9024
			    -0.8778    0.4659    0.1114
			    -0.4669    -0.7802    -0.4163
			    -0.1071    -0.4174    0.9024
			    0.8778    -0.4659    -0.1114
		b:
			    -424.1232
			    -417.6352
			    294.7546
			    120.8393
			    50.5635
			    -249.2939
			    419.0433
			    171.5527
			    102.0423
			    -406.0433
			    -158.5527
			    -90.0423
	==================================================================================
	Q2:
		Shape: Polyhedra
		q_c:    117.5000    445.5000    39.0000
		ub :    124.1804    452.8626    45.3417
		lb :    110.8196    438.1374    32.6583
		A:
			    0.6960    0.2290    0.6805
			    -0.5619    -0.7424    -0.3649
			    -0.6156    -0.7030    -0.3560
			    0.7040    0.3442    0.6212
			    0.5676    0.6921    0.4459
			    0.5505    -0.4232    0.7196
			    0.6124    0.6087    0.5045
			    0.7651    -0.6170    -0.1843
			    0.1991    0.4988    -0.8435
			    -0.6124    -0.6087    -0.5045
			    -0.7651    0.6170    0.1843
			    -0.1991    -0.4988    0.8435
		b:
			    212.9598
			    -409.4764
			    -398.0400
			    262.3333
			    393.6218
			    -90.4901
			    363.7999
			    -185.6720
			    218.2056
			    -361.7999
			    198.6720
			    -207.2056
	==================================================================================
	Q3:
		Shape: Hybrid
		q_c:    139.5000    436.0000    38.5000
		ub :    144.2484    440.3597    43.6769
		lb :    134.7516    431.6403    33.3231
		P^-1: 
			    0.0707    0.0319    0.0215
			    0.0319    0.1857    0.0831
			    0.0215    0.0831    0.1185
		A:
			    0.7670    0.5524    -0.3264
			    -0.7247    0.6091    -0.3222
			    -0.3243    -0.4986    -0.8039
			    0.1112    0.9261    -0.3606
			    0.3412    0.9370    0.0753
			    -0.0659    -0.8399    -0.5387
		b:
			    337.9890
			    155.0438
			    -292.1296
			    407.8614
			    460.6360
			    -395.0838
	==================================================================================
	Q4:
		Shape: Ellipse
		q_c:    122.5000    452.5000    26.0000
		ub :    128.1999    456.5596    30.7039
		lb :    116.8001    448.4404    21.2961
		P^-1: 
			    0.0494    -0.0126    -0.0297
			    -0.0126    0.1586    -0.0034
			    -0.0297    -0.0034    0.1520
	==================================================================================
	Q5:
		Shape: Polyhedra
		q_c:    135.0000    427.0000    38.5000
		ub :    139.8425    431.8333    42.1242
		lb :    130.1575    422.1667    34.8758
		A:
			    -0.2499    0.3232    -0.9127
			    0.7359    -0.6004    0.3129
			    -0.7413    0.5209    -0.4232
			    0.3835    0.4530    0.8048
			    -0.3438    -0.4942    0.7985
			    -0.5374    0.7693    -0.3454
			    0.8568    0.5149    0.0297
			    0.3885    -0.6065    -0.6937
			    -0.3392    0.6059    -0.7197
			    -0.8568    -0.5149    -0.0297
			    -0.3885    0.6065    0.6937
			    0.3392    -0.6059    0.7197
		b:
			    71.3037
			    -142.5666
			    108.4314
			    279.2027
			    -224.0421
			    244.8759
			    340.1489
			    -230.2439
			    187.2054
			    -333.1489
			    236.2439
			    -183.2054
	==================================================================================
	Q6:
		Shape: Polyhedra
		q_c:    130.0000    449.5000    32.0000
		ub :    137.9305    457.4836    35.5507
		lb :    122.0695    441.5164    28.4493
		A:
			    -0.3421    0.1404    -0.9291
			    0.6751    -0.1522    0.7218
			    -0.0570    -0.5281    0.8473
			    -0.3465    0.2789    -0.8956
			    -0.3289    0.2628    -0.9070
			    -0.4159    0.0720    -0.9066
			    0.0912    0.1298    0.9873
			    -0.6260    0.7786    -0.0446
			    -0.7745    -0.6140    0.1522
			    -0.0912    -0.1298    -0.9873
			    0.6260    -0.7786    0.0446
			    0.7745    0.6140    -0.1522
		b:
			    -8.0157
			    46.5374
			    -213.6258
			    55.0803
			    49.6785
			    -47.5633
			    104.2947
			    272.6596
			    -366.3035
			    -99.2947
			    -261.6596
			    377.3035


===========================================================================================
===========================================================================================
S4:
	q_c:    116.5000    30.5000    238.5000
	ub :    132.0000    53.0000    251.0000
	lb :    101.0000    8.0000    226.0000

	==================================================================================
	Q1:
		Shape: Polyhedra
		q_c:    112.0000    38.0000    246.0000
		ub :    121.0887    48.8185    257.2160
		lb :    102.9113    27.1815    234.7840
		A:
			    0.3789    -0.1801    -0.9077
			    -0.8705    0.4680    0.1522
			    -0.0079    0.4929    0.8700
			    -0.1304    -0.5892    -0.7974
			    -0.0455    -0.7896    -0.6120
			    0.8413    -0.5159    0.1612
			    0.7540    0.3164    0.5757
			    -0.6519    0.4675    0.5970
			    -0.0803    -0.8254    0.5588
			    -0.7540    -0.3164    -0.5757
			    0.6519    -0.4675    -0.5970
			    0.0803    0.8254    -0.5588
		b:
			    -181.7763
			    -36.4571
			    237.8288
			    -227.0660
			    -179.5078
			    120.5472
			    244.5818
			    97.1070
			    104.6041
			    -231.5818
			    -86.1070
			    -89.6041
	==================================================================================
	Q2:
		Shape: Ellipse
		q_c:    115.0000    17.5000    246.0000
		ub :    123.8422    25.9675    251.9874
		lb :    106.1578    9.0325    240.0126
		P^-1: 
			    0.0361    0.0043    0.0159
			    0.0043    0.0310    0.0043
			    0.0159    0.0043    0.0754
	==================================================================================
	Q3:
		Shape: Polyhedra
		q_c:    124.0000    33.5000    245.5000
		ub :    133.1660    40.7832    254.4703
		lb :    114.8340    26.2168    236.5297
		A:
			    0.0084    -0.3161    0.9487
			    0.5744    -0.5839    -0.5737
			    -0.2879    0.9257    0.2452
			    -0.3864    0.8426    0.3751
			    -0.0758    0.8279    0.5557
			    0.7885    0.2607    -0.5571
			    0.9752    0.1367    0.1743
			    -0.1450    -0.2011    0.9688
			    0.1675    -0.9700    -0.1763
			    -0.9752    -0.1367    -0.1743
			    0.1450    0.2011    -0.9688
			    -0.1675    0.9700    0.1763
		b:
			    230.3297
			    -83.1804
			    60.5789
			    77.6548
			    160.1617
			    -23.0051
			    175.7923
			    220.1218
			    -50.0027
			    -160.7923
			    -206.1218
			    60.0027
	==================================================================================
	Q4:
		Shape: Hybrid
		q_c:    114.5000    25.0000    248.0000
		ub :    121.0433    30.8483    252.0182
		lb :    107.9567    19.1517    243.9818
		P^-1: 
			    0.0624    -0.0197    -0.0264
			    -0.0197    0.0664    -0.0039
			    -0.0264    -0.0039    0.1528
		A:
			    0.4613    -0.2918    -0.8379
			    0.8436    -0.3911    -0.3680
			    -0.3312    -0.9419    0.0554
			    -0.4834    0.2283    -0.8451
			    0.3418    0.4103    -0.8455
			    0.6108    0.7770    -0.1524
		b:
			    -160.8703
			    -2.2897
			    -44.4503
			    -257.0780
			    -158.5471
			    55.0431
	==================================================================================
	Q5:
		Shape: Hybrid
		q_c:    116.5000    31.5000    228.5000
		ub :    125.1707    38.8283    237.8888
		lb :    107.8293    24.1717    219.1112
		P^-1: 
			    0.0394    0.0260    0.0154
			    0.0260    0.0720    0.0366
			    0.0154    0.0366    0.0478
		A:
			    0.9782    -0.0015    0.2077
			    -0.0177    -0.7337    -0.6793
			    0.5724    0.4212    0.7035
			    -0.4363    -0.4518    -0.7782
			    0.1024    -0.6491    -0.7538
			    0.2955    -0.4823    -0.8247
		b:
			    165.5777
			    -178.2632
			    243.1495
			    -240.5063
			    -178.1915
			    -165.8564
	==================================================================================
	Q6:
		Shape: Polyhedra
		q_c:    116.0000    39.5000    248.5000
		ub :    123.7246    47.3556    256.7173
		lb :    108.2754    31.6444    240.2827
		A:
			    0.0563    -0.0604    0.9966
			    -0.5461    0.1175    -0.8295
			    0.6999    0.4822    0.5269
			    0.0467    0.1217    -0.9915
			    -0.2923    -0.2513    0.9227
			    0.0572    -0.1267    -0.9903
			    0.2022    0.6929    0.6921
			    -0.5583    0.6622    -0.4998
			    -0.8046    -0.2853    0.5208
			    -0.2022    -0.6929    -0.6921
			    0.5583    -0.6622    0.4998
			    0.8046    0.2853    -0.5208
		b:
			    256.5890
			    -260.0030
			    235.8153
			    -231.3243
			    190.3882
			    -239.7438
			    227.3149
			    -157.8095
			    29.8012
			    -218.3149
			    167.8095
			    -19.8012


===========================================================================================
===========================================================================================
S5:
	q_c:    251.0000    171.0000    339.5000
	ub :    277.0000    191.0000    353.0000
	lb :    225.0000    151.0000    326.0000

	==================================================================================
	Q1:
		Shape: Hybrid
		q_c:    262.5000    163.0000    344.5000
		ub :    270.6042    169.1925    353.1955
		lb :    254.3958    156.8075    335.8045
		P^-1: 
			    0.0293    0.0014    0.0021
			    0.0014    0.0597    -0.0088
			    0.0021    -0.0088    0.0342
		A:
			    -0.2126    -0.9608    0.1781
			    0.4532    -0.4910    -0.7440
			    -0.8120    -0.1995    -0.5484
			    0.0198    -0.5997    0.8000
			    0.5219    0.7567    -0.3937
			    0.1158    0.5954    -0.7951
		b:
			    -148.9483
			    -213.5924
			    -431.0516
			    185.6576
			    127.3387
			    -143.7600
	==================================================================================
	Q2:
		Shape: Hybrid
		q_c:    264.0000    169.5000    353.0000
		ub :    270.9231    178.6004    362.8683
		lb :    257.0769    160.3996    343.1317
		P^-1: 
			    0.0727    -0.0179    0.0119
			    -0.0179    0.0326    -0.0002
			    0.0119    -0.0002    0.0219
		A:
			    0.1973    -0.4918    -0.8481
			    -0.4423    0.8950    0.0574
			    -0.8185    0.4267    0.3847
			    -0.5271    -0.3815    -0.7594
			    0.1487    0.4202    -0.8952
			    -0.2969    0.9352    -0.1930
		b:
			    -325.8317
			    58.4411
			    -4.8427
			    -467.8875
			    -199.8561
			    15.7587
	==================================================================================
	Q3:
		Shape: Hybrid
		q_c:    265.0000    176.5000    332.0000
		ub :    271.6085    184.0955    339.7747
		lb :    258.3915    168.9045    324.2253
		P^-1: 
			    0.1774    -0.1650    -0.1212
			    -0.1650    0.1989    0.1212
			    -0.1212    0.1212    0.1216
		A:
			    -0.7755    0.4391    0.4537
			    0.4608    -0.6409    -0.6139
			    0.3293    -0.5954    -0.7328
			    0.1373    -0.1959    -0.9710
			    -0.3355    0.9128    -0.2330
			    -0.0701    -0.5870    0.8065
		b:
			    24.1202
			    -193.5956
			    -259.0446
			    -316.7936
			    -1.7118
			    150.3355
	==================================================================================
	Q4:
		Shape: Polyhedra
		q_c:    259.5000    179.0000    334.5000
		ub :    266.2861    185.9454    342.6595
		lb :    252.7139    172.0546    326.3405
		A:
			    -0.5295    0.6582    0.5352
			    -0.3827    0.4811    0.7888
			    -0.7474    -0.2962    -0.5947
			    -0.1024    -0.6323    0.7679
			    -0.2387    -0.9695    -0.0550
			    0.2935    0.7435    0.6009
			    0.9398    0.3251    0.1053
			    -0.0369    -0.2099    0.9770
			    0.3397    -0.9221    -0.1852
			    -0.9398    -0.3251    -0.1053
			    0.0369    0.2099    -0.9770
			    -0.3397    0.9221    0.1852
		b:
			    164.1251
			    256.2739
			    -440.0176
			    123.6554
			    -249.2879
			    415.4052
			    342.7992
			    286.6732
			    -134.8656
			    -331.7992
			    -272.6732
			    142.8656
	==================================================================================
	Q5:
		Shape: Ellipse
		q_c:    255.0000    174.0000    331.0000
		ub :    263.4122    183.5085    340.0026
		lb :    246.5878    164.4915    321.9974
		P^-1: 
			    0.0507    -0.0161    -0.0010
			    -0.0161    0.0333    0.0124
			    -0.0010    0.0124    0.0363
	==================================================================================
	Q6:
		Shape: Polyhedra
		q_c:    243.0000    171.0000    344.0000
		ub :    249.3710    176.9620    350.5121
		lb :    236.6290    165.0380    337.4879
		A:
			    -0.0603    -0.8289    -0.5562
			    0.1040    -0.9513    0.2903
			    0.5004    0.0424    -0.8647
			    -0.8790    -0.0504    -0.4741
			    0.2330    0.9693    0.0781
			    0.3017    0.9465    -0.1145
			    0.6884    0.3141    0.6538
			    -0.5326    0.8308    0.1617
			    -0.4923    -0.4595    0.7392
			    -0.6884    -0.3141    -0.6538
			    0.5326    -0.8308    -0.1617
			    0.4923    0.4595    -0.7392
		b:
			    -344.7209
			    -33.4618
			    -163.4692
			    -382.2606
			    253.0304
			    200.0794
			    448.8966
			    71.2508
			    61.5721
			    -442.8966
			    -65.2508
			    -50.5721


===========================================================================================
===========================================================================================
S6:
	q_c:    307.0000    281.5000    504.0000
	ub :    324.0000    294.0000    528.0000
	lb :    290.0000    269.0000    480.0000

	==================================================================================
	Q1:
		Shape: Polyhedra
		q_c:    313.5000    283.0000    497.5000
		ub :    323.9329    289.6048    507.7274
		lb :    303.0671    276.3952    487.2726
		A:
			    -0.5783    0.3824    0.7206
			    -0.6827    0.7251    0.0899
			    -0.1775    -0.9297    0.3228
			    0.0947    -0.4995    0.8611
			    0.4852    -0.8704    -0.0835
			    0.4211    0.8755    0.2369
			    0.6155    0.1067    0.7809
			    -0.0864    -0.9757    0.2014
			    0.7834    -0.1915    -0.5913
			    -0.6155    -0.1067    -0.7809
			    0.0864    0.9757    -0.2014
			    -0.7834    0.1915    0.5913
		b:
			    293.6666
			    42.8757
			    -153.5294
			    322.2767
			    -129.5129
			    502.4633
			    617.1444
			    -198.4989
			    -94.2620
			    -606.1444
			    207.4989
			    111.2620
	==================================================================================
	Q2:
		Shape: Polyhedra
		q_c:    299.0000    286.0000    501.0000
		ub :    305.7256    291.4914    507.5913
		lb :    292.2744    280.5086    494.4087
		A:
			    0.7351    0.6636    -0.1387
			    0.7360    -0.0935    -0.6705
			    0.4123    0.8987    -0.1492
			    0.7349    -0.6778    0.0229
			    0.9167    0.3258    0.2316
			    0.0446    -0.9801    -0.1933
			    0.4338    0.7286    0.5301
			    0.6649    0.1383    -0.7340
			    -0.6081    0.6709    -0.4244
			    -0.4338    -0.7286    -0.5301
			    -0.6649    -0.1383    0.7340
			    0.6081    -0.6709    0.4244
		b:
			    343.8563
			    -138.1429
			    309.1785
			    41.4002
			    486.8614
			    -360.4064
			    606.6631
			    -124.9093
			    -198.5885
			    -600.6631
			    133.9093
			    206.5885
	==================================================================================
	Q3:
		Shape: Polyhedra
		q_c:    297.0000    281.5000    509.5000
		ub :    304.2846    288.7331    512.5389
		lb :    289.7154    274.2669    506.4611
		A:
			    0.4251    -0.6250    0.6547
			    -0.9232    0.1847    0.3370
			    -0.1236    -0.5262    0.8414
			    0.2455    -0.1260    0.9612
			    -0.0502    -0.0127    -0.9987
			    -0.1010    0.7774    -0.6208
			    0.7212    0.6917    0.0373
			    0.6570    -0.6660    -0.3532
			    -0.2194    0.2793    -0.9348
			    -0.7212    -0.6917    -0.0373
			    -0.6570    0.6660    0.3532
			    0.2194    -0.2793    0.9348
		b:
			    286.2570
			    -45.8668
			    246.7381
			    528.8685
			    -525.3236
			    -124.2062
			    433.9433
			    -168.2940
			    -461.3399
			    -421.9433
			    176.2940
			    464.3399
	==================================================================================
	Q4:
		Shape: Ellipse
		q_c:    295.5000    274.0000    494.5000
		ub :    302.9733    279.1632    501.6766
		lb :    288.0267    268.8368    487.3234
		P^-1: 
			    0.0436    -0.0337    0.0097
			    -0.0337    0.1405    -0.0310
			    0.0097    -0.0310    0.0420
	==================================================================================
	Q5:
		Shape: Hybrid
		q_c:    314.0000    276.0000    500.0000
		ub :    322.2742    284.3590    507.4133
		lb :    305.7258    267.6410    492.5867
		P^-1: 
			    0.0250    0.0043    -0.0011
			    0.0043    0.0373    -0.0037
			    -0.0011    -0.0037    0.0292
		A:
			    -0.9729    -0.1407    0.1833
			    0.3508    -0.7365    -0.5784
			    0.7645    0.6370    -0.0985
			    -0.2296    -0.9484    0.2188
			    0.0858    0.6854    0.7231
			    -0.5807    0.6644    0.4705
		b:
			    -248.9570
			    -378.7785
			    369.6356
			    -221.9237
			    581.0413
			    240.0202
	==================================================================================
	Q6:
		Shape: Polyhedra
		q_c:    310.5000    271.5000    505.5000
		ub :    314.7885    279.4305    513.2543
		lb :    306.2115    263.5695    497.7457
		A:
			    -0.2326    0.2517    0.9394
			    -0.8453    0.3753    -0.3802
			    0.8488    -0.4419    -0.2902
			    -0.9088    0.3179    -0.2701
			    -0.9546    0.1549    0.2545
			    -0.4068    -0.9049    0.1250
			    0.2279    0.7682    0.5983
			    0.9517    -0.3056    0.0298
			    0.2058    0.5626    -0.8007
			    -0.2279    -0.7682    -0.5983
			    -0.9517    0.3056    -0.0298
			    -0.2058    -0.5626    0.8007
		b:
			    476.3121
			    -350.0330
			    -0.3899
			    -330.0656
			    -123.0802
			    -303.3151
			    587.2722
			    229.6114
			    -182.6140
			    -576.2722
			    -225.6114
			    193.6140


===========================================================================================
===========================================================================================
S7:
	q_c:    110.5000    257.5000    247.0000
	ub :    128.0000    264.0000    273.0000
	lb :    93.0000    251.0000    221.0000

	==================================================================================
	Q1:
		Shape: Polyhedra
		q_c:    106.0000    252.0000    243.5000
		ub :    108.8906    259.0805    250.6932
		lb :    103.1094    244.9195    236.3068
		A:
			    -0.8159    -0.2530    0.5199
			    -0.8858    -0.2860    0.3654
			    0.3920    0.0519    -0.9185
			    -0.9568    -0.2735    -0.0984
			    0.7399    -0.6091    -0.2856
			    0.8200    0.3808    -0.4272
			    0.9984    0.0016    0.0557
			    -0.0386    -0.7013    0.7118
			    0.0402    -0.7128    -0.7002
			    -0.9984    -0.0016    -0.0557
			    0.0386    0.7013    -0.7118
			    -0.0402    0.7128    0.7002
		b:
			    -20.1667
			    -73.8445
			    -164.2792
			    -191.5089
			    -140.4254
			    82.2447
			    122.2885
			    -3.0026
			    -340.3709
			    -117.2885
			    12.0026
			    351.3709
	==================================================================================
	Q2:
		Shape: Polyhedra
		q_c:    111.5000    252.5000    251.5000
		ub :    114.1552    255.1815    255.4344
		lb :    108.8448    249.8185    247.5656
		A:
			    0.1000    0.9514    0.2914
			    0.6165    0.7482    -0.2452
			    0.5389    0.7702    -0.3411
			    0.5167    0.7980    -0.3101
			    -0.9257    -0.0620    -0.3731
			    -0.9293    -0.3691    -0.0101
			    0.7838    0.6175    0.0660
			    0.5885    -0.7724    0.2388
			    0.1984    -0.1483    -0.9688
			    -0.7838    -0.6175    -0.0660
			    -0.5885    0.7724    -0.2388
			    -0.1984    0.1483    0.9688
		b:
			    326.6312
			    197.3770
			    170.3743
			    182.6473
			    -211.1521
			    -198.2005
			    260.9073
			    -67.3692
			    -255.4920
			    -258.9073
			    71.3692
			    262.4920
	==================================================================================
	Q3:
		Shape: Polyhedra
		q_c:    113.5000    260.0000    252.0000
		ub :    118.9228    266.0350    257.8847
		lb :    108.0772    253.9650    246.1153
		A:
			    0.2992    -0.9175    0.2621
			    0.6845    -0.7161    0.1370
			    -0.3018    -0.9155    -0.2661
			    0.2389    0.4093    0.8806
			    0.5543    -0.2018    0.8075
			    -0.5522    0.1510    0.8199
			    0.7423    0.3875    0.5466
			    -0.1734    -0.6769    0.7154
			    0.6472    -0.6259    -0.4353
			    -0.7423    -0.3875    -0.5466
			    0.1734    0.6769    -0.7154
			    -0.6472    0.6259    0.4353
		b:
			    -134.8018
			    -70.1678
			    -335.9503
			    358.7430
			    217.1373
			    187.0329
			    325.7473
			    -11.8865
			    -194.9565
			    -319.7473
			    18.8865
			    202.9565
	==================================================================================
	Q4:
		Shape: Hybrid
		q_c:    115.0000    263.5000    247.5000
		ub :    117.9455    267.6415    250.2538
		lb :    112.0545    259.3585    244.7462
		P^-1: 
			    0.3845    -0.1328    -0.0168
			    -0.1328    0.1503    -0.0332
			    -0.0168    -0.0332    0.2413
		A:
			    0.8378    0.4392    -0.3243
			    -0.5297    0.8280    -0.1839
			    -0.9711    0.2383    -0.0169
			    0.4612    0.5551    -0.6922
			    -0.9702    -0.2252    -0.0893
			    0.6530    0.0145    0.7572
		b:
			    133.6927
			    113.1827
			    -52.2060
			    29.7193
			    -191.3326
			    267.8282
	==================================================================================
	Q5:
		Shape: Ellipse
		q_c:    118.0000    258.5000    244.5000
		ub :    122.0047    263.5135    249.4335
		lb :    113.9953    253.4865    239.5665
		P^-1: 
			    0.1288    0.0212    0.0102
			    0.0212    0.1284    0.0255
			    0.0102    0.0255    0.0955
	==================================================================================
	Q6:
		Shape: Hybrid
		q_c:    104.5000    263.0000    248.0000
		ub :    109.8391    269.5572    254.1323
		lb :    99.1609    256.4428    241.8677
		P^-1: 
			    0.0704    -0.0081    -0.0048
			    -0.0081    0.0708    0.0049
			    -0.0048    0.0049    0.0654
		A:
			    0.7839    0.4369    -0.4411
			    -0.6126    -0.3208    0.7223
			    0.3006    0.4111    0.8606
			    -0.3221    0.9466    0.0120
			    0.8018    -0.4521    0.3907
			    -0.6979    -0.6563    0.2866
		b:
			    89.6052
			    32.9031
			    355.1302
			    220.1907
			    63.8194
			    -172.2273


===========================================================================================
===========================================================================================
S8:
	q_c:    445.5000    281.0000    229.0000
	ub :    463.0000    297.0000    242.0000
	lb :    428.0000    265.0000    216.0000

	==================================================================================
	Q1:
		Shape: Polyhedra
		q_c:    449.5000    275.0000    239.5000
		ub :    454.5657    279.8355    244.8190
		lb :    444.4343    270.1645    234.1810
		A:
			    -0.3592    0.3159    0.8782
			    -0.6517    -0.1364    -0.7461
			    -0.7955    0.3820    -0.4704
			    -0.8121    -0.5829    -0.0285
			    -0.4795    -0.1794    0.8590
			    -0.7509    -0.0009    -0.6604
			    0.1718    0.5760    0.7992
			    0.9652    0.0638    -0.2535
			    -0.1970    0.8149    -0.5450
			    -0.1718    -0.5760    -0.7992
			    -0.9652    -0.0638    0.2535
			    0.1970    -0.8149    0.5450
		b:
			    139.0583
			    -505.8277
			    -361.5064
			    -528.4010
			    -55.4796
			    -492.4828
			    430.0275
			    394.7143
			    8.5336
			    -424.0275
			    -386.7143
			    -1.5336
	==================================================================================
	Q2:
		Shape: Ellipse
		q_c:    437.0000    280.0000    223.5000
		ub :    441.6928    288.6944    232.0022
		lb :    432.3072    271.3056    214.9978
		P^-1: 
			    0.2256    -0.0692    0.0051
			    -0.0692    0.0521    -0.0067
			    0.0051    -0.0067    0.0290
	==================================================================================
	Q3:
		Shape: Polyhedra
		q_c:    437.5000    288.5000    230.0000
		ub :    447.4654    299.1495    237.7480
		lb :    427.5346    277.8505    222.2520
		A:
			    -0.2132    -0.7260    0.6538
			    -0.0813    -0.6476    -0.7577
			    -0.2379    -0.7347    0.6353
			    -0.7141    0.0937    0.6937
			    -0.1983    0.0460    -0.9791
			    -0.0635    -0.9960    -0.0634
			    0.8444    0.5061    0.1754
			    -0.0596    -0.2365    0.9698
			    0.5323    -0.8294    -0.1695
			    -0.8444    -0.5061    -0.1754
			    0.0596    0.2365    -0.9698
			    -0.5323    0.8294    0.1695
		b:
			    -146.3002
			    -390.1233
			    -163.8455
			    -119.5073
			    -292.9930
			    -322.7142
			    562.7942
			    134.2354
			    -38.3707
			    -548.7942
			    -123.2354
			    52.3707
	==================================================================================
	Q4:
		Shape: Ellipse
		q_c:    435.5000    274.5000    220.0000
		ub :    441.9204    282.3197    227.5849
		lb :    429.0796    266.6803    212.4151
		P^-1: 
			    0.0280    0.0024    -0.0027
			    0.0024    0.0508    -0.0305
			    -0.0027    -0.0305    0.0510
	==================================================================================
	Q5:
		Shape: Hybrid
		q_c:    449.5000    286.0000    219.5000
		ub :    455.2850    293.8234    226.6183
		lb :    443.7150    278.1766    212.3817
		P^-1: 
			    0.0614    0.0059    0.0025
			    0.0059    0.0307    -0.0137
			    0.0025    -0.0137    0.0566
		A:
			    0.5919    -0.4853    0.6435
			    0.9310    0.3607    0.0555
			    0.4803    0.8319    -0.2780
			    0.6043    -0.2608    0.7529
			    -0.3461    0.0255    0.9378
			    0.1372    0.1039    -0.9851
		b:
			    270.8067
			    535.9578
			    395.7293
			    364.3010
			    60.1723
			    -122.5354
	==================================================================================
	Q6:
		Shape: Hybrid
		q_c:    458.0000    269.5000    240.0000
		ub :    468.2777    279.0222    248.4934
		lb :    447.7223    259.9778    231.5066
		P^-1: 
			    0.0314    -0.0210    0.0026
			    -0.0210    0.0497    -0.0240
			    0.0026    -0.0240    0.0544
		A:
			    -0.0240    0.3232    -0.9460
			    -0.7693    0.6359    -0.0619
			    0.4147    -0.1321    0.9003
			    -0.3114    0.3334    -0.8899
			    -0.0627    0.5321    -0.8444
			    -0.2066    0.2262    -0.9519
		b:
			    -148.6047
			    -193.1812
			    374.0064
			    -263.7515
			    -85.9782
			    -259.3352


===========================================================================================
===========================================================================================
S9:
	q_c:    289.0000    223.0000    465.5000
	ub :    300.0000    245.0000    490.0000
	lb :    278.0000    201.0000    441.0000

	==================================================================================
	Q1:
		Shape: Hybrid
		q_c:    285.5000    212.0000    474.0000
		ub :    290.7398    217.9185    479.0478
		lb :    280.2602    206.0815    468.9522
		P^-1: 
			    0.1332    -0.0365    0.0341
			    -0.0365    0.1101    0.0465
			    0.0341    0.0465    0.1166
		A:
			    -0.1722    -0.8946    -0.4125
			    0.1345    0.7857    -0.6039
			    -0.5262    -0.3666    -0.7673
			    -0.9827    0.1843    -0.0178
			    -0.9737    0.1597    0.1626
			    -0.5781    0.2868    -0.7639
		b:
			    -432.4833
			    -77.7641
			    -590.3889
			    -248.3032
			    -165.1220
			    -464.6258
	==================================================================================
	Q2:
		Shape: Polyhedra
		q_c:    283.5000    215.5000    470.5000
		ub :    286.6343    219.8176    474.4777
		lb :    280.3657    211.1824    466.5223
		A:
			    0.8052    -0.0177    0.5927
			    -0.9514    0.1623    -0.2616
			    -0.4465    0.1625    0.8799
			    -0.4663    0.6515    -0.5983
			    -0.0659    0.8718    -0.4854
			    0.1007    0.8386    -0.5353
			    0.0046    0.8843    0.4669
			    -0.0488    0.4665    -0.8832
			    -0.9988    -0.0187    0.0453
			    -0.0046    -0.8843    -0.4669
			    0.0488    -0.4665    0.8832
			    0.9988    0.0187    -0.0453
		b:
			    506.2236
			    -354.8999
			    325.3683
			    -270.6258
			    -56.3742
			    -39.8284
			    415.0324
			    -326.3154
			    -262.9027
			    -408.0324
			    331.3154
			    268.9027
	==================================================================================
	Q3:
		Shape: Ellipse
		q_c:    286.0000    225.0000    460.5000
		ub :    293.7520    232.2412    465.4173
		lb :    278.2480    217.7588    455.5827
		P^-1: 
			    0.0478    0.0184    0.0180
			    0.0184    0.0484    0.0015
			    0.0180    0.0015    0.1052
	==================================================================================
	Q4:
		Shape: Ellipse
		q_c:    290.5000    217.5000    473.5000
		ub :    295.3434    222.0950    478.0207
		lb :    285.6566    212.9050    468.9793
		P^-1: 
			    0.0744    0.0095    0.0303
			    0.0095    0.0858    0.0164
			    0.0303    0.0164    0.1440
	==================================================================================
	Q5:
		Shape: Polyhedra
		q_c:    294.5000    218.5000    460.5000
		ub :    299.3710    223.9996    466.4541
		lb :    289.6290    213.0004    454.5459
		A:
			    0.8638    -0.1720    -0.4735
			    0.9126    -0.1454    0.3821
			    0.4339    -0.6476    -0.6263
			    0.7725    -0.4831    -0.4122
			    0.8516    -0.1366    0.5060
			    -0.7782    0.6008    -0.1827
			    0.2467    0.6356    0.7315
			    -0.5334    0.7193    -0.4451
			    -0.8091    -0.2803    0.5165
			    -0.2467    -0.6356    -0.7315
			    0.5334    -0.7193    0.4451
			    0.8091    0.2803    -0.5165
		b:
			    1.8064
			    415.9800
			    -298.2487
			    -64.6780
			    457.1462
			    -179.4611
			    552.9077
			    -202.3808
			    -58.6896
			    -543.9077
			    207.3808
			    64.6896
	==================================================================================
	Q6:
		Shape: Polyhedra
		q_c:    282.5000    218.5000    469.0000
		ub :    288.7550    225.1390    474.0317
		lb :    276.2450    211.8610    463.9683
		A:
			    0.6209    -0.5875    0.5189
			    0.5928    0.3465    0.7270
			    0.8638    -0.4947    -0.0956
			    0.3210    -0.6528    0.6861
			    -0.3151    -0.3316    0.8893
			    0.8922    -0.4416    -0.0944
			    0.2717    0.9623    0.0154
			    0.7034    -0.1876    -0.6855
			    -0.6568    0.1971    -0.7279
			    -0.2717    -0.9623    -0.0154
			    -0.7034    0.1876    0.6855
			    0.6568    -0.1971    0.7279
		b:
			    294.2752
			    588.2425
			    94.7454
			    274.0158
			    259.4816
			    114.8690
			    299.7297
			    -160.2884
			    -480.3510
