3D_50_25_6_a                l = 3

===========================================================================================
===========================================================================================
S1:
	q_c:	325.0	365.0	411.0
	ub :	341.4888	383.7768	426.181
	lb :	311.7169	348.6027	394.4851

	==================================================================================
	Q1:
		Shape: Polyhedra
		q_c:	323.5	366.5	401.5
		ub :	331.516	371.9645	408.5149
		lb :	315.484	361.0355	394.4851
		A:
			-0.0147	-0.7366	-0.6762
			-0.2664	-0.7237	-0.6367
			-0.0892	-0.5991	-0.7957
			0.3704	0.6474	0.6661
			-0.2375	-0.803	-0.5466
			0.007	0.786	0.6182
			0.1978	0.7624	0.6161
			-0.5093	0.617	-0.6
			-0.8375	-0.1951	0.5104
			-0.1978	-0.7624	-0.6161
			0.5093	-0.617	0.6
			0.8375	0.1951	-0.5104
		b:
			-545.0214
			-606.3165
			-566.2675
			625.9568
			-589.8681
			539.7673
			591.2866
			-173.0409
			-132.0247
			-590.2866
			186.0409
			143.0247
	==================================================================================
	Q2:
		Shape: Polyhedra
		q_c:	320.0	375.5	414.5
		ub :	328.2831	383.7768	421.9073
		lb :	311.7169	367.2232	407.0927
		A:
			-0.4762	-0.7776	-0.4107
			0.3908	0.7954	-0.4632
			0.3447	0.4125	0.8432
			-0.853	0.04	-0.5203
			0.1184	0.9344	0.336
			0.586	-0.009	0.8102
			0.2977	0.6807	0.6694
			-0.8642	0.4901	-0.1141
			-0.4057	-0.5445	0.7341
			-0.2977	-0.6807	-0.6694
			0.8642	-0.4901	0.1141
			0.4057	0.5445	-0.7341
		b:
			-611.0545
			237.9134
			618.171
			-468.7919
			531.8072
			524.5787
			631.3088
			-134.2807
			-23.4983
			-625.3088
			145.2807
			36.4983
	==================================================================================
	Q3:
		Shape: Polyhedra
		q_c:	334.5	363.5	420.0
		ub :	341.4888	370.5232	426.181
		lb :	327.5112	356.4768	413.819
		A:
			-0.455	0.687	-0.5665
			0.5924	0.7179	-0.3657
			-0.3985	-0.5709	-0.7178
			0.5193	-0.6072	0.6014
			-0.7568	0.6461	0.0991
			-0.6839	0.0185	0.7293
			0.6717	0.5769	0.4647
			0.6627	-0.7484	-0.0288
			0.3312	0.3273	-0.885
			-0.6717	-0.5769	-0.4647
			-0.6627	0.7484	0.0288
			-0.3312	-0.3273	0.885
		b:
			-135.7494
			309.9559
			-638.5944
			210.1413
			27.8514
			89.1208
			633.0757
			-57.9621
			-136.9696
			-626.0757
			66.9621
			146.9696
	==================================================================================
	Q4:
		Shape: Ellipse
		q_c:	324.5	353.5	418.5
		ub :	330.1049	358.0916	424.7089
		lb :	318.8951	348.9084	412.2911
		P^-1:
			0.0764	-0.019	-0.0057
			-0.019	0.1356	-0.0415
			-0.0057	-0.0415	0.079
	==================================================================================
	Q5:
		Shape: Hybrid
		q_c:	321.0	364.5	412.0
		ub :	328.969	372.8481	419.5967
		lb :	313.031	356.1519	404.4033
		P^-1:
			0.0286	0.0029	0.0003
			0.0029	0.0378	0.0028
			0.0003	0.0028	0.0344
		A:
			0.2	0.9772	0.0713
			-0.4418	0.8813	-0.1677
			0.4636	0.7901	-0.401
			0.1746	-0.6785	-0.7136
			0.6871	0.5073	-0.5201
			-0.6828	-0.3683	-0.631
		b:
			452.3543
			113.4313
			274.4129
			-482.5796
			194.2436
			-610.4788
	==================================================================================
	Q6:
		Shape: Polyhedra
		q_c:	327.0	353.5	413.0
		ub :	332.6075	358.3973	420.6407
		lb :	321.3925	348.6027	405.3593
		A:
			0.8223	-0.3765	-0.4268
			-0.4619	0.8019	-0.379
			-0.1026	-0.9823	-0.1567
			0.9091	0.3234	-0.2626
			-0.5883	-0.7183	0.3714
			-0.3344	-0.9024	-0.2719
			0.9594	0.2438	0.142
			0.252	-0.9668	-0.0429
			0.1268	0.0769	-0.9889
			-0.9594	-0.2438	-0.142
			-0.252	0.9668	0.0429
			-0.1268	-0.0769	0.9889
		b:
			-35.6857
			-19.8793
			-441.9192
			307.7644
			-288.1266
			-536.8203
			462.5471
			-273.5549
			-332.7579
			-454.5471
			280.5549
			346.7579


===========================================================================================
===========================================================================================
S2:
	q_c:	300.5	526.0	327.5
	ub :	324.1531	551.6844	347.5492
	lb :	275.6879	507.9482	303.0306

	==================================================================================
	Q1:
		Shape: Polyhedra
		q_c:	310.0	515.5	333.0
		ub :	318.916	523.0518	340.84
		lb :	301.084	507.9482	325.16
		A:
			0.9555	-0.2845	-0.0784
			0.4392	0.8065	-0.3957
			-0.9199	0.2981	-0.2548
			-0.9628	-0.2692	-0.0231
			0.1741	-0.7169	0.6751
			-0.9241	-0.3179	0.2123
			0.5084	0.4064	0.7592
			-0.3906	0.8946	-0.2173
			-0.7674	-0.1861	0.6135
			-0.5084	-0.4064	-0.7592
			0.3906	-0.8946	0.2173
			0.7674	0.1861	-0.6135
		b:
			129.3366
			426.0935
			-211.0965
			-439.3921
			-85.2849
			-373.6008
			623.3999
			273.2274
			-123.0201
			-616.3999
			-262.2274
			136.0201
	==================================================================================
	Q2:
		Shape: Polyhedra
		q_c:	291.0	536.0	320.0
		ub :	304.1146	547.5281	332.5834
		lb :	277.8854	524.4719	307.4166
		A:
			-0.9364	0.2306	-0.2647
			0.0858	0.6097	0.788
			0.9338	-0.298	-0.1981
			-0.8682	0.455	-0.1979
			-0.7242	0.3753	0.5785
			-0.0572	0.8223	-0.5662
			0.7502	0.2924	0.593
			-0.4446	-0.4408	0.7798
			0.4894	-0.8486	-0.2007
			-0.7502	-0.2924	-0.593
			0.4446	0.4408	-0.7798
			-0.4894	0.8486	0.2007
		b:
			-225.7206
			611.6125
			55.9534
			-64.7181
			182.6483
			250.392
			573.3113
			-108.1036
			-370.1764
			-556.3113
			124.1036
			383.1764
	==================================================================================
	Q3:
		Shape: Ellipse
		q_c:	285.0	530.0	333.5
		ub :	294.3121	541.9902	347.5492
		lb :	275.6879	518.0098	319.4508
		P^-1:
			0.0275	-0.001	-0.0021
			-0.001	0.0241	-0.0077
			-0.0021	-0.0077	0.0115
	==================================================================================
	Q4:
		Shape: Polyhedra
		q_c:	311.5	540.5	315.0
		ub :	324.1531	551.6844	326.9694
		lb :	298.8469	529.3156	303.0306
		A:
			-0.3947	0.7153	0.5766
			0.5252	0.8508	0.0177
			0.3551	0.8494	-0.3903
			0.9099	0.2049	0.3608
			-0.3024	0.7737	0.5567
			-0.1838	-0.9819	-0.046
			0.7035	0.644	0.3005
			-0.6347	0.7596	-0.1419
			-0.3197	-0.0909	0.9432
			-0.7035	-0.644	-0.3005
			0.6347	-0.7596	0.1419
			0.3197	0.0909	-0.9432
		b:
			453.9489
			635.5266
			454.6331
			514.4647
			507.7256
			-595.3224
			667.8984
			176.6461
			157.8742
			-655.8984
			-159.6461
			-138.8742
	==================================================================================
	Q5:
		Shape: Ellipse
		q_c:	307.0	522.0	323.0
		ub :	317.3326	533.1761	333.7615
		lb :	296.6674	510.8239	312.2385
		P^-1:
			0.0144	-0.0014	0.0013
			-0.0014	0.0212	0.0018
			0.0013	0.0018	0.0223
	==================================================================================
	Q6:
		Shape: Ellipse
		q_c:	297.0	534.0	327.5
		ub :	307.2598	543.0273	338.5118
		lb :	286.7402	524.9727	316.4882
		P^-1:
			0.0298	-0.0046	-0.0119
			-0.0046	0.0379	-0.0054
			-0.0119	-0.0054	0.0261


===========================================================================================
===========================================================================================
S3:
	q_c:	273.0	247.5	54.0
	ub :	287.7565	259.0951	67.1253
	lb :	261.016	235.3896	47.3118

	==================================================================================
	Q1:
		Shape: Hybrid
		q_c:	277.0	247.0	61.0
		ub :	281.8836	253.3381	67.1253
		lb :	272.1164	240.6619	54.8747
		P^-1:
			0.1824	0.0205	-0.0839
			0.0205	0.0681	-0.0403
			-0.0839	-0.0403	0.1211
		A:
			-0.212	-0.5043	0.8371
			-0.9858	-0.0658	0.1543
			-0.7454	0.2665	-0.611
			0.7093	0.555	-0.4346
			0.1705	0.8918	-0.419
			-0.5543	-0.6974	0.4543
		b:
			-130.4369
			-278.3695
			-175.1834
			308.586
			244.3758
			-296.262
	==================================================================================
	Q2:
		Shape: Hybrid
		q_c:	265.5	248.5	56.0
		ub :	269.984	253.8222	60.759
		lb :	261.016	243.1778	51.241
		P^-1:
			0.1135	0.0041	0.0187
			0.0041	0.1173	0.0442
			0.0187	0.0442	0.1028
		A:
			-0.3393	-0.401	-0.8509
			0.8538	-0.5138	0.0838
			-0.7388	-0.3034	-0.6018
			-0.6822	0.6936	0.2313
			0.1232	-0.1499	-0.981
			0.1604	-0.5728	0.8039
		b:
			-235.9316
			105.4816
			-303.8231
			5.8701
			-57.4177
			-52.1319
	==================================================================================
	Q3:
		Shape: Polyhedra
		q_c:	280.0	253.5	54.0
		ub :	285.7318	259.0951	60.6882
		lb :	274.2682	247.9049	47.3118
		A:
			-0.8454	-0.3408	-0.4113
			-0.7947	-0.6027	-0.0724
			-0.2384	0.3016	0.9232
			0.1939	0.9366	0.2919
			-0.916	-0.3862	-0.1085
			-0.6898	-0.6856	-0.2327
			0.546	0.7671	0.3368
			0.781	-0.3206	-0.536
			-0.3032	0.5557	-0.7742
			-0.546	-0.7671	-0.3368
			-0.781	0.3206	0.536
			0.3032	-0.5557	0.7742
		b:
			-342.407
			-376.7858
			63.555
			309.9961
			-357.4441
			-377.3962
			367.5344
			112.4526
			19.1745
			-363.5344
			-104.4526
			-9.1745
	==================================================================================
	Q4:
		Shape: Polyhedra
		q_c:	280.5	242.5	58.5
		ub :	287.7565	249.6104	65.078
		lb :	273.2435	235.3896	51.922
		A:
			-0.0446	-0.8464	-0.5306
			-0.9511	0.3037	0.0562
			-0.1572	0.8591	-0.487
			0.7505	-0.0414	-0.6596
			0.0916	-0.6918	-0.7162
			0.4878	0.7849	0.3822
			0.463	0.4275	0.7764
			0.6543	-0.7558	0.0259
			0.5979	0.496	-0.6297
			-0.463	-0.4275	-0.7764
			-0.6543	0.7558	-0.0259
			-0.5979	-0.496	0.6297
		b:
			-243.805
			-185.8211
			139.5789
			165.5915
			-178.9472
			354.5816
			284.4647
			5.7654
			254.666
			-273.4647
			2.2346
			-247.666
	==================================================================================
	Q5:
		Shape: Polyhedra
		q_c:	270.0	252.0	53.5
		ub :	273.4074	256.0767	57.0396
		lb :	266.5926	247.9233	49.9604
		A:
			0.8735	0.2806	0.3978
			-0.0151	-0.9127	-0.4083
			0.3331	0.6703	-0.6631
			0.2742	0.4674	-0.8405
			-0.156	0.6795	-0.7169
			0.208	-0.411	0.8876
			0.8954	0.4446	0.023
			0.2905	-0.6227	0.7265
			0.3374	-0.6438	-0.6868
			-0.8954	-0.4446	-0.023
			-0.2905	0.6227	-0.7265
			-0.3374	0.6438	0.6868
		b:
			329.836
			-252.7478
			225.1147
			148.8155
			92.2669
			1.8076
			357.0428
			-38.1182
			-104.3947
			-353.0428
			41.1182
			111.3947
	==================================================================================
	Q6:
		Shape: Polyhedra
		q_c:	278.5	250.0	51.5
		ub :	282.4183	253.0225	54.2262
		lb :	274.5817	246.9775	48.7738
		A:
			-0.1237	0.4083	-0.9044
			0.5953	0.7928	-0.1306
			0.6903	-0.5147	0.5085
			0.3272	-0.203	-0.9229
			0.714	-0.173	0.6784
			-0.6082	0.1642	-0.7766
			0.2683	0.1385	0.9533
			-0.9614	0.1005	0.256
			-0.0603	-0.9853	0.1601
			-0.2683	-0.1385	-0.9533
			0.9614	-0.1005	-0.256
			0.0603	0.9853	-0.1601
		b:
			22.9043
			360.0707
			92.3734
			-4.7908
			192.8361
			-166.3103
			159.9394
			-225.966
			-252.3663
			-156.9394
			232.966
			257.3663


===========================================================================================
===========================================================================================
S4:
	q_c:	142.0	297.0	356.0
	ub :	149.8864	302.6667	363.7196
	lb :	136.3627	291.6362	351.6842

	==================================================================================
	Q1:
		Shape: Hybrid
		q_c:	143.0	298.5	357.5
		ub :	145.0828	300.761	359.4572
		lb :	140.9172	296.239	355.5428
		P^-1:
			0.5484	0.1526	0.1538
			0.1526	0.6685	0.2258
			0.1538	0.2258	0.672
		A:
			-0.6132	-0.677	-0.407
			0.3883	0.759	0.5226
			0.6543	-0.0456	0.7548
			-0.452	0.8687	-0.2027
			0.8177	-0.197	0.5409
			-0.9174	-0.1902	-0.3496
		b:
			-434.7235
			469.439
			350.5568
			123.1809
			252.366
			-312.1979
	==================================================================================
	Q2:
		Shape: Hybrid
		q_c:	147.0	300.0	355.5
		ub :	149.8864	302.6667	358.5228
		lb :	144.1136	297.3333	352.4772
		P^-1:
			0.3608	-0.0632	0.0726
			-0.0632	0.2861	-0.0414
			0.0726	-0.0414	0.2976
		A:
			0.7884	-0.1433	-0.5983
			0.4933	-0.4893	0.7193
			0.1275	0.9918	-0.0125
			0.8865	0.4625	0.0151
			-0.2441	0.6398	-0.7288
			-0.4301	0.8884	0.1606
		b:
			-138.5949
			182.2457
			313.0336
			275.5704
			-102.0982
			261.4597
	==================================================================================
	Q3:
		Shape: Polyhedra
		q_c:	143.0	295.0	355.0
		ub :	146.1038	297.6924	358.1889
		lb :	139.8962	292.3076	351.8111
		A:
			0.0947	-0.5106	-0.8546
			0.6422	-0.7487	-0.1647
			-0.0197	-0.9537	-0.3001
			-0.8148	0.4901	0.3097
			-0.2589	-0.8812	0.3957
			-0.9091	-0.3295	0.255
			0.1753	0.9516	0.2526
			0.5839	0.106	-0.8049
			-0.7927	0.2886	-0.537
			-0.1753	-0.9516	-0.2526
			-0.5839	-0.106	0.8049
			0.7927	-0.2886	0.537
		b:
			-438.4657
			-185.4782
			-388.6964
			140.0388
			-154.4977
			-134.6805
			397.4418
			-168.9398
			-216.8707
			-393.4418
			172.9398
			220.8707
	==================================================================================
	Q4:
		Shape: Polyhedra
		q_c:	140.0	298.0	360.5
		ub :	143.6373	299.9658	363.7196
		lb :	136.3627	296.0342	357.2804
		A:
			0.1822	-0.7319	0.6566
			-0.6927	-0.4842	-0.5345
			-0.0642	-0.836	0.545
			0.3728	-0.3906	0.8417
			-0.3372	0.698	-0.6317
			-0.073	0.8777	0.4737
			0.5609	0.457	0.6903
			-0.8218	0.2064	0.5311
			0.1003	-0.8652	0.4913
			-0.5609	-0.457	-0.6903
			0.8218	-0.2064	-0.5311
			-0.1003	0.8652	-0.4913
		b:
			44.8128
			-431.9306
			-60.9505
			240.5136
			-66.0956
			424.1176
			465.5767
			140.9018
			-66.163
			-461.5767
			-134.9018
			67.163
	==================================================================================
	Q5:
		Shape: Polyhedra
		q_c:	140.0	295.0	354.0
		ub :	142.909	297.9674	356.3158
		lb :	137.091	292.0326	351.6842
		A:
			-0.2901	-0.0289	-0.9566
			0.0472	0.2273	0.9727
			0.6492	0.4179	0.6356
			0.0917	-0.059	-0.994
			0.9263	0.2873	0.2438
			0.4264	-0.6908	0.584
			0.5507	0.2559	0.7945
			0.5622	0.5898	-0.5797
			-0.6169	0.7659	0.1809
			-0.5507	-0.2559	-0.7945
			-0.5622	-0.5898	0.5797
			0.6169	-0.7659	-0.1809
		b:
			-386.5564
			419.327
			440.2445
			-354.9413
			302.2065
			64.4426
			434.8427
			49.4728
			205.6365
			-432.8427
			-45.4728
			-201.6365
	==================================================================================
	Q6:
		Shape: Ellipse
		q_c:	140.0	294.5	358.5
		ub :	142.9736	297.3638	361.3876
		lb :	137.0264	291.6362	355.6124
		P^-1:
			0.3525	-0.0834	0.0634
			-0.0834	0.3177	-0.0476
			0.0634	-0.0476	0.1842


===========================================================================================
===========================================================================================
S5:
	q_c:	338.5	239.5	218.5
	ub :	361.8907	263.4933	241.2374
	lb :	319.4072	221.6257	192.3722

	==================================================================================
	Q1:
		Shape: Ellipse
		q_c:	342.5	251.5	207.0
		ub :	356.171	263.4933	221.6278
		lb :	328.829	239.5067	192.3722
		P^-1:
			0.013	0.0005	0.0011
			0.0005	0.0147	0.0007
			0.0011	0.0007	0.0141
	==================================================================================
	Q2:
		Shape: Ellipse
		q_c:	345.0	237.5	218.5
		ub :	351.4935	243.8297	224.0951
		lb :	338.5065	231.1703	212.9049
		P^-1:
			0.0565	0.0009	-0.0144
			0.0009	0.0702	-0.021
			-0.0144	-0.021	0.0963
	==================================================================================
	Q3:
		Shape: Ellipse
		q_c:	330.5	236.5	205.5
		ub :	340.8316	244.0602	214.5683
		lb :	320.1684	228.9398	196.4317
		P^-1:
			0.0216	0.0002	-0.0103
			0.0002	0.0282	-0.0026
			-0.0103	-0.0026	0.0336
	==================================================================================
	Q4:
		Shape: Polyhedra
		q_c:	350.5	250.5	220.5
		ub :	361.8907	261.5947	227.4784
		lb :	339.1093	239.4053	213.5216
		A:
			0.4118	0.1294	0.902
			0.278	-0.3594	-0.8908
			-0.7042	-0.1172	0.7002
			-0.7666	-0.1393	0.6268
			-0.2058	0.9033	0.3763
			0.4554	-0.6805	-0.5741
			0.6779	0.7339	0.0434
			0.7088	-0.6682	0.2261
			0.1949	-0.1225	-0.9731
			-0.6779	-0.7339	-0.0434
			-0.7088	0.6682	-0.2261
			-0.1949	0.1225	0.9731
		b:
			381.6247
			-183.7816
			-115.9195
			-159.2735
			244.1627
			-130.9156
			438.0186
			138.915
			-171.932
			-424.0186
			-122.915
			181.932
	==================================================================================
	Q5:
		Shape: Polyhedra
		q_c:	329.5	247.5	231.0
		ub :	339.5928	257.8712	241.2374
		lb :	319.4072	237.1288	220.7626
		A:
			0.019	0.1418	0.9897
			0.2412	-0.8324	-0.4989
			-0.8302	0.1586	0.5344
			0.5781	-0.2056	0.7896
			0.4553	0.8876	-0.0695
			0.1017	0.0174	0.9947
			0.1665	0.6335	0.7556
			-0.7354	0.5903	-0.3328
			-0.6568	-0.5003	0.5642
			-0.1665	-0.6335	-0.7556
			0.7354	-0.5903	0.3328
			0.6568	0.5003	-0.5642
		b:
			275.9544
			-236.7826
			-103.5851
			327.1424
			361.0026
			273.5989
			391.2107
			-168.0925
			-201.4233
			-381.2107
			178.0925
			218.4233
	==================================================================================
	Q6:
		Shape: Ellipse
		q_c:	336.5	233.0	211.5
		ub :	348.3351	244.3743	221.1656
		lb :	324.6649	221.6257	201.8344
		P^-1:
			0.0106	0.0029	0.001
			0.0029	0.023	0.0048
			0.001	0.0048	0.0219


===========================================================================================
===========================================================================================
S6:
	q_c:	269.5	27.5	300.5
	ub :	290.5403	42.7603	320.3887
	lb :	257.3576	10.0034	285.6293

	==================================================================================
	Q1:
		Shape: Hybrid
		q_c:	284.0	27.0	296.0
		ub :	290.5403	32.1982	302.6508
		lb :	277.4597	21.8018	289.3492
		P^-1:
			0.0784	-0.0318	-0.05
			-0.0318	0.1039	0.0208
			-0.05	0.0208	0.0924
		A:
			-0.4175	0.8703	0.2613
			-0.6296	-0.3865	0.674
			-0.1182	-0.0554	0.9914
			-0.2534	0.6631	0.7044
			-0.739	0.6632	0.1181
			-0.6205	-0.5461	-0.5628
		b:
			-16.2265
			12.3237
			260.9129
			156.1952
			-155.0241
			-353.6064
	==================================================================================
	Q2:
		Shape: Hybrid
		q_c:	267.0	26.5	312.0
		ub :	273.9937	35.0593	320.3887
		lb :	260.0063	17.9407	303.6113
		P^-1:
			0.0459	0.0047	0.0003
			0.0047	0.0412	0.0062
			0.0003	0.0062	0.026
		A:
			-0.4679	0.847	-0.2522
			0.2135	-0.34	-0.9159
			-0.6054	-0.3043	-0.7354
			-0.9439	0.2716	-0.1877
			0.7237	-0.6374	-0.2644
			0.1364	0.5749	0.8067
		b:
			-177.9221
			-234.1843
			-396.0626
			-300.6434
			96.577
			306.4783
	==================================================================================
	Q3:
		Shape: Ellipse
		q_c:	266.0	15.5	309.0
		ub :	274.6424	20.9966	318.0117
		lb :	257.3576	10.0034	299.9883
		P^-1:
			0.1751	0.149	0.1393
			0.149	0.1807	0.1294
			0.1393	0.1294	0.1373
	==================================================================================
	Q4:
		Shape: Polyhedra
		q_c:	267.0	29.0	289.0
		ub :	274.027	33.2397	292.3707
		lb :	259.973	24.7603	285.6293
		A:
			-0.0132	0.3376	-0.9412
			0.3094	0.9116	0.2707
			-0.1106	0.6185	-0.7779
			0.0149	0.8465	-0.5322
			-0.0088	0.8079	0.5893
			0.3341	0.9169	-0.2183
			0.2157	0.6205	0.754
			0.1336	0.7461	-0.6522
			-0.9673	0.2414	0.0781
			-0.2157	-0.6205	-0.754
			-0.1336	-0.7461	0.6522
			0.9673	-0.2414	-0.0781
		b:
			-263.9255
			189.5761
			-234.4296
			-123.5113
			194.266
			54.6505
			295.9885
			-129.6899
			-222.2022
			-290.9885
			132.6899
			235.2022
	==================================================================================
	Q5:
		Shape: Polyhedra
		q_c:	270.5	24.5	294.0
		ub :	280.04	34.4911	301.56
		lb :	260.96	14.5089	286.44
		A:
			-0.1408	-0.2385	0.9609
			0.4941	0.8282	-0.2644
			-0.0281	0.906	-0.4224
			-0.7883	-0.1147	0.6046
			0.8547	0.4933	-0.1618
			-0.5282	-0.8419	0.1105
			0.4055	0.5793	0.707
			-0.6644	0.7181	-0.2073
			-0.6278	-0.3857	0.6761
			-0.4055	-0.5793	-0.707
			0.6644	-0.7181	0.2073
			0.6278	0.3857	-0.6761
		b:
			242.9374
			80.7657
			-103.0607
			-34.1128
			199.8584
			-126.4083
			336.7617
			-215.0698
			23.0078
			-326.7617
			231.0698
			-16.0078
	==================================================================================
	Q6:
		Shape: Polyhedra
		q_c:	269.0	36.5	296.5
		ub :	277.6047	42.7603	301.1082
		lb :	260.3953	30.2397	291.8918
		A:
			0.7429	0.6197	-0.2531
			-0.6825	-0.7281	-0.0639
			0.5179	0.846	0.1268
			0.4128	0.8835	-0.2213
			-0.2336	-0.6735	-0.7013
			0.5238	0.8456	-0.1027
			0.3992	0.8198	0.4106
			0.8895	-0.4549	0.0436
			0.2226	0.3478	-0.9108
			-0.3992	-0.8198	-0.4106
			-0.8895	0.4549	-0.0436
			-0.2226	-0.3478	0.9108
		b:
			151.3779
			-226.1539
			209.7566
			80.3722
			-293.3103
			143.7683
			260.5384
			243.6009
			-193.4761
			-257.5384
			-227.6009
			201.4761


===========================================================================================
===========================================================================================
S7:
	q_c:	342.0	219.5	491.5
	ub :	347.2976	229.0883	502.5347
	lb :	330.6521	209.7981	482.9295

	==================================================================================
	Q1:
		Shape: Hybrid
		q_c:	341.0	226.5	491.0
		ub :	345.3401	229.0883	495.6446
		lb :	336.6599	223.9117	486.3554
		P^-1:
			0.4242	-0.3327	-0.2753
			-0.3327	0.5263	0.2507
			-0.2753	0.2507	0.2721
		A:
			0.1743	-0.7766	-0.6054
			-0.7226	0.2073	0.6594
			-0.3535	0.8797	0.3181
			0.3969	-0.7463	-0.5344
			-0.7502	0.6348	0.185
			-0.4655	-0.8818	0.0755
		b:
			-412.3362
			125.3586
			235.6788
			-295.2995
			-20.1684
			-319.3549
	==================================================================================
	Q2:
		Shape: Ellipse
		q_c:	337.5	223.0	496.0
		ub :	341.2568	226.2852	499.4431
		lb :	333.7432	219.7148	492.5569
		P^-1:
			0.2534	-0.1	0.0886
			-0.1	0.267	-0.0948
			0.0886	-0.0948	0.2441
	==================================================================================
	Q3:
		Shape: Ellipse
		q_c:	343.5	221.0	498.0
		ub :	347.2976	225.1039	502.5347
		lb :	339.7024	216.8961	493.4653
		P^-1:
			0.2772	0.1472	0.028
			0.1472	0.2768	0.0836
			0.028	0.0836	0.1321
	==================================================================================
	Q4:
		Shape: Polyhedra
		q_c:	339.0	215.0	494.5
		ub :	344.3096	220.2019	499.6214
		lb :	333.6904	209.7981	489.3786
		A:
			-0.9713	0.2316	0.054
			0.9849	-0.1319	-0.1119
			-0.4828	0.7893	-0.3794
			0.9957	-0.0126	-0.0922
			-0.2417	0.6667	-0.705
			-0.1591	-0.9868	0.0313
			0.5123	0.6722	0.5346
			0.689	-0.6932	0.2113
			0.5126	0.2601	-0.8183
			-0.5123	-0.6722	-0.5346
			-0.689	0.6932	-0.2113
			-0.5126	-0.2601	0.8183
		b:
			-249.9853
			253.0849
			-178.9939
			292.2451
			-284.5151
			-247.1827
			586.5183
			191.5582
			-171.9446
			-578.5183
			-186.5582
			177.9446
	==================================================================================
	Q5:
		Shape: Ellipse
		q_c:	340.0	219.0	487.0
		ub :	344.1222	222.1646	491.0705
		lb :	335.8778	215.8354	482.9295
		P^-1:
			0.185	0.0821	-0.0736
			0.0821	0.3394	-0.1123
			-0.0736	-0.1123	0.1912
	==================================================================================
	Q6:
		Shape: Ellipse
		q_c:	336.0	215.5	492.5
		ub :	341.3479	220.0902	496.7101
		lb :	330.6521	210.9098	488.2899
		P^-1:
			0.118	0.126	-0.1818
			0.126	0.3488	-0.413
			-0.1818	-0.413	0.6582


===========================================================================================
===========================================================================================
S8:
	q_c:	37.5	246.5	438.5
	ub :	47.4932	268.6572	459.9803
	lb :	21.6659	236.078	424.8837

	==================================================================================
	Q1:
		Shape: Polyhedra
		q_c:	37.5	258.5	435.0
		ub :	47.4932	268.6572	445.1163
		lb :	27.5068	248.3428	424.8837
		A:
			0.4593	-0.0599	-0.8863
			0.0536	-0.7886	-0.6126
			-0.4038	0.1091	0.9083
			-0.1181	-0.5536	-0.8243
			0.0791	0.5811	0.81
			-0.6684	-0.1181	0.7343
			0.5296	0.2383	0.8141
			-0.7393	0.6002	0.3053
			-0.4159	-0.7635	0.494
			-0.5296	-0.2383	-0.8141
			0.7393	-0.6002	-0.3053
			0.4159	0.7635	-0.494
		b:
			-377.5961
			-462.6414
			414.2748
			-500.3552
			511.2608
			270.339
			441.5802
			265.2299
			9.4446
			-429.5802
			-255.2299
			5.5554
	==================================================================================
	Q2:
		Shape: Polyhedra
		q_c:	29.5	244.0	434.5
		ub :	37.3341	251.922	441.1789
		lb :	21.6659	236.078	427.8211
		A:
			-0.7931	0.121	-0.5969
			0.1179	0.1159	0.9862
			0.0608	-0.1577	0.9856
			-0.0539	-0.9904	0.1275
			0.6796	0.3614	0.6384
			-0.594	-0.4453	-0.67
			0.6172	0.3303	0.7141
			-0.7033	0.6386	0.3124
			-0.3528	-0.695	0.6264
			-0.6172	-0.3303	-0.7141
			0.7033	-0.6386	-0.3124
			0.3528	0.695	-0.6264
		b:
			-249.2462
			463.9824
			395.2239
			-183.0023
			388.6461
			-414.2479
			412.088
			277.3228
			96.1876
			-406.088
			-264.3228
			-88.1876
	==================================================================================
	Q3:
		Shape: Ellipse
		q_c:	38.0	261.5	439.5
		ub :	44.2287	267.1966	445.9809
		lb :	31.7713	255.8034	433.0191
		P^-1:
			0.073	0.0008	0.0095
			0.0008	0.0626	0.0007
			0.0095	0.0007	0.071
	==================================================================================
	Q4:
		Shape: Hybrid
		q_c:	27.0	259.5	443.0
		ub :	32.1415	264.3916	447.3715
		lb :	21.8585	254.6084	438.6285
		P^-1:
			0.1581	-0.0901	-0.0178
			-0.0901	0.1566	-0.04
			-0.0178	-0.04	0.1447
		A:
			0.1266	-0.9382	0.3221
			-0.7671	0.5802	0.2737
			0.4407	-0.6664	0.6014
			0.0072	0.8177	-0.5756
			-0.4871	0.4554	-0.7452
			-0.5176	0.1232	0.8467
		b:
			-95.677
			252.2213
			106.5098
			-41.0153
			-223.6448
			394.5889
	==================================================================================
	Q5:
		Shape: Polyhedra
		q_c:	27.5	257.0	455.5
		ub :	31.9122	262.2077	459.9803
		lb :	23.0878	251.7923	451.0197
		A:
			0.8782	-0.0968	0.4684
			0.7778	0.173	0.6042
			0.7893	-0.3098	0.5302
			0.5278	-0.0875	-0.8448
			0.4454	-0.2088	0.8707
			-0.2277	-0.0783	0.9706
			0.7178	0.0387	0.6952
			-0.4269	0.8132	0.3955
			-0.55	-0.5807	0.6002
			-0.7178	-0.0387	-0.6952
			0.4269	-0.8132	-0.3955
			0.55	0.5807	-0.6002
		b:
			214.0954
			342.263
			185.212
			-389.0775
			356.9952
			419.1013
			347.3568
			380.9089
			113.0184
			-345.3568
			-373.9089
			-105.0184
	==================================================================================
	Q6:
		Shape: Ellipse
		q_c:	30.0	245.0	443.0
		ub :	34.1857	250.8651	448.2875
		lb :	25.8143	239.1349	437.7125
		P^-1:
			0.3458	0.0688	0.1529
			0.0688	0.0726	0.0211
			0.1529	0.0211	0.157


===========================================================================================
===========================================================================================
S9:
	q_c:	480.5	137.5	124.5
	ub :	507.2974	150.2086	146.6462
	lb :	461.1024	116.672	102.4164

	==================================================================================
	Q1:
		Shape: Hybrid
		q_c:	495.0	130.5	113.0
		ub :	507.2974	141.6617	123.5836
		lb :	482.7026	119.3383	102.4164
		P^-1:
			0.0256	-0.0157	0.0137
			-0.0157	0.0347	-0.0183
			0.0137	-0.0183	0.0299
		A:
			0.7526	-0.6166	0.231
			-0.5082	0.0607	-0.8591
			0.1899	-0.8126	0.551
			-0.2611	0.9653	0.0092
			0.5334	-0.4631	0.7079
			-0.444	0.3131	-0.8395
		b:
			321.2672
			-336.5878
			52.9316
			2.0972
			285.941
			-270.6984
	==================================================================================
	Q2:
		Shape: Hybrid
		q_c:	470.0	125.5	124.5
		ub :	478.8976	134.328	133.9013
		lb :	461.1024	116.672	115.0987
		P^-1:
			0.0489	0.0104	-0.0158
			0.0104	0.0345	0.0132
			-0.0158	0.0132	0.0441
		A:
			-0.9499	-0.3121	-0.0191
			-0.2087	-0.7835	-0.5853
			-0.2507	0.9034	0.3478
			0.9451	0.2296	-0.2326
			-0.1063	0.943	0.3154
			-0.4659	-0.2834	0.8382
		b:
			-485.3761
			-266.8016
			42.4389
			446.3289
			111.1969
			-147.1507
	==================================================================================
	Q3:
		Shape: Ellipse
		q_c:	486.5	131.5	114.0
		ub :	491.1602	138.7309	120.9492
		lb :	481.8398	124.2691	107.0508
		P^-1:
			0.3371	-0.0436	-0.169
			-0.0436	0.0542	0.0455
			-0.169	0.0455	0.1434
	==================================================================================
	Q4:
		Shape: Ellipse
		q_c:	472.0	141.5	137.0
		ub :	481.7978	147.2133	146.6462
		lb :	462.2022	135.7867	127.3538
		P^-1:
			0.0477	0.0051	0.0343
			0.0051	0.0809	-0.0051
			0.0343	-0.0051	0.047
	==================================================================================
	Q5:
		Shape: Ellipse
		q_c:	472.5	141.0	116.5
		ub :	480.7999	150.2086	125.5153
		lb :	464.2001	131.7914	107.4847
		P^-1:
			0.039	-0.0017	0.0043
			-0.0017	0.0372	0.0072
			0.0043	0.0072	0.0216
	==================================================================================
	Q6:
		Shape: Polyhedra
		q_c:	485.5	132.0	112.5
		ub :	491.0968	140.3735	120.196
		lb :	479.9032	123.6265	104.804
		A:
			0.9838	0.0264	-0.1774
			-0.6294	0.7768	-0.0202
			0.8086	-0.3298	-0.4872
			-0.9416	-0.291	-0.1693
			0.6515	0.697	-0.2997
			-0.8172	0.4838	0.3131
			0.0513	0.5625	0.8252
			-0.9874	0.1522	-0.0423
			-0.1494	-0.8127	0.5632
			-0.0513	-0.5625	-0.8252
			0.9874	-0.1522	0.0423
			0.1494	0.8127	-0.5632
		b:
			465.7801
			-200.2287
			298.9259
			-509.9161
			380.172
			-293.0396
			197.0095
			-459.5685
			-110.4615
			-187.0095
			468.5685
			122.4615


===========================================================================================
===========================================================================================
S10:
	q_c:	51.0	386.5	259.0
	ub :	71.9078	405.3585	278.1759
	lb :	40.4668	370.4482	247.7515

	==================================================================================
	Q1:
		Shape: Hybrid
		q_c:	52.0	392.0	262.5
		ub :	55.9034	398.5202	269.6798
		lb :	48.0966	385.4798	255.3202
		P^-1:
			0.1507	-0.0173	0.0282
			-0.0173	0.0571	0.0089
			0.0282	0.0089	0.0478
		A:
			-0.5629	-0.7667	-0.3087
			0.1015	-0.0729	-0.9922
			0.9964	0.0211	0.0816
			0.6031	0.1056	0.7906
			-0.9664	-0.2446	0.0786
			0.6873	0.6853	0.2407
		b:
			-408.2799
			-279.9819
			82.9844
			282.6826
			-123.3716
			370.0493
	==================================================================================
	Q2:
		Shape: Ellipse
		q_c:	48.0	395.5	258.0
		ub :	53.3339	402.0025	264.2382
		lb :	42.6661	388.9975	251.7618
		P^-1:
			0.1825	0.0156	-0.093
			0.0156	0.0501	0.0025
			-0.093	0.0025	0.1199
	==================================================================================
	Q3:
		Shape: Ellipse
		q_c:	65.5	399.5	258.0
		ub :	71.9078	405.3585	264.4878
		lb :	59.0922	393.6415	251.5122
		P^-1:
			0.0281	0.003	0.0024
			0.003	0.0698	0.0186
			0.0024	0.0186	0.0515
	==================================================================================
	Q4:
		Shape: Ellipse
		q_c:	44.0	400.0	260.0
		ub :	47.5332	404.6315	265.0765
		lb :	40.4668	395.3685	254.9235
		P^-1:
			0.2429	0.0184	-0.0322
			0.0184	0.2026	0.0832
			-0.0322	0.0832	0.1039
	==================================================================================
	Q5:
		Shape: Polyhedra
		q_c:	63.0	376.5	251.0
		ub :	69.3153	382.5518	254.2485
		lb :	56.6847	370.4482	247.7515
		A:
			-0.7555	-0.6547	0.0232
			0.3408	0.6881	0.6407
			-0.1774	-0.2717	-0.9459
			0.1466	0.5847	0.7979
			-0.1975	-0.5544	-0.8085
			0.0284	-0.1114	-0.9934
			0.5757	0.6728	0.4647
			0.6985	-0.7001	0.1483
			0.4251	0.2392	-0.873
			-0.5757	-0.6728	-0.4647
			-0.6985	0.7001	-0.1483
			-0.4251	-0.2392	0.873
		b:
			-286.8922
			442.8314
			-349.2415
			431.5006
			-422.5041
			-287.6702
			407.209
			-175.3618
			-100.2773
			-405.209
			189.3618
			104.2773
	==================================================================================
	Q6:
		Shape: Ellipse
		q_c:	48.0	391.5	270.5
		ub :	52.3501	398.8238	278.1759
		lb :	43.6499	384.1762	262.8241
		P^-1:
			0.0624	-0.0009	-0.0014
			-0.0009	0.041	-0.0105
			-0.0014	-0.0105	0.0362


===========================================================================================
===========================================================================================
S11:
	q_c:	253.5	96.0	467.5
	ub :	264.9686	110.0677	482.3365
	lb :	242.0069	81.3114	461.2421

	==================================================================================
	Q1:
		Shape: Ellipse
		q_c:	251.0	87.5	471.0
		ub :	256.5132	93.6886	477.8703
		lb :	245.4868	81.3114	464.1297
		P^-1:
			0.0774	-0.0013	-0.0108
			-0.0013	0.0494	0.0005
			-0.0108	0.0005	0.0535
	==================================================================================
	Q2:
		Shape: Polyhedra
		q_c:	255.0	105.5	478.0
		ub :	257.6592	110.0677	482.3365
		lb :	252.3408	100.9323	473.6635
		A:
			0.0079	0.2385	0.9711
			0.7482	0.2561	0.6121
			-0.9378	-0.0038	-0.3472
			-0.9262	-0.0341	-0.3756
			-0.7935	-0.473	-0.3829
			-0.7655	-0.4977	-0.4077
			0.7784	0.2901	0.5567
			-0.0212	-0.8742	0.4852
			0.6274	-0.3895	-0.6743
			-0.7784	-0.2901	-0.5567
			0.0212	0.8742	-0.4852
			-0.6274	0.3895	0.6743
		b:
			494.1292
			510.9391
			-404.1018
			-418.0118
			-434.267
			-441.6054
			495.7026
			137.7732
			-199.9315
			-494.7026
			-130.7732
			206.9315
	==================================================================================
	Q3:
		Shape: Ellipse
		q_c:	259.0	93.0	467.0
		ub :	264.9686	98.3546	472.1047
		lb :	253.0314	87.6454	461.8953
		P^-1:
			0.1353	0.0387	-0.0845
			0.0387	0.1228	0.0465
			-0.0845	0.0465	0.185
	==================================================================================
	Q4:
		Shape: Polyhedra
		q_c:	255.5	94.5	468.5
		ub :	260.0128	99.536	474.3575
		lb :	250.9872	89.464	462.6425
		A:
			-0.3807	0.6161	-0.6896
			-0.1544	0.6723	-0.724
			-0.3632	0.686	-0.6305
			0.5214	-0.6896	0.5026
			-0.1739	0.8437	-0.5079
			-0.338	0.7903	-0.511
			0.0958	0.6643	0.7413
			-0.3105	0.7275	-0.6118
			-0.9457	-0.1716	0.276
			-0.0958	-0.6643	-0.7413
			0.3105	-0.7275	0.6118
			0.9457	0.1716	-0.276
		b:
			-361.111
			-314.0582
			-322.7371
			304.5699
			-201.4537
			-250.2202
			440.5414
			-296.7339
			-124.5634
			-428.5414
			297.7339
			132.5634
	==================================================================================
	Q5:
		Shape: Ellipse
		q_c:	257.5	98.0	467.5
		ub :	263.6697	102.2643	473.7579
		lb :	251.3303	93.7357	461.2421
		P^-1:
			0.0652	0.0108	0.0032
			0.0108	0.1047	0.0125
			0.0032	0.0125	0.0662
	==================================================================================
	Q6:
		Shape: Hybrid
		q_c:	246.5	88.5	473.5
		ub :	250.9931	92.3124	477.6726
		lb :	242.0069	84.6876	469.3274
		P^-1:
			0.1316	0.002	-0.024
			0.002	0.1113	-0.0023
			-0.024	-0.0023	0.1393
		A:
			0.959	0.0959	-0.2666
			-0.6699	-0.0656	0.7395
			0.2483	0.6765	-0.6933
			0.7882	-0.3301	0.5193
			0.9723	0.1972	-0.1258
			-0.7538	0.1629	0.6366
		b:
			120.0489
			180.4905
			-205.6994
			412.7479
			199.0336
			131.3347


===========================================================================================
===========================================================================================
S12:
	q_c:	46.5	214.5	179.5
	ub :	68.9793	226.0566	201.4093
	lb :	22.8857	195.4374	161.6605

	==================================================================================
	Q1:
		Shape: Ellipse
		q_c:	44.0	208.0	173.5
		ub :	50.9907	214.5859	179.5868
		lb :	37.0093	201.4141	167.4132
		P^-1:
			0.0617	-0.0248	-0.0258
			-0.0248	0.0707	-0.0021
			-0.0258	-0.0021	0.0935
	==================================================================================
	Q2:
		Shape: Polyhedra
		q_c:	33.5	207.5	183.5
		ub :	44.1143	217.4485	194.8014
		lb :	22.8857	197.5515	172.1986
		A:
			-0.8292	0.0926	0.5513
			-0.0555	-0.6108	-0.7898
			0.952	-0.2729	-0.1389
			-0.9701	0.0749	0.231
			-0.3883	0.9211	-0.0291
			-0.8888	0.2907	0.3543
			0.8964	0.0937	0.4332
			-0.3562	-0.4291	0.83
			0.2637	-0.8984	-0.3513
			-0.8964	-0.0937	-0.4332
			0.3562	0.4291	-0.83
			-0.2637	0.8984	0.3513
		b:
			99.59
			-266.5379
			-43.207
			32.435
			179.7843
			102.5617
			135.967
			58.3414
			-235.0379
			-121.967
			-44.3414
			249.0379
	==================================================================================
	Q3:
		Shape: Hybrid
		q_c:	61.0	220.5	170.0
		ub :	68.9793	226.0566	178.3395
		lb :	53.0207	214.9434	161.6605
		P^-1:
			0.0577	0.0092	0.0214
			0.0092	0.0729	0.0033
			0.0214	0.0033	0.0372
		A:
			0.3366	-0.86	-0.3835
			-0.442	0.8358	-0.3258
			0.1766	0.9214	-0.3463
			0.2575	0.9193	-0.2977
			-0.0329	0.7802	-0.6247
			-0.6472	-0.7578	-0.083
		b:
			-231.2943
			104.1551
			157.5017
			170.1992
			66.7156
			-218.6768
	==================================================================================
	Q4:
		Shape: Ellipse
		q_c:	57.0	206.5	190.5
		ub :	60.2632	217.5626	201.4093
		lb :	53.7368	195.4374	179.5907
		P^-1:
			0.2465	-0.0259	-0.0116
			-0.0259	0.0193	0.0024
			-0.0116	0.0024	0.0176
	==================================================================================
	Q5:
		Shape: Hybrid
		q_c:	35.0	214.5	191.5
		ub :	42.8852	221.77	196.4881
		lb :	27.1148	207.23	186.5119
		P^-1:
			0.0468	0.0395	-0.0082
			0.0395	0.1071	-0.0819
			-0.0082	-0.0819	0.1981
		A:
			0.052	-0.3474	0.9363
			0.5232	0.8206	-0.23
			-0.3723	-0.8753	0.3086
			0.3918	0.9197	-0.0259
			-0.2782	-0.6409	0.7154
			0.2156	0.9462	-0.2413
		b:
			107.7567
			152.1752
			-139.8419
			208.4115
			-9.1044
			166.7053
	==================================================================================
	Q6:
		Shape: Polyhedra
		q_c:	32.5	213.5	190.5
		ub :	41.191	219.6231	199.7262
		lb :	23.809	207.3769	181.2738
		A:
			-0.6604	0.2668	-0.7019
			-0.4681	0.7674	-0.4383
			-0.0096	-0.9498	0.3127
			-0.4925	0.5633	-0.6634
			0.5423	-0.7865	0.2956
			0.2722	-0.957	0.0998
			0.5062	0.5354	0.6761
			0.292	-0.844	0.4498
			0.8115	-0.0303	-0.5836
			-0.5062	-0.5354	-0.6761
			-0.292	0.844	-0.4498
			-0.8115	0.0303	0.5836
		b:
			-92.6388
			67.446
			-140.3616
			-18.4497
			-91.5559
			-173.2363
			267.5568
			-83.0176
			-86.2744
			-251.5568
			87.0176
			96.2744


===========================================================================================
===========================================================================================
S13:
	q_c:	102.5	149.0	26.0
	ub :	119.1219	166.3671	46.3846
	lb :	83.7863	128.3086	6.7326

	==================================================================================
	Q1:
		Shape: Polyhedra
		q_c:	104.0	152.0	29.5
		ub :	113.8125	159.022	40.7087
		lb :	94.1875	144.978	18.2913
		A:
			-0.0524	0.9787	0.1985
			-0.0173	-0.5157	0.8566
			-0.8026	0.5004	0.3248
			0.9882	0.0269	0.1506
			0.5544	-0.3144	-0.7706
			0.735	-0.3806	0.5612
			0.4514	0.3232	0.8318
			-0.8785	-0.0027	0.4778
			0.1567	-0.9463	0.2827
			-0.4514	-0.3232	-0.8318
			0.8785	0.0027	-0.4778
			-0.1567	0.9463	-0.2827
		b:
			154.772
			-48.7315
			7.8365
			118.2115
			-6.2124
			41.9409
			129.1043
			-71.6807
			-114.708
			-112.1043
			83.6807
			123.708
	==================================================================================
	Q2:
		Shape: Hybrid
		q_c:	101.5	135.0	19.5
		ub :	109.8555	141.2354	27.2708
		lb :	93.1445	128.7646	11.7292
		P^-1:
			0.0392	0.009	-0.002
			0.009	0.0585	0.0042
			-0.002	0.0042	0.0378
		A:
			-0.6325	-0.4623	0.6214
			0.3615	0.8241	0.4362
			-0.921	-0.37	-0.1217
			0.117	-0.9379	0.3267
			-0.412	-0.2332	-0.8808
			-0.6844	-0.5948	0.4216
		b:
			-111.7899
			158.5901
			-143.0346
			-105.7427
			-87.3853
			-139.0646
	==================================================================================
	Q3:
		Shape: Ellipse
		q_c:	112.0	161.0	18.5
		ub :	119.1219	166.3671	26.4666
		lb :	104.8781	155.6329	10.5334
		P^-1:
			0.0612	0.0064	-0.0146
			0.0064	0.077	-0.0058
			-0.0146	-0.0058	0.0295
	==================================================================================
	Q4:
		Shape: Polyhedra
		q_c:	97.5	148.5	20.0
		ub :	103.5413	154.8219	24.8164
		lb :	91.4587	142.1781	15.1836
		A:
			-0.6895	-0.7211	-0.0684
			-0.1795	0.5372	0.8241
			0.3232	0.4332	0.8414
			-0.3162	0.2893	0.9035
			0.7969	-0.0997	-0.5958
			-0.1025	0.0758	-0.9918
