3D_50_10_6_e                l = 3

===========================================================================================
===========================================================================================
S1:
	q_c:    282.0000    512.5000    463.0000
	ub :    294.0000    523.0000    481.0000
	lb :    270.0000    502.0000    445.0000

	==================================================================================
	Q1:
		Shape: Hybrid
		q_c:    274.5000    504.0000    460.5000
		ub :    281.6962    509.9477    467.9478
		lb :    267.3038    498.0523    453.0522
		P^-1: 
			    0.0361    -0.0114    -0.0030
			    -0.0114    0.0756    0.0113
			    -0.0030    0.0113    0.0360
		A:
			    0.7522    0.5662    -0.3370
			    -0.5719    0.7304    0.3736
			    0.0887    -0.9830    0.1609
			    -0.7396    0.3686    0.5631
			    -0.4848    0.7847    0.3862
			    -0.9990    0.0424    0.0144
		b:
			    340.3078
			    385.2858
			    -394.7446
			    245.0496
			    442.2349
			    -242.6048
	==================================================================================
	Q2:
		Shape: Hybrid
		q_c:    285.0000    522.5000    465.5000
		ub :    292.3011    529.6614    471.5072
		lb :    277.6989    515.3386    459.4928
		P^-1: 
			    0.0499    0.0054    -0.0180
			    0.0054    0.0617    -0.0272
			    -0.0180    -0.0272    0.0889
		A:
			    -0.4399    0.2500    0.8625
			    0.5172    -0.8169    -0.2555
			    0.6887    -0.4143    -0.5950
			    -0.3377    0.4726    0.8140
			    0.0964    0.4643    0.8804
			    -0.3790    0.6421    -0.6663
		b:
			    409.1268
			    -395.3428
			    -294.4849
			    532.3274
			    682.9263
			    -80.3988
	==================================================================================
	Q3:
		Shape: Hybrid
		q_c:    289.5000    507.0000    454.5000
		ub :    295.2135    514.0449    461.5126
		lb :    283.7865    499.9551    447.4874
		P^-1: 
			    0.0599    0.0111    0.0103
			    0.0111    0.0610    0.0108
			    0.0103    0.0108    0.0595
		A:
			    0.2287    0.8122    0.5367
			    -0.2533    -0.6281    -0.7358
			    -0.9032    -0.4127    -0.1182
			    0.6208    -0.0622    0.7815
			    -0.7854    -0.6043    0.1343
			    0.8391    0.3719    -0.3971
		b:
			    723.8413
			    -724.2753
			    -522.3325
			    505.5972
			    -470.4717
			    253.5430
	==================================================================================
	Q4:
		Shape: Hybrid
		q_c:    283.0000    509.5000    457.0000
		ub :    290.8904    518.0228    466.1352
		lb :    275.1096    500.9772    447.8648
		P^-1: 
			    0.0288    -0.0028    0.0020
			    -0.0028    0.0351    -0.0053
			    0.0020    -0.0053    0.0316
		A:
			    -0.4401    -0.8663    -0.2364
			    -0.5836    0.7936    0.1724
			    0.5672    0.1470    0.8104
			    -0.3061    0.7712    0.5582
			    0.9694    -0.1996    0.1430
			    -0.7919    0.0971    -0.6030
		b:
			    -670.6141
			    320.9783
			    609.0006
			    564.7738
			    241.2231
			    -447.0857
	==================================================================================
	Q5:
		Shape: Polyhedra
		q_c:    274.5000    512.5000    471.0000
		ub :    285.4634    523.0650    481.8512
		lb :    263.5366    501.9350    460.1488
		A:
			    -0.0973    -0.2163    0.9715
			    -0.2111    0.0918    0.9731
			    0.0889    0.2936    0.9518
			    0.3893    0.8618    -0.3252
			    0.4961    0.8561    0.1452
			    0.7390    0.2314    0.6327
			    0.6197    0.2600    0.7405
			    -0.4255    -0.6816    0.5953
			    0.6595    -0.6840    -0.3117
			    -0.6197    -0.2600    -0.7405
			    0.4255    0.6816    -0.5953
			    -0.6595    0.6840    0.3117
		b:
			    326.7527
			    453.9885
			    629.6375
			    402.2929
			    650.0076
			    625.9420
			    658.6488
			    -178.6887
			    -310.3371
			    -645.6488
			    192.6887
			    322.3371
	==================================================================================
	Q6:
		Shape: Polyhedra
		q_c:    281.5000    520.0000    466.0000
		ub :    282.6714    526.4170    473.2695
		lb :    280.3286    513.5830    458.7305
		A:
			    0.9834    -0.1291    0.1274
			    0.9437    -0.1453    -0.2971
			    -0.4702    -0.6814    0.5609
			    0.8778    0.2601    0.4023
			    -0.9778    -0.0098    -0.2095
			    0.9882    0.0382    0.1482
			    0.0045    0.9887    0.1495
			    0.0226    0.1494    -0.9885
			    -0.9997    0.0078    -0.0217
			    -0.0045    -0.9887    -0.1495
			    -0.0226    -0.1494    0.9885
			    0.9997    -0.0078    0.0217
		b:
			    270.4566
			    54.0045
			    -219.9071
			    572.7741
			    -376.4208
			    368.4182
			    590.5829
			    -370.0900
			    -286.4998
			    -579.5829
			    383.0900
			    288.4998


===========================================================================================
===========================================================================================
S2:
	q_c:    121.0000    268.5000    249.0000
	ub :    126.0000    293.0000    265.0000
	lb :    116.0000    244.0000    233.0000

	==================================================================================
	Q1:
		Shape: Hybrid
		q_c:    123.0000    265.5000    249.5000
		ub :    126.8387    268.4330    252.5311
		lb :    119.1613    262.5670    246.4689
		P^-1: 
			    0.1984    -0.1343    -0.0108
			    -0.1343    0.3576    -0.0572
			    -0.0108    -0.0572    0.2496
		A:
			    -0.0297    0.9781    0.2060
			    0.5890    0.2820    0.7573
			    0.5475    -0.8282    -0.1201
			    0.8132    -0.5508    -0.1881
			    0.6481    -0.7614    -0.0134
			    -0.4987    -0.6973    0.5148
		b:
			    308.7584
			    338.2436
			    -181.6803
			    -92.0297
			    -124.9539
			    -116.4267
	==================================================================================
	Q2:
		Shape: Ellipse
		q_c:    125.5000    272.5000    253.5000
		ub :    130.3026    275.5362    257.9823
		lb :    120.6974    269.4638    249.0177
		P^-1: 
			    0.0854    0.0037    0.0412
			    0.0037    0.1598    -0.0021
			    0.0412    -0.0021    0.1373
	==================================================================================
	Q3:
		Shape: Polyhedra
		q_c:    125.5000    272.0000    247.5000
		ub :    129.0971    275.9576    251.2440
		lb :    121.9029    268.0424    243.7560
		A:
			    0.6578    0.5837    0.4760
			    -0.3895    0.5439    0.7433
			    0.1130    -0.9934    0.0174
			    -0.4393    0.5326    0.7234
			    -0.4120    0.9097    0.0525
			    0.2467    -0.7665    -0.5930
			    0.3265    0.7531    0.5712
			    0.9159    -0.4014    0.0058
			    0.2336    0.5213    -0.8208
			    -0.3265    -0.7531    -0.5712
			    -0.9159    0.4014    -0.0058
			    -0.2336    -0.5213    0.8208
		b:
			    360.8220
			    285.3329
			    -249.3182
			    271.1208
			    211.0795
			    -322.4016
			    388.6854
			    9.6870
			    -28.5367
			    -385.6854
			    -4.6870
			    35.5367
	==================================================================================
	Q4:
		Shape: Hybrid
		q_c:    116.5000    269.5000    248.5000
		ub :    118.8422    271.6032    250.7945
		lb :    114.1578    267.3968    246.2055
		P^-1: 
			    0.4382    0.0016    0.0342
			    0.0016    0.4440    -0.0090
			    0.0342    -0.0090    0.2567
		A:
			    -0.1381    0.7255    0.6742
			    0.6873    0.3707    0.6246
			    0.1375    0.9812    0.1353
			    0.0453    -0.7678    -0.6391
			    0.9657    0.0680    -0.2506
			    0.3859    0.6883    -0.6143
		b:
			    348.0048
			    336.0974
			    314.8404
			    -359.4578
			    69.4143
			    78.7547
	==================================================================================
	Q5:
		Shape: Ellipse
		q_c:    124.5000    269.5000    246.5000
		ub :    128.4128    272.8455    248.6716
		lb :    120.5872    266.1545    244.3284
		P^-1: 
			    0.2217    0.2412    -0.0651
			    0.2412    0.5387    -0.2773
			    -0.0651    -0.2773    0.7657
	==================================================================================
	Q6:
		Shape: Hybrid
		q_c:    120.5000    267.0000    255.5000
		ub :    123.8517    270.3774    259.8091
		lb :    117.1483    263.6226    251.1909
		P^-1: 
			    0.2028    0.1022    0.0212
			    0.1022    0.3680    0.0953
			    0.0212    0.0953    0.1153
		A:
			    0.2147    -0.8346    -0.5073
			    -0.5411    -0.5604    0.6270
			    -0.3767    0.1326    -0.9168
			    0.0780    0.8455    0.5282
			    0.9004    0.2640    0.3459
			    0.4666    0.7027    -0.5371
		b:
			    -325.3637
			    -52.5414
			    -241.6099
			    371.1303
			    268.8711
			    108.5763


===========================================================================================
===========================================================================================
S3:
	q_c:    281.0000    490.5000    289.5000
	ub :    304.0000    518.0000    311.0000
	lb :    258.0000    463.0000    268.0000

	==================================================================================
	Q1:
		Shape: Polyhedra
		q_c:    286.0000    484.0000    313.0000
		ub :    297.0627    496.6301    325.8306
		lb :    274.9373    471.3699    300.1694
		A:
			    -0.5426    0.2415    -0.8045
			    -0.0996    0.9779    0.1841
			    -0.0345    -0.9373    0.3468
			    -0.3781    0.8802    -0.2868
			    -0.3027    0.8876    -0.3473
			    -0.4271    0.6843    0.5911
			    0.0613    0.7552    0.6526
			    0.4778    0.5519    -0.6835
			    -0.8763    0.3537    -0.3270
			    -0.0613    -0.7552    -0.6526
			    -0.4778    -0.5519    0.6835
			    0.8763    -0.3537    0.3270
		b:
			    -282.4837
			    509.7018
			    -346.9456
			    235.8099
			    242.0817
			    401.2385
			    594.3134
			    198.3267
			    -174.2960
			    -580.3134
			    -181.3267
			    189.2960
	==================================================================================
	Q2:
		Shape: Ellipse
		q_c:    279.5000    475.0000    297.0000
		ub :    292.9667    487.3790    310.2497
		lb :    266.0333    462.6210    283.7503
		P^-1: 
			    0.0153    0.0003    -0.0019
			    0.0003    0.0139    -0.0004
			    -0.0019    -0.0004    0.0163
	==================================================================================
	Q3:
		Shape: Polyhedra
		q_c:    258.5000    499.5000    281.5000
		ub :    270.1771    509.9249    293.0636
		lb :    246.8229    489.0751    269.9364
		A:
			    0.1989    -0.9666    0.1618
			    -0.4193    -0.9072    -0.0334
			    -0.8438    0.2902    -0.4513
			    -0.6691    0.3778    -0.6400
			    -0.2417    -0.0830    -0.9668
			    -0.3499    -0.2193    -0.9108
			    0.7040    0.6306    0.3268
			    -0.5752    0.2363    0.7831
			    0.4166    -0.7393    0.5291
			    -0.7040    -0.6306    -0.3268
			    0.5752    -0.2363    -0.7831
			    -0.4166    0.7393    -0.5291
		b:
			    -379.6414
			    -564.5659
			    -193.9698
			    -158.3105
			    -369.0542
			    -449.4339
			    595.4386
			    197.8003
			    -106.6586
			    -582.4386
			    -181.8003
			    118.6586
	==================================================================================
	Q4:
		Shape: Polyhedra
		q_c:    287.0000    506.0000    292.5000
		ub :    294.8016    518.1830    305.0173
		lb :    279.1984    493.8170    279.9827
		A:
			    0.3416    0.7624    0.5496
			    0.8667    -0.1900    0.4613
			    -0.2499    -0.1693    0.9533
			    0.6148    -0.6480    -0.4496
			    -0.7643    0.4573    0.4547
			    0.7393    0.4630    0.4890
			    0.0098    0.7347    0.6784
			    -0.2803    0.6532    -0.7034
			    -0.9599    -0.1833    0.2124
			    -0.0098    -0.7347    -0.6784
			    0.2803    -0.6532    0.7034
			    0.9599    0.1833    -0.2124
		b:
			    650.4633
			    295.6681
			    129.8814
			    -276.7354
			    150.7200
			    595.4253
			    578.9705
			    54.8253
			    -301.1066
			    -566.9705
			    -33.8253
			    311.1066
	==================================================================================
	Q5:
		Shape: Hybrid
		q_c:    283.0000    482.0000    291.5000
		ub :    296.1959    492.3209    303.8153
		lb :    269.8041    471.6791    279.1847
		P^-1: 
			    0.0532    0.0400    -0.0563
			    0.0400    0.0463    -0.0503
			    -0.0563    -0.0503    0.0788
		A:
			    -0.0382    0.0989    0.9944
			    -0.6835    -0.5819    0.4407
			    0.5128    0.6614    -0.5473
			    -0.4310    -0.7309    0.5292
			    0.6551    0.3041    -0.6916
			    -0.5551    -0.5341    0.6376
		b:
			    333.7084
			    -342.7664
			    306.4015
			    -317.3757
			    132.3888
			    -227.3481
	==================================================================================
	Q6:
		Shape: Ellipse
		q_c:    267.5000    486.5000    293.0000
		ub :    279.6697    500.2703    306.4297
		lb :    255.3303    472.7297    279.5703
		P^-1: 
			    0.0134    0.0006    0.0013
			    0.0006    0.0070    -0.0001
			    0.0013    -0.0001    0.0094


===========================================================================================
===========================================================================================
S4:
	q_c:    197.5000    129.5000    302.5000
	ub :    221.0000    154.0000    327.0000
	lb :    174.0000    105.0000    278.0000

	==================================================================================
	Q1:
		Shape: Hybrid
		q_c:    203.0000    123.5000    321.5000
		ub :    217.8779    137.6252    335.1365
		lb :    188.1221    109.3748    307.8635
		P^-1: 
			    0.0142    0.0044    0.0009
			    0.0044    0.0116    0.0012
			    0.0009    0.0012    0.0102
		A:
			    -0.7119    -0.6046    -0.3572
			    -0.4991    -0.8664    -0.0143
			    0.7792    -0.6220    -0.0779
			    0.0432    -0.1436    -0.9887
			    -0.9780    0.1852    -0.0955
			    0.0045    -0.1945    -0.9809
		b:
			    -330.1912
			    -208.4394
			    63.2822
			    -320.7014
			    -200.5836
			    -332.4056
	==================================================================================
	Q2:
		Shape: Ellipse
		q_c:    209.0000    134.5000    323.0000
		ub :    219.3895    140.9328    332.9727
		lb :    198.6105    128.0672    313.0273
		P^-1: 
			    0.0303    -0.0062    0.0196
			    -0.0062    0.0579    -0.0029
			    0.0196    -0.0029    0.0375
	==================================================================================
	Q3:
		Shape: Polyhedra
		q_c:    175.5000    114.5000    319.5000
		ub :    186.8703    124.6557    330.9458
		lb :    164.1297    104.3443    308.0542
		A:
			    0.6150    0.1443    0.7752
			    0.1476    -0.0538    -0.9876
			    -0.5351    0.8448    -0.0028
			    -0.4863    -0.8738    -0.0069
			    -0.1159    0.9894    -0.0872
			    0.6465    -0.0389    0.7619
			    0.1342    0.7077    0.6936
			    -0.9471    -0.1143    0.3000
			    0.2916    -0.6972    0.6549
			    -0.1342    -0.7077    -0.6936
			    0.9471    0.1143    -0.3000
			    -0.2916    0.6972    -0.6549
		b:
			    378.9538
			    -288.8349
			    9.0358
			    -180.3360
			    71.7353
			    359.4455
			    332.2104
			    -74.4666
			    187.5848
			    -320.2104
			    92.4666
			    -173.5848
	==================================================================================
	Q4:
		Shape: Ellipse
		q_c:    205.0000    118.5000    313.5000
		ub :    218.1938    132.6074    324.3885
		lb :    191.8062    104.3926    302.6115
		P^-1: 
			    0.0168    0.0099    -0.0147
			    0.0099    0.0242    -0.0218
			    -0.0147    -0.0218    0.0406
	==================================================================================
	Q5:
		Shape: Hybrid
		q_c:    211.5000    112.5000    313.5000
		ub :    224.0368    123.4438    327.4539
		lb :    198.9632    101.5562    299.5461
		P^-1: 
			    0.0266    0.0097    0.0112
			    0.0097    0.0258    0.0021
			    0.0112    0.0021    0.0162
		A:
			    -0.4923    -0.8161    -0.3026
			    0.7200    -0.6674    0.1901
			    0.7954    0.1701    0.5818
			    -0.2303    -0.1155    -0.9662
			    0.9429    -0.2199    0.2502
			    -0.1294    -0.6645    0.7360
		b:
			    -287.8825
			    142.1395
			    372.6621
			    -358.8122
			    257.7552
			    134.1812
	==================================================================================
	Q6:
		Shape: Ellipse
		q_c:    186.0000    139.0000    298.5000
		ub :    193.3031    147.5818    307.3495
		lb :    178.6969    130.4182    289.6505
		P^-1: 
			    0.0282    -0.0008    0.0011
			    -0.0008    0.0329    0.0002
			    0.0011    0.0002    0.0328


===========================================================================================
===========================================================================================
S5:
	q_c:    390.0000    497.5000    60.5000
	ub :    417.0000    501.0000    82.0000
	lb :    363.0000    494.0000    39.0000

	==================================================================================
	Q1:
		Shape: Polyhedra
		q_c:    392.5000    498.0000    58.5000
		ub :    394.8399    500.2790    60.1399
		lb :    390.1601    495.7210    56.8601
		A:
			    -0.8150    -0.5752    0.0707
			    -0.0653    0.0876    0.9940
			    -0.0256    0.8310    -0.5557
			    0.6283    0.2936    -0.7204
			    0.7287    -0.1208    -0.6740
			    -0.2605    0.5029    0.8241
			    0.6834    0.5772    0.4470
			    0.6248    -0.7792    0.0509
			    0.3777    0.2445    -0.8931
			    -0.6834    -0.5772    -0.4470
			    -0.6248    0.7792    -0.0509
			    -0.3777    -0.2445    0.8931
		b:
			    -600.7954
			    77.2501
			    372.5672
			    351.7430
			    187.6154
			    197.7185
			    583.3196
			    -138.3286
			    218.7532
			    -580.3196
			    141.3286
			    -216.7532
	==================================================================================
	Q2:
		Shape: Polyhedra
		q_c:    387.0000    500.5000    62.0000
		ub :    389.2168    503.4073    65.0684
		lb :    384.7832    497.5927    58.9316
		A:
			    -0.4272    -0.7471    0.5092
			    -0.8739    0.0738    0.4804
			    -0.9038    -0.0384    -0.4262
			    0.7758    0.6267    -0.0737
			    0.7745    -0.3509    0.5263
			    0.6408    -0.4721    0.6054
			    0.2211    0.8166    0.5332
			    -0.1666    0.5704    -0.8043
			    -0.9609    0.0890    0.2622
			    -0.2211    -0.8166    -0.5332
			    0.1666    -0.5704    0.8043
			    0.9609    -0.0890    -0.2622
		b:
			    -505.7871
			    -269.9628
			    -393.6926
			    611.0861
			    158.5819
			    51.1016
			    529.3164
			    173.1196
			    -309.5767
			    -525.3164
			    -169.1196
			    312.5767
	==================================================================================
	Q3:
		Shape: Ellipse
		q_c:    391.0000    499.5000    64.0000
		ub :    392.8842    501.7722    66.3929
		lb :    389.1158    497.2278    61.6071
		P^-1: 
			    0.7542    0.2540    0.1115
			    0.2540    0.6437    0.1324
			    0.1115    0.1324    0.2965
	==================================================================================
	Q4:
		Shape: Hybrid
		q_c:    391.5000    499.5000    63.0000
		ub :    392.7032    501.0986    64.1941
		lb :    390.2968    497.9014    61.8059
		P^-1: 
			    3.4199    1.0865    0.6607
			    1.0865    0.8444    0.2846
			    0.6607    0.2846    1.1802
		A:
			    -0.8928    0.0764    -0.4438
			    0.7062    0.5794    0.4069
			    -0.9827    0.0510    0.1780
			    -0.2776    -0.0260    -0.9604
			    0.8362    0.4978    -0.2302
			    -0.9936    0.0761    0.0835
		b:
			    -338.8400
			    591.9406
			    -347.5205
			    -181.4817
			    561.9494
			    -345.1786
	==================================================================================
	Q5:
		Shape: Ellipse
		q_c:    391.5000    502.0000    62.5000
		ub :    393.0053    503.1684    64.0129
		lb :    389.9947    500.8316    60.9871
		P^-1: 
			    1.9791    0.3313    1.7285
			    0.3313    1.0676    0.3135
			    1.7285    0.3135    2.3977
	==================================================================================
	Q6:
		Shape: Hybrid
		q_c:    392.5000    501.0000    61.0000
		ub :    394.7372    503.5802    63.3842
		lb :    390.2628    498.4198    58.6158
		P^-1: 
			    0.4444    0.0000    0.0000
			    0.0000    0.4444    0.0000
			    0.0000    0.0000    0.4444
		A:
			    -0.5595    -0.7155    0.4183
			    0.6910    0.7078    0.1467
			    0.6660    0.7341    0.1329
			    0.6749    0.2856    -0.6803
			    -0.6791    -0.5864    0.4415
			    0.5663    0.6365    0.5235
		b:
			    -551.8077
			    635.5254
			    638.0088
			    367.2727
			    -532.6562
			    573.8758


===========================================================================================
===========================================================================================
S6:
	q_c:    283.0000    202.5000    425.5000
	ub :    295.0000    221.0000    432.0000
	lb :    271.0000    184.0000    419.0000

	==================================================================================
	Q1:
		Shape: Polyhedra
		q_c:    280.5000    198.5000    422.5000
		ub :    284.9493    203.3798    427.2941
		lb :    276.0507    193.6202    417.7059
		A:
			    0.9426    -0.0546    -0.3296
			    0.4836    -0.1256    0.8662
			    -0.9751    -0.0934    -0.2009
			    0.4467    0.2943    -0.8449
			    -0.8680    -0.2674    0.4183
			    0.9094    -0.4074    -0.0843
			    0.5660    0.6641    0.4885
			    0.7619    -0.1951    -0.6176
			    -0.3148    0.7217    -0.6165
			    -0.5660    -0.6641    -0.4885
			    -0.7619    0.1951    0.6176
			    0.3148    -0.7217    0.6165
		b:
			    116.5528
			    479.8919
			    -373.9836
			    -170.8334
			    -117.3854
			    140.9656
			    500.4655
			    -83.9301
			    -202.4996
			    -493.4655
			    87.9301
			    208.4996
	==================================================================================
	Q2:
		Shape: Polyhedra
		q_c:    282.5000    208.0000    429.0000
		ub :    286.2033    211.7168    432.2709
		lb :    278.7967    204.2832    425.7291
		A:
			    -0.7176    0.4491    0.5323
			    -0.3783    0.8842    -0.2741
			    -0.1271    0.8258    -0.5494
			    0.4485    -0.7243    0.5238
			    -0.7710    0.1821    0.6102
			    0.9525    -0.2823    -0.1140
			    0.5743    0.6109    0.5450
			    0.6929    -0.7172    0.0738
			    0.4360    0.3352    -0.8352
			    -0.5743    -0.6109    -0.5450
			    -0.6929    0.7172    -0.0738
			    -0.4360    -0.3352    0.8352
		b:
			    120.6278
			    -38.9470
			    -98.2543
			    202.2635
			    83.3718
			    163.2451
			    526.5948
			    79.7285
			    -163.9188
			    -519.5948
			    -76.7285
			    166.9188
	==================================================================================
	Q3:
		Shape: Polyhedra
		q_c:    288.5000    209.0000    427.0000
		ub :    291.0425    211.8917    429.3556
		lb :    285.9575    206.1083    424.6444
		A:
			    0.1781    0.9410    0.2877
			    -0.7751    0.6310    -0.0308
			    0.2953    0.0962    0.9506
			    0.6550    -0.0864    -0.7507
			    -0.1020    -0.1179    -0.9878
			    -0.3843    0.8760    0.2914
			    0.1997    0.9737    0.1099
			    0.8083    -0.1003    -0.5802
			    -0.5539    0.2047    -0.8070
			    -0.1997    -0.9737    -0.1099
			    -0.8083    0.1003    0.5802
			    0.5539    -0.2047    0.8070
		b:
			    373.3876
			    -103.1550
			    512.7706
			    -148.1494
			    -474.2806
			    198.8565
			    310.5533
			    -34.0034
			    -460.1112
			    -305.5533
			    37.0034
			    463.1112
	==================================================================================
	Q4:
		Shape: Polyhedra
		q_c:    289.0000    208.0000    429.5000
		ub :    292.6330    210.4972    432.6096
		lb :    285.3670    205.5028    426.3904
		A:
			    0.4972    -0.0878    0.8632
			    0.3238    0.5617    0.7613
			    -0.8140    0.4446    -0.3738
			    -0.5964    0.1655    -0.7855
			    0.7144    -0.4550    0.5316
			    0.4637    0.1848    0.8665
			    0.6302    0.1485    0.7621
			    -0.7555    -0.1094    0.6460
			    0.1793    -0.9828    0.0433
			    -0.6302    -0.1485    -0.7621
			    0.7555    0.1094    -0.6460
			    -0.1793    0.9828    -0.0433
		b:
			    497.4025
			    538.8236
			    -301.5381
			    -474.1356
			    341.6755
			    545.7999
			    541.3429
			    39.8711
			    -132.0220
			    -539.3429
			    -32.8711
			    136.0220
	==================================================================================
	Q5:
		Shape: Hybrid
		q_c:    286.0000    205.0000    426.0000
		ub :    289.3410    208.0941    429.6789
		lb :    282.6590    201.9059    422.3211
		P^-1: 
			    0.2745    -0.0454    -0.1602
			    -0.0454    0.1715    0.0363
			    -0.1602    0.0363    0.2695
		A:
			    -0.7631    0.5833    0.2783
			    -0.6230    0.7258    -0.2915
			    -0.2755    0.7684    0.5776
			    -0.4569    -0.0329    0.8889
			    -0.1520    -0.8533    -0.4988
			    0.9920    -0.1137    -0.0544
		b:
			    21.0370
			    -151.7762
			    326.0890
			    242.2820
			    -429.0930
			    238.7458
	==================================================================================
	Q6:
		Shape: Hybrid
		q_c:    285.0000    202.5000    424.5000
		ub :    288.5251    206.5804    427.6427
		lb :    281.4749    198.4196    421.3573
		P^-1: 
			    0.2057    -0.0618    -0.0191
			    -0.0618    0.1636    -0.0267
			    -0.0191    -0.0267    0.2418
		A:
			    -0.2758    0.9391    -0.2050
			    -0.6407    -0.2977    0.7077
			    -0.8900    0.4546    -0.0359
			    0.9458    0.3236    0.0262
			    -0.6535    0.5708    -0.4971
			    0.4926    -0.3834    0.7812
		b:
			    25.8622
			    58.7775
			    -175.8278
			    347.8861
			    -280.6768
			    395.4320


===========================================================================================
===========================================================================================
S7:
	q_c:    147.5000    511.0000    22.0000
	ub :    170.0000    531.0000    44.0000
	lb :    125.0000    491.0000    0.0000

	==================================================================================
	Q1:
		Shape: Ellipse
		q_c:    129.0000    500.5000    0.0000
		ub :    138.7819    509.5976    9.1727
		lb :    119.2181    491.4024    -9.1727
		P^-1: 
			    0.0216    0.0100    0.0108
			    0.0100    0.0402    0.0007
			    0.0108    0.0007    0.0414
	==================================================================================
	Q2:
		Shape: Hybrid
		q_c:    156.0000    518.5000    10.5000
		ub :    171.3719    532.6655    24.0222
		lb :    140.6281    504.3345    -3.0222
		P^-1: 
			    0.0237    0.0118    -0.0166
			    0.0118    0.0162    -0.0121
			    -0.0166    -0.0121    0.0246
		A:
			    0.9105    0.1993    -0.3624
			    0.7797    0.1505    -0.6078
			    -0.2640    0.9416    0.2091
			    -0.3258    -0.1847    0.9272
			    -0.2562    -0.5348    -0.8052
			    0.4064    0.6818    0.6083
		b:
			    245.9657
			    196.7732
			    458.3911
			    -132.3112
			    -316.5282
			    432.3826
	==================================================================================
	Q3:
		Shape: Ellipse
		q_c:    158.0000    524.0000    15.0000
		ub :    165.0220    533.6200    22.5519
		lb :    150.9780    514.3800    7.4481
		P^-1: 
			    0.0762    0.0013    -0.0429
			    0.0013    0.0125    0.0003
			    -0.0429    0.0003    0.0584
	==================================================================================
	Q4:
		Shape: Hybrid
		q_c:    147.5000    512.5000    28.0000
		ub :    159.6366    527.1301    42.5916
		lb :    135.3634    497.8699    13.4084
		P^-1: 
			    0.0219    -0.0070    0.0070
			    -0.0070    0.0196    0.0082
			    0.0070    0.0082    0.0196
		A:
			    0.7510    -0.5596    -0.3507
			    -0.5548    0.5778    0.5986
			    -0.4292    0.9017    0.0515
			    0.3441    -0.9348    -0.0877
			    -0.4560    -0.4630    -0.7601
			    0.2835    -0.7313    -0.6204
		b:
			    -182.0531
			    235.0602
			    404.2596
			    -426.5525
			    -322.8071
			    -347.2618
	==================================================================================
	Q5:
		Shape: Hybrid
		q_c:    134.5000    509.0000    42.5000
		ub :    149.6840    523.8947    59.8660
		lb :    119.3160    494.1053    25.1340
		P^-1: 
			    0.0099    0.0002    -0.0002
			    0.0002    0.0097    0.0004
			    -0.0002    0.0004    0.0095
		A:
			    0.0344    0.9912    0.1281
			    -0.2560    -0.8507    0.4592
			    -0.0984    0.8683    0.4862
			    0.8405    0.5416    -0.0172
			    0.0112    0.7543    0.6564
			    0.1849    0.5412    -0.8203
		b:
			    519.6992
			    -442.6264
			    454.4287
			    392.9820
			    418.3410
			    270.8191
	==================================================================================
	Q6:
		Shape: Ellipse
		q_c:    149.0000    497.0000    42.5000
		ub :    162.6676    506.9498    56.8448
		lb :    135.3324    487.0502    28.1552
		P^-1: 
			    0.0363    0.0288    0.0185
			    0.0288    0.0547    0.0096
			    0.0185    0.0096    0.0201


===========================================================================================
===========================================================================================
S8:
	q_c:    350.5000    134.0000    407.5000
	ub :    368.0000    150.0000    424.0000
	lb :    333.0000    118.0000    391.0000

	==================================================================================
	Q1:
		Shape: Ellipse
		q_c:    351.5000    148.5000    413.5000
		ub :    359.4262    155.3451    422.1019
		lb :    343.5738    141.6549    404.8981
		P^-1: 
			    0.0588    -0.0517    0.0216
			    -0.0517    0.1139    -0.0360
			    0.0216    -0.0360    0.0428
	==================================================================================
	Q2:
		Shape: Ellipse
		q_c:    355.0000    122.5000    405.5000
		ub :    366.4330    135.0711    418.0908
		lb :    343.5670    109.9289    392.9092
		P^-1: 
			    0.0173    0.0009    0.0004
			    0.0009    0.0144    0.0009
			    0.0004    0.0009    0.0155
	==================================================================================
	Q3:
		Shape: Polyhedra
		q_c:    345.0000    132.0000    410.5000
		ub :    352.2536    136.5965    416.9225
		lb :    337.7464    127.4035    404.0775
		A:
			    -0.6336    -0.7635    0.1251
			    -0.2497    0.6279    -0.7371
			    0.8602    0.2041    0.4674
			    -0.7870    0.0539    -0.6146
			    -0.7472    -0.4906    -0.4483
			    -0.5843    -0.7496    -0.3109
			    0.6206    0.1478    0.7701
			    -0.7634    0.3383    0.5502
			    -0.1792    -0.9293    0.3228
			    -0.6206    -0.1478    -0.7701
			    0.7634    -0.3383    -0.5502
			    0.1792    0.9293    -0.3228
		b:
			    -265.1308
			    -303.6310
			    518.8514
			    -513.5965
			    -503.9576
			    -425.8825
			    552.2310
			    14.1621
			    -49.9975
			    -547.2310
			    -0.1621
			    53.9975
	==================================================================================
	Q4:
		Shape: Polyhedra
		q_c:    358.0000    120.5000    396.5000
		ub :    367.2591    130.7961    406.0223
		lb :    348.7409    110.2039    386.9777
		A:
			    0.4907    0.1493    -0.8584
			    -0.6290    -0.7606    0.1609
			    0.9453    0.3146    -0.0864
			    0.6280    -0.7072    -0.3248
			    0.6904    -0.2341    -0.6846
			    0.9045    -0.4243    0.0429
			    0.3946    0.8294    0.3955
			    0.5255    -0.5568    0.6433
			    0.7538    -0.0460    -0.6555
			    -0.3946    -0.8294    -0.3955
			    -0.5255    0.5568    -0.6433
			    -0.7538    0.0460    0.6555
		b:
			    -142.4355
			    -245.7018
			    348.1715
			    16.4592
			    -48.2255
			    294.5852
			    406.5226
			    381.6052
			    8.4052
			    -389.5226
			    -370.6052
			    -0.4052
	==================================================================================
	Q5:
		Shape: Hybrid
		q_c:    338.0000    137.5000    407.0000
		ub :    348.0391    147.5941    414.5585
		lb :    327.9609    127.4059    399.4415
		P^-1: 
			    0.0281    0.0127    0.0058
			    0.0127    0.0335    0.0053
			    0.0058    0.0053    0.0386
		A:
			    0.1503    0.9749    -0.1640
			    -0.1607    -0.9245    -0.3458
			    0.4405    0.8716    -0.2153
			    -0.0090    -0.1975    -0.9803
			    -0.1271    -0.3054    -0.9437
			    -0.2652    0.5286    -0.8064
		b:
			    121.5806
			    -319.0693
			    184.0334
			    -426.2987
			    -466.3606
			    -341.4619
	==================================================================================
	Q6:
		Shape: Polyhedra
		q_c:    347.0000    129.5000    415.5000
		ub :    355.6698    139.5592    425.9509
		lb :    338.3302    119.4408    405.0491
		A:
			    -0.8438    -0.2260    0.4868
			    -0.4509    0.2117    -0.8671
			    -0.4901    0.4557    0.7431
			    -0.6373    0.4952    -0.5904
			    -0.6854    0.3277    -0.6503
			    0.5884    -0.6072    -0.5339
			    0.5610    0.5723    0.5981
			    -0.1460    0.7796    -0.6091
			    -0.8148    0.2544    0.5209
			    -0.5610    -0.5723    -0.5981
			    0.1460    -0.7796    0.6091
			    0.8148    -0.2544    -0.5209
		b:
			    -114.4366
			    -482.8248
			    202.9899
			    -396.0145
			    -459.1977
			    -90.9993
			    523.7902
			    -196.2744
			    -28.3601
			    -510.7902
			    209.2744
			    38.3601


===========================================================================================
===========================================================================================
S9:
	q_c:    220.5000    177.0000    198.0000
	ub :    232.0000    187.0000    214.0000
	lb :    209.0000    167.0000    182.0000

	==================================================================================
	Q1:
		Shape: Ellipse
		q_c:    220.0000    173.5000    202.5000
		ub :    225.3619    178.7172    205.9924
		lb :    214.6381    168.2828    199.0076
		P^-1: 
			    0.0852    0.0020    0.0161
			    0.0020    0.0828    0.0093
			    0.0161    0.0093    0.1553
	==================================================================================
	Q2:
		Shape: Ellipse
		q_c:    215.0000    168.0000    191.5000
		ub :    219.9926    172.0149    196.9686
		lb :    210.0074    163.9851    186.0314
		P^-1: 
			    0.2493    0.1824    0.0606
			    0.1824    0.2393    0.0549
			    0.0606    0.0549    0.0677
	==================================================================================
	Q3:
		Shape: Polyhedra
		q_c:    228.5000    171.0000    192.0000
		ub :    236.0257    178.7883    197.5586
		lb :    220.9743    163.2117    186.4414
		A:
			    0.5626    0.5576    -0.6104
			    0.0820    0.6194    -0.7808
			    -0.7508    -0.5597    0.3509
			    -0.3394    0.4226    -0.8404
			    -0.1843    -0.8239    0.5360
			    0.8862    -0.1495    0.4385
			    0.7220    0.4549    0.5212
			    -0.3334    -0.4314    0.8383
			    0.6062    -0.7791    -0.1598
			    -0.7220    -0.4549    -0.5212
			    0.3334    0.4314    -0.8383
			    -0.6062    0.7791    0.1598
		b:
			    109.8343
			    -21.8652
			    -196.4505
			    -162.7668
			    -76.2600
			    265.8829
			    346.8586
			    14.0114
			    -19.3772
			    -338.8586
			    -8.0114
			    31.3772
	==================================================================================
	Q4:
		Shape: Ellipse
		q_c:    219.0000    176.5000    202.5000
		ub :    222.5773    183.2034    209.0890
		lb :    215.4227    169.7966    195.9110
		P^-1: 
			    0.1541    -0.0208    -0.0136
			    -0.0208    0.0535    0.0027
			    -0.0136    0.0027    0.0512
	==================================================================================
	Q5:
		Shape: Hybrid
		q_c:    230.0000    183.5000    200.0000
		ub :    235.0104    188.6426    203.8202
		lb :    224.9896    178.3574    196.1798
		P^-1: 
			    0.0942    -0.0206    -0.0125
			    -0.0206    0.1155    0.0196
			    -0.0125    0.0196    0.1430
		A:
			    0.5404    0.3324    -0.7730
			    -0.0253    0.7414    0.6706
			    0.6979    0.6571    -0.2847
			    0.9138    0.1512    -0.3770
			    0.3288    0.2976    0.8963
			    -0.4695    -0.2328    -0.8517
		b:
			    32.4690
			    265.7583
			    226.3456
			    164.5436
			    311.0728
			    -319.3366
	==================================================================================
	Q6:
		Shape: Polyhedra
		q_c:    213.5000    174.0000    190.5000
		ub :    219.8622    181.0719    195.8354
		lb :    207.1378    166.9281    185.1646
		A:
			    0.1464    0.9312    0.3338
			    0.2347    -0.1349    -0.9627
			    -0.0226    -0.1637    -0.9862
			    -0.5025    -0.6601    0.5584
			    0.2418    0.9406    -0.2385
			    -0.7946    0.2031    -0.5722
			    0.2238    0.9725    0.0644
			    0.8694    -0.1693    -0.4643
			    -0.4406    0.1599    -0.8834
			    -0.2238    -0.9725    -0.0644
			    -0.8694    0.1693    0.4643
			    0.4406    -0.1599    0.8834
		b:
			    262.7225
			    -152.9509
			    -217.4236
			    -110.6653
			    175.6850
			    -239.6962
			    235.2686
			    71.7120
			    -231.0197
			    -223.2686
			    -63.7120
			    238.0197


===========================================================================================
===========================================================================================
S10:
	q_c:    256.0000    130.5000    296.5000
	ub :    269.0000    153.0000    319.0000
	lb :    243.0000    108.0000    274.0000

	==================================================================================
	Q1:
		Shape: Ellipse
		q_c:    266.0000    129.5000    299.0000
		ub :    273.1682    136.9783    304.5341
		lb :    258.8318    122.0217    293.4659
		P^-1: 
			    0.0431    -0.0049    0.0017
			    -0.0049    0.0480    -0.0041
			    0.0017    -0.0041    0.0608
	==================================================================================
	Q2:
		Shape: Hybrid
		q_c:    261.5000    140.0000    303.0000
		ub :    265.3440    143.6251    306.3876
		lb :    257.6560    136.3749    299.6124
		P^-1: 
			    0.2748    -0.1480    -0.1043
			    -0.1480    0.3153    -0.0910
			    -0.1043    -0.0910    0.3804
		A:
			    -0.1683    -0.3711    0.9132
			    0.1970    -0.9758    -0.0947
			    0.8460    -0.4787    -0.2349
			    0.0847    -0.5141    0.8536
			    0.1701    -0.2432    0.9549
			    -0.5741    0.6837    0.4505
		b:
			    181.4770
			    -112.4056
			    83.8897
			    209.6062
			    300.9329
			    82.9812
	==================================================================================
	Q3:
		Shape: Ellipse
		q_c:    257.5000    143.0000    286.0000
		ub :    263.5679    151.4415    294.2718
		lb :    251.4321    134.5585    277.7282
		P^-1: 
			    0.0494    0.0006    -0.0003
			    0.0006    0.0292    0.0106
			    -0.0003    0.0106    0.0439
	==================================================================================
	Q4:
		Shape: Polyhedra
		q_c:    259.5000    132.0000    288.5000
		ub :    266.2992    139.4971    294.5695
		lb :    252.7008    124.5029    282.4305
		A:
			    0.4304    0.6408    0.6357
			    0.0023    -0.9775    0.2109
			    0.3423    -0.9266    -0.1559
			    -0.2852    0.1950    -0.9384
			    -0.8556    -0.3459    0.3850
			    0.7765    0.3694    0.5105
			    0.1730    0.2870    0.9422
			    -0.9043    0.4253    0.0365
			    -0.3903    -0.8583    0.3331
			    -0.1730    -0.2870    -0.9422
			    0.9043    -0.4253    -0.0365
			    0.3903    0.8583    -0.3331
		b:
			    384.3071
			    -62.6717
			    -73.7661
			    -314.4357
			    -151.8319
			    402.1458
			    359.0949
			    -163.4985
			    -113.4715
			    -350.0949
			    172.4985
			    123.4715
	==================================================================================
	Q5:
		Shape: Hybrid
		q_c:    255.5000    135.0000    304.0000
		ub :    261.1104    137.1977    306.4217
		lb :    249.8896    132.8023    301.5783
		P^-1: 
			    0.0352    -0.0106    0.0276
			    -0.0106    0.4442    0.0007
			    0.0276    0.0007    0.4426
		A:
