3D_50_9_6_e                l = 3

===========================================================================================
===========================================================================================
S1:
	q_c:	390.0	497.5	60.5
	ub :	394.8399	503.5802	66.3929
	lb :	384.7832	495.721	56.8601

	==================================================================================
	Q1:
		Shape: Polyhedra
		q_c:	392.5	498.0	58.5
		ub :	394.8399	500.279	60.1399
		lb :	390.1601	495.721	56.8601
		A:
			-0.815	-0.5752	0.0707
			-0.0653	0.0876	0.994
			-0.0256	0.831	-0.5557
			0.6283	0.2936	-0.7204
			0.7287	-0.1208	-0.674
			-0.2605	0.5029	0.8241
			0.6834	0.5772	0.447
			0.6248	-0.7792	0.0509
			0.3777	0.2445	-0.8931
			-0.6834	-0.5772	-0.447
			-0.6248	0.7792	-0.0509
			-0.3777	-0.2445	0.8931
		b:
			-600.7954
			77.2501
			372.5672
			351.743
			187.6154
			197.7185
			583.3196
			-138.3286
			218.7532
			-580.3196
			141.3286
			-216.7532
	==================================================================================
	Q2:
		Shape: Polyhedra
		q_c:	387.0	500.5	62.0
		ub :	389.2168	503.4073	65.0684
		lb :	384.7832	497.5927	58.9316
		A:
			-0.4272	-0.7471	0.5092
			-0.8739	0.0738	0.4804
			-0.9038	-0.0384	-0.4262
			0.7758	0.6267	-0.0737
			0.7745	-0.3509	0.5263
			0.6408	-0.4721	0.6054
			0.2211	0.8166	0.5332
			-0.1666	0.5704	-0.8043
			-0.9609	0.089	0.2622
			-0.2211	-0.8166	-0.5332
			0.1666	-0.5704	0.8043
			0.9609	-0.089	-0.2622
		b:
			-505.7871
			-269.9628
			-393.6926
			611.0861
			158.5819
			51.1016
			529.3164
			173.1196
			-309.5767
			-525.3164
			-169.1196
			312.5767
	==================================================================================
	Q3:
		Shape: Ellipse
		q_c:	391.0	499.5	64.0
		ub :	392.8842	501.7722	66.3929
		lb :	389.1158	497.2278	61.6071
		P^-1:
			0.7542	0.254	0.1115
			0.254	0.6437	0.1324
			0.1115	0.1324	0.2965
	==================================================================================
	Q4:
		Shape: Hybrid
		q_c:	391.5	499.5	63.0
		ub :	392.7032	501.0986	64.1941
		lb :	390.2968	497.9014	61.8059
		P^-1:
			3.4199	1.0865	0.6607
			1.0865	0.8444	0.2846
			0.6607	0.2846	1.1802
		A:
			-0.8928	0.0764	-0.4438
			0.7062	0.5794	0.4069
			-0.9827	0.051	0.178
			-0.2776	-0.026	-0.9604
			0.8362	0.4978	-0.2302
			-0.9936	0.0761	0.0835
		b:
			-338.84
			591.9406
			-347.5205
			-181.4817
			561.9494
			-345.1786
	==================================================================================
	Q5:
		Shape: Ellipse
		q_c:	391.5	502.0	62.5
		ub :	393.0053	503.1684	64.0129
		lb :	389.9947	500.8316	60.9871
		P^-1:
			1.9791	0.3313	1.7285
			0.3313	1.0676	0.3135
			1.7285	0.3135	2.3977
	==================================================================================
	Q6:
		Shape: Hybrid
		q_c:	392.5	501.0	61.0
		ub :	394.7372	503.5802	63.3842
		lb :	390.2628	498.4198	58.6158
		P^-1:
			0.4444	0.0	0.0
			0.0	0.4444	0.0
			0.0	0.0	0.4444
		A:
			-0.5595	-0.7155	0.4183
			0.691	0.7078	0.1467
			0.666	0.7341	0.1329
			0.6749	0.2856	-0.6803
			-0.6791	-0.5864	0.4415
			0.5663	0.6365	0.5235
		b:
			-551.8077
			635.5254
			638.0088
			367.2727
			-532.6562
			573.8758


===========================================================================================
===========================================================================================
S2:
	q_c:	129.0	113.0	372.5
	ub :	149.0324	131.5076	390.7258
	lb :	107.7695	101.4297	350.5598

	==================================================================================
	Q1:
		Shape: Ellipse
		q_c:	115.0	108.0	374.5
		ub :	122.2305	114.5703	382.2954
		lb :	107.7695	101.4297	366.7046
		P^-1:
			0.0463	0.0099	-0.0041
			0.0099	0.0554	-0.0038
			-0.0041	-0.0038	0.0212
	==================================================================================
	Q2:
		Shape: Polyhedra
		q_c:	125.0	118.0	361.0
		ub :	131.9248	128.894	371.4402
		lb :	118.0752	107.106	350.5598
		A:
			0.7838	-0.1012	-0.6127
			0.8418	-0.4832	-0.2405
			0.6042	-0.3618	-0.71
			-0.8057	0.2718	0.5262
			-0.8695	0.4612	0.1769
			-0.6871	-0.2456	0.6838
			0.6261	0.6184	0.475
			-0.0944	0.6648	-0.7411
			-0.774	0.4191	0.4746
			-0.6261	-0.6184	-0.475
			0.0944	-0.6648	0.7411
			0.774	-0.4191	-0.4746
		b:
			-132.0769
			-36.1395
			-220.7286
			123.281
			12.459
			137.3525
			330.7009
			-192.8799
			125.5217
			-314.7009
			208.8799
			-122.5217
	==================================================================================
	Q3:
		Shape: Ellipse
		q_c:	141.5	118.5	364.0
		ub :	149.0324	126.845	371.8831
		lb :	133.9676	110.155	356.1169
		P^-1:
			0.0646	-0.0227	0.0006
			-0.0227	0.0467	0.014
			0.0006	0.014	0.0433
	==================================================================================
	Q4:
		Shape: Ellipse
		q_c:	136.0	119.0	380.5
		ub :	143.7662	129.0874	390.7258
		lb :	128.2338	108.9126	370.2742
		P^-1:
			0.0368	-0.0051	-0.0051
			-0.0051	0.0265	-0.002
			-0.0051	-0.002	0.0249
	==================================================================================
	Q5:
		Shape: Ellipse
		q_c:	136.5	114.0	366.5
		ub :	145.7521	124.6165	376.7515
		lb :	127.2479	103.3835	356.2485
		P^-1:
			0.0471	-0.0209	-0.0019
			-0.0209	0.0342	-0.0002
			-0.0019	-0.0002	0.0195
	==================================================================================
	Q6:
		Shape: Hybrid
		q_c:	127.5	121.5	370.0
		ub :	135.6463	131.5076	380.0222
		lb :	119.3537	111.4924	359.9778
		P^-1:
			0.0429	-0.0094	0.006
			-0.0094	0.0283	-0.003
			0.006	-0.003	0.0256
		A:
			0.4667	0.6771	-0.5691
			-0.6674	0.7307	-0.1438
			0.8584	0.0079	-0.5129
			-0.8357	0.5322	-0.1356
			-0.5854	0.5794	-0.5671
			-0.9268	-0.0012	-0.3756
		b:
			-64.5445
			-46.9285
			-75.7372
			-89.7217
			-211.3877
			-254.595


===========================================================================================
===========================================================================================
S3:
	q_c:	121.5	276.0	76.0
	ub :	145.8727	302.8632	94.8104
	lb :	100.2074	241.4741	43.9616

	==================================================================================
	Q1:
		Shape: Hybrid
		q_c:	120.5	289.5	82.5
		ub :	133.4534	301.8117	94.8104
		lb :	107.5466	277.1883	70.1896
		P^-1:
			0.0137	-0.0033	0.0019
			-0.0033	0.0204	-0.0041
			0.0019	-0.0041	0.013
		A:
			0.6113	-0.0484	0.7899
			-0.465	-0.1934	-0.8639
			-0.4355	-0.534	-0.7247
			0.2407	-0.2721	0.9317
			0.5384	-0.8427	-0.0006
			-0.1057	0.9564	0.2723
		b:
			129.997
			-177.5325
			-260.86
			32.0756
			-175.2739
			291.2669
	==================================================================================
	Q2:
		Shape: Polyhedra
		q_c:	132.0	284.5	66.0
		ub :	145.1586	294.7111	77.1005
		lb :	118.8414	274.2889	54.8995
		A:
			0.5081	-0.8322	0.2222
			0.2699	-0.9007	0.3404
			-0.5783	0.6176	0.5331
			0.6352	-0.3841	-0.6701
			-0.0237	0.9717	0.2349
			-0.5555	0.7298	0.3987
			0.9042	0.3342	0.2661
			-0.0796	-0.4801	0.8736
			0.4197	-0.8111	-0.4075
			-0.9042	-0.3342	-0.2661
			0.0796	0.4801	-0.8736
			-0.4197	0.8111	0.4075
		b:
			-149.3743
			-192.4295
			138.5277
			-64.2487
			294.4844
			164.1415
			244.4804
			-81.9577
			-199.2441
			-219.4804
			96.9577
			205.2441
	==================================================================================
	Q3:
		Shape: Ellipse
		q_c:	109.0	287.0	64.0
		ub :	112.311	291.5227	68.9292
		lb :	105.689	282.4773	59.0708
		P^-1:
			0.2175	-0.0429	-0.0093
			-0.0429	0.1735	0.0453
			-0.0093	0.0453	0.0815
	==================================================================================
	Q4:
		Shape: Ellipse
		q_c:	134.5	264.0	62.5
		ub :	145.8727	277.4801	76.7413
		lb :	123.1273	250.5199	48.2587
		P^-1:
			0.0156	-0.0001	0.0001
			-0.0001	0.0121	0.0019
			0.0001	0.0019	0.0146
	==================================================================================
	Q5:
		Shape: Hybrid
		q_c:	114.0	257.5	75.5
		ub :	127.7926	273.5259	91.4672
		lb :	100.2074	241.4741	59.5328
		P^-1:
			0.0108	0.0004	-0.0005
			0.0004	0.0092	-0.0001
			-0.0005	-0.0001	0.0092
		A:
			0.7369	-0.5377	-0.4096
			0.5791	-0.5422	0.6088
			-0.9257	0.3776	-0.0203
			-0.8568	0.512	0.0612
			-0.4714	-0.8273	0.3056
			0.502	-0.7455	-0.4384
		b:
			-80.0726
			-21.9375
			-4.6603
			44.05
			-238.4445
			-162.2654
	==================================================================================
	Q6:
		Shape: Polyhedra
		q_c:	115.0	292.0	56.5
		ub :	124.1652	302.8632	69.0384
		lb :	105.8348	281.1368	43.9616
		A:
			-0.1937	-0.9811	0.0012
			0.4226	-0.8609	0.2833
			-0.6507	0.6949	-0.3061
			0.5579	-0.6878	0.4644
			0.3102	0.8327	0.4588
			0.3004	-0.771	0.5615
			0.0245	0.4891	0.8719
			-0.471	0.7749	-0.4215
			-0.8818	-0.4003	0.2493
			-0.0245	-0.4891	-0.8719
			0.471	-0.7749	0.4215
			0.8818	0.4003	-0.2493
		b:
			-301.4144
			-183.3346
			114.3008
			-107.2396
			314.2979
			-155.315
			205.4006
			151.3032
			-195.7086
			-184.4006
			-145.3032
			212.7086


===========================================================================================
===========================================================================================
S4:
	q_c:	251.5	257.5	503.5
	ub :	278.5141	282.7987	526.9062
	lb :	226.4452	239.3967	476.4843

	==================================================================================
	Q1:
		Shape: Polyhedra
		q_c:	238.0	273.0	515.5
		ub :	249.5548	282.7987	526.9062
		lb :	226.4452	263.2013	504.0938
		A:
			-0.1812	0.9555	-0.2326
			0.0631	-0.9569	0.2833
			0.2773	-0.8488	0.4502
			-0.9297	-0.1645	0.3296
			0.0823	-0.9623	0.2594
			-0.4891	-0.8683	0.0822
			0.5039	0.4892	0.7118
			0.693	0.2629	-0.6713
			-0.5155	0.8316	-0.2066
			-0.5039	-0.4892	-0.7118
			-0.693	-0.2629	0.6713
			0.5155	-0.8316	0.2066
		b:
			103.2035
			-94.5447
			71.7137
			-88.9132
			-103.7906
			-304.1299
			627.9447
			-101.8478
			2.8443
			-612.9447
			116.8478
			7.1557
	==================================================================================
	Q2:
		Shape: Polyhedra
		q_c:	240.5	256.0	500.0
		ub :	253.6371	268.5285	514.6369
		lb :	227.3629	243.4715	485.3631
		A:
			-0.5791	-0.2991	0.7584
			0.9125	-0.3961	0.1027
			0.6057	0.2444	-0.7573
			0.4306	0.6022	-0.6723
			0.1183	-0.992	-0.0436
			-0.0261	-0.8575	-0.5138
			0.7244	0.4284	0.54
			0.6776	-0.2984	-0.6722
			-0.1269	0.8529	-0.5064
			-0.7244	-0.4284	-0.54
			-0.6776	0.2984	0.6722
			0.1269	-0.8529	0.5064
		b:
			172.9062
			178.2588
			-160.6679
			-69.8871
			-239.2867
			-474.2382
			560.9214
			-239.0414
			-57.8946
			-546.9214
			260.0414
			72.8946
	==================================================================================
	Q3:
		Shape: Ellipse
		q_c:	241.5	248.0	506.5
		ub :	251.315	256.6033	516.3385
		lb :	231.685	239.3967	496.6615
		P^-1:
			0.0295	0.0161	0.0101
			0.0161	0.0487	0.0083
			0.0101	0.0083	0.0298
	==================================================================================
	Q4:
		Shape: Ellipse
		q_c:	256.5	254.0	511.5
		ub :	263.9411	262.2071	521.8751
		lb :	249.0589	245.7929	501.1249
		P^-1:
			0.0704	-0.0091	-0.02
			-0.0091	0.0416	0.0119
			-0.02	0.0119	0.022
	==================================================================================
	Q5:
		Shape: Ellipse
		q_c:	269.5	250.0	506.5
		ub :	278.5141	255.6948	515.0161
		lb :	260.4859	244.3052	497.9839
		P^-1:
			0.0248	-0.0014	0.0017
			-0.0014	0.0399	0.0004
			0.0017	0.0004	0.0268
	==================================================================================
	Q6:
		Shape: Ellipse
		q_c:	241.0	271.5	488.0
		ub :	251.2407	281.6051	499.5157
		lb :	230.7593	261.3949	476.4843
		P^-1:
			0.0213	0.0037	0.0021
			0.0037	0.0208	0.0084
			0.0021	0.0084	0.0252


===========================================================================================
===========================================================================================
S5:
	q_c:	255.5	280.0	289.5
	ub :	274.9802	300.3057	310.0596
	lb :	240.3446	260.8626	274.9252

	==================================================================================
	Q1:
		Shape: Polyhedra
		q_c:	266.0	283.5	303.0
		ub :	274.9802	292.3593	310.0596
		lb :	257.0198	274.6407	295.9404
		A:
			-0.2418	-0.1692	-0.9555
			-0.9019	0.0547	0.4284
			0.8654	0.282	0.4142
			0.3093	-0.6256	0.7162
			-0.0225	-0.5735	0.8189
			-0.2601	-0.8375	-0.4806
			0.3402	0.2036	0.9181
			-0.738	-0.5473	0.3948
			0.5828	-0.8118	-0.0359
			-0.3402	-0.2036	-0.9181
			0.738	0.5473	-0.3948
			-0.5828	0.8118	0.0359
		b:
			-396.2976
			-89.3276
			440.8459
			127.7752
			84.8685
			-446.6007
			431.8772
			-227.3258
			-79.5031
			-420.8772
			236.3258
			92.5031
	==================================================================================
	Q2:
		Shape: Hybrid
		q_c:	264.5	268.5	288.5
		ub :	273.1019	276.1374	296.4672
		lb :	255.8981	260.8626	280.5328
		P^-1:
			0.0219	0.0007	0.006
			0.0007	0.0432	0.0143
			0.006	0.0143	0.0509
		A:
			-0.2445	0.5132	0.8227
			0.4195	-0.7849	0.4561
			0.0556	-0.9068	-0.418
			0.8589	0.3477	-0.3761
			-0.4639	-0.0068	-0.8859
			0.1154	0.9905	-0.0753
		b:
			313.0159
			35.3633
			-346.8938
			216.9196
			-377.3265
			277.9644
	==================================================================================
	Q3:
		Shape: Hybrid
		q_c:	248.5	292.5	295.0
		ub :	255.5036	300.3057	303.1318
		lb :	241.4964	284.6943	286.8682
		P^-1:
			0.0606	-0.0187	0.0206
			-0.0187	0.0566	0.0087
			0.0206	0.0087	0.0507
		A:
			0.5061	0.802	0.3173
			0.217	0.7931	0.5691
			0.934	0.0214	0.3565
			0.3325	-0.9268	0.1747
			-0.494	0.7245	-0.4808
			0.3082	0.273	0.9113
		b:
			456.9744
			456.1397
			345.8365
			-134.4604
			-50.3786
			427.6019
	==================================================================================
	Q4:
		Shape: Ellipse
		q_c:	254.0	276.0	284.0
		ub :	260.0501	285.2628	293.0748
		lb :	247.9499	266.7372	274.9252
		P^-1:
			0.0725	-0.0192	-0.0089
			-0.0192	0.0309	0.0045
			-0.0089	0.0045	0.0224
	==================================================================================
	Q5:
		Shape: Polyhedra
		q_c:	267.0	287.5	292.0
		ub :	271.1233	296.3689	300.247
		lb :	262.8767	278.6311	283.753
		A:
			0.2891	0.6288	-0.7219
			0.9865	-0.1604	-0.0319
			-0.8435	0.476	-0.2487
			0.7915	0.3842	-0.4753
			0.8516	0.1327	-0.5071
			0.9718	-0.2297	-0.0535
			0.2027	0.7498	0.6299
			0.9238	0.0669	-0.3769
			-0.3247	0.6583	-0.6791
			-0.2027	-0.7498	-0.6299
			-0.9238	-0.0669	0.3769
			0.3247	-0.6583	0.6791
		b:
			49.5023
			209.7681
			-158.8527
			185.1588
			119.069
			179.5293
			463.1069
			157.3331
			-93.2396
			-444.1069
			-154.3331
			98.2396
	==================================================================================
	Q6:
		Shape: Ellipse
		q_c:	246.0	281.5	296.5
		ub :	251.6554	287.2927	304.0705
		lb :	240.3446	275.7073	288.9295
		P^-1:
			0.1434	-0.0876	0.0018
			-0.0876	0.1728	0.035
			0.0018	0.035	0.0391


===========================================================================================
===========================================================================================
S6:
	q_c:	71.0	500.0	225.5
	ub :	79.4401	509.1108	233.1858
	lb :	66.3262	492.1625	218.4847

	==================================================================================
	Q1:
		Shape: Hybrid
		q_c:	71.0	504.0	228.5
		ub :	75.5879	509.1108	233.1858
		lb :	66.4121	498.8892	223.8142
		P^-1:
			0.1111	-0.0	-0.0
			-0.0	0.1111	0.0
			-0.0	0.0	0.1111
		A:
			0.311	0.8264	0.4694
			-0.2559	-0.8322	0.492
			-0.5359	0.4809	0.694
			0.5595	-0.1038	0.8223
			-0.0612	-0.9915	0.1146
			0.0149	0.9815	-0.1909
		b:
			547.347
			-323.6659
			364.3972
			176.8059
			-476.4012
			453.6188
	==================================================================================
	Q2:
		Shape: Polyhedra
		q_c:	71.5	503.5	224.0
		ub :	73.6614	505.4293	226.3336
		lb :	69.3386	501.5707	221.6664
		A:
			0.6371	0.2456	0.7306
			0.1575	0.9854	-0.0652
			-0.0207	0.9952	0.0956
			0.4005	0.4603	0.7923
			0.7758	-0.4811	-0.4082
			0.305	-0.6286	0.7154
			0.8426	0.1657	0.5124
			0.0635	-0.9754	0.2109
			0.5347	-0.1451	-0.8325
			-0.8426	-0.1657	-0.5124
			-0.0635	0.9754	-0.2109
			-0.5347	0.1451	0.8325
		b:
			334.3837
			494.2883
			522.525
			439.3723
			-276.7099
			-132.9373
			259.9298
			-437.8623
			-219.8037
			-256.9298
			440.8623
			222.8037
	==================================================================================
	Q3:
		Shape: Ellipse
		q_c:	75.5	497.0	229.5
		ub :	78.6152	499.726	232.6632
		lb :	72.3848	494.274	226.3368
		P^-1:
			0.321	0.0791	0.05
			0.0791	0.3382	0.0558
			0.05	0.0558	0.2853
	==================================================================================
	Q4:
		Shape: Ellipse
		q_c:	74.5	501.0	223.5
		ub :	79.4401	506.4999	228.5153
		lb :	69.5599	495.5001	218.4847
		P^-1:
			0.1087	-0.0053	-0.006
			-0.0053	0.0993	-0.0134
			-0.006	-0.0134	0.0958
	==================================================================================
	Q5:
		Shape: Polyhedra
		q_c:	75.5	495.5	224.5
		ub :	78.7087	498.8375	227.9443
		lb :	72.2913	492.1625	221.0557
		A:
			-0.6286	-0.3665	0.686
			-0.2541	0.4631	-0.8491
			0.9654	-0.1402	0.22
			0.6344	0.7019	-0.3238
			-0.3071	-0.5483	0.7779
			-0.0198	-0.9042	0.4267
			0.3702	0.5887	0.7186
			-0.6839	0.6962	-0.218
			-0.6287	-0.4107	0.6604
			-0.3702	-0.5887	-0.7186
			0.6839	-0.6962	0.218
			0.6287	0.4107	-0.6604
		b:
			-73.0609
			21.5808
			54.6471
			325.0827
			-118.2646
			-351.9112
			483.4701
			245.9034
			-100.7401
			-478.4701
			-242.9034
			104.7401
	==================================================================================
	Q6:
		Shape: Hybrid
		q_c:	68.5	503.0	223.0
		ub :	70.6738	505.8894	225.909
		lb :	66.3262	500.1106	220.091
		P^-1:
			0.4443	-0.0041	0.0034
			-0.0041	0.3291	0.0954
			0.0034	0.0954	0.3655
		A:
			0.2616	0.3001	-0.9173
			0.1213	-0.3841	-0.9153
			0.6964	-0.5178	0.4968
			-0.3532	-0.1697	-0.92
			0.805	-0.3223	0.4981
			0.8874	0.2818	0.3648
		b:
			-34.5763
			-388.1905
			-100.9695
			-313.8493
			5.0291
			284.6577


===========================================================================================
===========================================================================================
S7:
	q_c:	147.5	511.0	22.0
	ub :	171.3719	533.62	59.866
	lb :	119.2181	487.0502	-9.1727

	==================================================================================
	Q1:
		Shape: Ellipse
		q_c:	129.0	500.5	0.0
		ub :	138.7819	509.5976	9.1727
		lb :	119.2181	491.4024	-9.1727
		P^-1:
			0.0216	0.01	0.0108
			0.01	0.0402	0.0007
			0.0108	0.0007	0.0414
	==================================================================================
	Q2:
		Shape: Hybrid
		q_c:	156.0	518.5	10.5
		ub :	171.3719	532.6655	24.0222
		lb :	140.6281	504.3345	-3.0222
		P^-1:
			0.0237	0.0118	-0.0166
			0.0118	0.0162	-0.0121
			-0.0166	-0.0121	0.0246
		A:
			0.9105	0.1993	-0.3624
			0.7797	0.1505	-0.6078
			-0.264	0.9416	0.2091
			-0.3258	-0.1847	0.9272
			-0.2562	-0.5348	-0.8052
			0.4064	0.6818	0.6083
		b:
			245.9657
			196.7732
			458.3911
			-132.3112
			-316.5282
			432.3826
	==================================================================================
	Q3:
		Shape: Ellipse
		q_c:	158.0	524.0	15.0
		ub :	165.022	533.62	22.5519
		lb :	150.978	514.38	7.4481
		P^-1:
			0.0762	0.0013	-0.0429
			0.0013	0.0125	0.0003
			-0.0429	0.0003	0.0584
	==================================================================================
	Q4:
		Shape: Hybrid
		q_c:	147.5	512.5	28.0
		ub :	159.6366	527.1301	42.5916
		lb :	135.3634	497.8699	13.4084
		P^-1:
			0.0219	-0.007	0.007
			-0.007	0.0196	0.0082
			0.007	0.0082	0.0196
		A:
			0.751	-0.5596	-0.3507
			-0.5548	0.5778	0.5986
			-0.4292	0.9017	0.0515
			0.3441	-0.9348	-0.0877
			-0.456	-0.463	-0.7601
			0.2835	-0.7313	-0.6204
		b:
			-182.0531
			235.0602
			404.2596
			-426.5525
			-322.8071
			-347.2618
	==================================================================================
	Q5:
		Shape: Hybrid
		q_c:	134.5	509.0	42.5
		ub :	149.684	523.8947	59.866
		lb :	119.316	494.1053	25.134
		P^-1:
			0.0099	0.0002	-0.0002
			0.0002	0.0097	0.0004
			-0.0002	0.0004	0.0095
		A:
			0.0344	0.9912	0.1281
			-0.256	-0.8507	0.4592
			-0.0984	0.8683	0.4862
			0.8405	0.5416	-0.0172
			0.0112	0.7543	0.6564
			0.1849	0.5412	-0.8203
		b:
			519.6992
			-442.6264
			454.4287
			392.982
			418.341
			270.8191
	==================================================================================
	Q6:
		Shape: Ellipse
		q_c:	149.0	497.0	42.5
		ub :	162.6676	506.9498	56.8448
		lb :	135.3324	487.0502	28.1552
		P^-1:
			0.0363	0.0288	0.0185
			0.0288	0.0547	0.0096
			0.0185	0.0096	0.0201


===========================================================================================
===========================================================================================
S8:
	q_c:	220.5	177.0	198.0
	ub :	236.0257	188.6426	209.089
	lb :	207.1378	163.2117	185.1646

	==================================================================================
	Q1:
		Shape: Ellipse
		q_c:	220.0	173.5	202.5
		ub :	225.3619	178.7172	205.9924
		lb :	214.6381	168.2828	199.0076
		P^-1:
			0.0852	0.002	0.0161
			0.002	0.0828	0.0093
			0.0161	0.0093	0.1553
	==================================================================================
	Q2:
		Shape: Ellipse
		q_c:	215.0	168.0	191.5
		ub :	219.9926	172.0149	196.9686
		lb :	210.0074	163.9851	186.0314
		P^-1:
			0.2493	0.1824	0.0606
			0.1824	0.2393	0.0549
			0.0606	0.0549	0.0677
	==================================================================================
	Q3:
		Shape: Polyhedra
		q_c:	228.5	171.0	192.0
		ub :	236.0257	178.7883	197.5586
		lb :	220.9743	163.2117	186.4414
		A:
			0.5626	0.5576	-0.6104
			0.082	0.6194	-0.7808
			-0.7508	-0.5597	0.3509
			-0.3394	0.4226	-0.8404
			-0.1843	-0.8239	0.536
			0.8862	-0.1495	0.4385
			0.722	0.4549	0.5212
			-0.3334	-0.4314	0.8383
			0.6062	-0.7791	-0.1598
			-0.722	-0.4549	-0.5212
			0.3334	0.4314	-0.8383
			-0.6062	0.7791	0.1598
		b:
			109.8343
			-21.8652
			-196.4505
			-162.7668
			-76.26
			265.8829
			346.8586
			14.0114
			-19.3772
			-338.8586
			-8.0114
			31.3772
	==================================================================================
	Q4:
		Shape: Ellipse
		q_c:	219.0	176.5	202.5
		ub :	222.5773	183.2034	209.089
		lb :	215.4227	169.7966	195.911
		P^-1:
			0.1541	-0.0208	-0.0136
			-0.0208	0.0535	0.0027
			-0.0136	0.0027	0.0512
	==================================================================================
	Q5:
		Shape: Hybrid
		q_c:	230.0	183.5	200.0
		ub :	235.0104	188.6426	203.8202
		lb :	224.9896	178.3574	196.1798
		P^-1:
			0.0942	-0.0206	-0.0125
			-0.0206	0.1155	0.0196
			-0.0125	0.0196	0.143
		A:
			0.5404	0.3324	-0.773
			-0.0253	0.7414	0.6706
			0.6979	0.6571	-0.2847
			0.9138	0.1512	-0.377
			0.3288	0.2976	0.8963
			-0.4695	-0.2328	-0.8517
		b:
			32.469
			265.7583
			226.3456
			164.5436
			311.0728
			-319.3366
	==================================================================================
	Q6:
		Shape: Polyhedra
		q_c:	213.5	174.0	190.5
		ub :	219.8622	181.0719	195.8354
		lb :	207.1378	166.9281	185.1646
		A:
			0.1464	0.9312	0.3338
			0.2347	-0.1349	-0.9627
			-0.0226	-0.1637	-0.9862
			-0.5025	-0.6601	0.5584
			0.2418	0.9406	-0.2385
			-0.7946	0.2031	-0.5722
			0.2238	0.9725	0.0644
			0.8694	-0.1693	-0.4643
			-0.4406	0.1599	-0.8834
			-0.2238	-0.9725	-0.0644
			-0.8694	0.1693	0.4643
			0.4406	-0.1599	0.8834
		b:
			262.7225
			-152.9509
			-217.4236
			-110.6653
			175.685
			-239.6962
			235.2686
			71.712
			-231.0197
			-223.2686
			-63.712
			238.0197


===========================================================================================
===========================================================================================
S9:
	q_c:	250.0	371.5	273.0
	ub :	263.6414	391.4834	293.4503
	lb :	231.6111	353.7375	252.7027

	==================================================================================
	Q1:
		Shape: Polyhedra
		q_c:	238.5	364.0	277.0
		ub :	245.3889	372.4991	285.7615
		lb :	231.6111	355.5009	268.2385
		A:
			-0.8738	-0.0111	-0.4862
			0.7473	-0.5806	-0.3232
			-0.0539	0.2596	-0.9642
			-0.2931	-0.8483	0.441
			0.768	-0.5323	-0.3562
			0.7825	0.5205	0.3418
			0.091	0.6474	0.7567
			-0.2976	0.7429	-0.5997
			-0.9504	-0.1706	0.2602
			-0.091	-0.6474	-0.7567
			0.2976	-0.7429	0.5997
			0.9504	0.1706	-0.2602
		b:
			-341.8678
			-117.3894
			-179.9882
			-251.1836
			-104.0325
			475.9829
			472.4606
			38.8153
			-211.6684
			-461.4606
			-27.8153
			221.6684
	==================================================================================
	Q2:
		Shape: Polyhedra
		q_c:	240.5	383.5	260.5
		ub :	248.0271	391.4834	268.2973
		lb :	232.9729	375.5166	252.7027
		A:
			0.5692	-0.3186	0.758
			0.923	-0.1798	-0.3403
			-0.9282	-0.1084	0.3561
			0.4369	-0.468	0.7682
			0.2945	-0.4588	-0.8383
			0.288	-0.9088	0.3019
			0.7918	0.5082	0.3388
			0.5932	-0.7719	-0.2286
			0.1453	0.382	-0.9127
			-0.7918	-0.5082	-0.3388
			-0.5932	0.7719	0.2286
			-0.1453	-0.382	0.9127
		b:
			217.4512
			69.0455
			-166.9356
			130.9439
			-318.7352
			-196.0551
			479.0637
			-208.9275
			-50.8209
			-468.0637
			216.9275
			61.8209
	==================================================================================
	Q3:
		Shape: Hybrid
		q_c:	242.0	370.0	265.5
		ub :	250.7981	376.338	275.4318
		lb :	233.2019	363.662	255.5682
		P^-1:
			0.0972	-0.0359	-0.062
			-0.0359	0.0506	0.0252
			-0.062	0.0252	0.0576
		A:
			-0.4788	0.733	-0.4832
			0.7259	-0.4277	-0.5387
			-0.1416	-0.8022	0.58
			-0.8675	-0.3578	0.3455
			-0.6697	0.5007	0.5484
			0.8703	-0.3372	-0.3589
		b:
			32.7432
			-124.346
			-172.3478
			-247.1803
			170.1921
			-7.5343
	==================================================================================
	Q4:
		Shape: Ellipse
		q_c:	249.0	363.0	277.5
		ub :	257.8096	372.1363	286.257
		lb :	240.1904	353.8637	268.743
		P^-1:
			0.0309	-0.0018	-0.0039
			-0.0018	0.0159	-0.0001
			-0.0039	-0.0001	0.0256
	==================================================================================
	Q5:
		Shape: Polyhedra
		q_c:	240.0	374.5	267.0
		ub :	247.2639	384.3069	276.8218
		lb :	232.7361	364.6931	257.1782
		A:
			-0.2843	0.9536	-0.0988
			0.8072	-0.0005	0.5902
			-0.7453	0.3419	-0.5724
			-0.8573	0.3932	-0.3324
			0.9712	0.0951	-0.2186
			0.9072	-0.4055	-0.1121
			0.044	0.5554	0.8304
			0.6584	0.609	-0.4422
			-0.7513	0.5662	-0.3389
			-0.044	-0.5554	-0.8304
			-0.6584	-0.609	0.4422
			0.7513	-0.5662	0.3389
		b:
			267.6172
			356.3129
			-199.2625
			-143.1361
			215.696
			40.6119
			447.2732
			274.0422
			-54.7546
			-433.2732
			-262.0422
			62.7546
	==================================================================================
	Q6:
		Shape: Polyhedra
		q_c:	257.0	361.0	286.5
		ub :	263.6414	368.2625	293.4503
		lb :	250.3586	353.7375	279.5497
		A:
			0.5825	0.806	-0.1055
			-0.3385	-0.8079	-0.4824
			0.9725	0.2328	-0.0035
			-0.3654	-0.7791	-0.5095
			-0.6956	-0.6217	-0.3601
			-0.8427	0.477	0.2495
			0.7908	0.6118	0.0155
			0.5796	-0.7568	0.3021
			0.1966	-0.2299	-0.9532
			-0.7908	-0.6118	-0.0155
			-0.5796	0.7568	-0.3021
			-0.1966	0.2299	0.9532
		b:
			413.7455
			-512.6517
			336.5388
			-516.9195
			-502.9559
			32.3498
			431.5626
			-32.2211
			-300.0544
			-425.5626
			43.2211
			311.0544


===========================================================================================
===========================================================================================
