3D_50_15_6_d                l = 3

===========================================================================================
===========================================================================================
S1:
	q_c:    437.0000    397.0000    425.0000
	ub :    447.0000    406.0000    447.0000
	lb :    427.0000    388.0000    403.0000

	==================================================================================
	Q1:
		Shape: Polyhedra
		q_c:    436.0000    407.5000    428.5000
		ub :    441.6189    414.3930    435.3792
		lb :    430.3811    400.6070    421.6208
		A:
			    0.0012    -0.9813    -0.1924
			    0.3893    0.3070    -0.8684
			    0.2881    -0.7770    -0.5597
			    0.4374    0.4200    -0.7951
			    -0.2661    -0.0135    0.9639
			    0.6321    0.6433    0.4320
			    0.0135    0.7134    0.7006
			    0.7354    0.4677    -0.4904
			    -0.6775    0.5219    -0.5183
			    -0.0135    -0.7134    -0.7006
			    -0.7354    -0.4677    0.4904
			    0.6775    -0.5219    0.5183
		b:
			    -477.6874
			    -73.9976
			    -426.6771
			    24.2356
			    295.0922
			    726.6444
			    600.8226
			    303.5674
			    -299.3373
			    -592.8226
			    -298.5674
			    310.3373
	==================================================================================
	Q2:
		Shape: Hybrid
		q_c:    440.5000    400.5000    424.5000
		ub :    445.6996    405.9902    428.9157
		lb :    435.3004    395.0098    420.0843
		P^-1: 
			    0.0928    0.0142    -0.0234
			    0.0142    0.0998    -0.0298
			    -0.0234    -0.0298    0.1307
		A:
			    -0.8156    -0.0256    0.5780
			    0.8962    0.4313    -0.1043
			    0.1947    0.2704    0.9428
			    -0.0972    0.1361    -0.9859
			    -0.6020    0.3607    0.7124
			    -0.5478    0.8195    -0.1686
		b:
			    -122.4860
			    525.0974
			    596.3123
			    -405.2021
			    183.5919
			    17.5047
	==================================================================================
	Q3:
		Shape: Polyhedra
		q_c:    427.0000    392.0000    416.5000
		ub :    431.3998    398.8650    422.7878
		lb :    422.6002    385.1350    410.2122
		A:
			    -0.5696    0.1133    -0.8141
			    -0.7504    0.1788    0.6364
			    -0.9885    -0.0575    -0.1395
			    0.4824    -0.8749    -0.0441
			    0.8109    -0.3091    0.4969
			    0.7184    -0.6955    -0.0158
			    0.1890    0.5996    0.7776
			    0.2546    0.7349    -0.6286
			    -0.9484    0.3168    -0.0138
			    -0.1890    -0.5996    -0.7776
			    -0.2546    -0.7349    0.6286
			    0.9484    -0.3168    0.0138
		b:
			    -534.0611
			    18.2219
			    -499.9253
			    -151.7457
			    435.1185
			    30.5312
			    643.6434
			    139.9838
			    -284.0326
			    -635.6434
			    -129.9838
			    289.0326
	==================================================================================
	Q4:
		Shape: Polyhedra
		q_c:    445.0000    407.5000    427.5000
		ub :    448.2403    410.3973    431.1318
		lb :    441.7597    404.6027    423.8682
		A:
			    -0.6950    0.5915    -0.4088
			    0.4090    -0.4645    0.7855
			    0.7243    -0.5696    -0.3885
			    0.7636    -0.5089    0.3975
			    -0.8150    0.5501    0.1820
			    -0.6341    0.5352    -0.5581
			    0.4258    0.7359    0.5264
			    0.6617    0.1435    -0.7359
			    -0.6171    0.6617    -0.4259
			    -0.4258    -0.7359    -0.5264
			    -0.6617    -0.1435    0.7359
			    0.6171    -0.6617    0.4259
		b:
			    -242.4292
			    329.7894
			    -73.9038
			    303.1006
			    -59.1192
			    -301.9067
			    717.4131
			    40.8169
			    -186.5380
			    -711.4131
			    -35.8169
			    187.5380
	==================================================================================
	Q5:
		Shape: Polyhedra
		q_c:    443.0000    396.5000    426.0000
		ub :    447.0624    402.1609    431.4790
		lb :    438.9376    390.8391    420.5210
		A:
			    0.3723    -0.7778    -0.5063
			    -0.7337    -0.6777    0.0493
			    0.6610    0.7345    -0.1538
			    -0.2777    -0.3861    -0.8797
			    -0.1831    -0.9417    -0.2822
			    0.9210    -0.2129    -0.3263
			    0.8244    0.4173    0.3824
			    -0.0448    -0.6254    0.7790
			    0.5642    -0.6593    -0.4969
			    -0.8244    -0.4173    -0.3824
			    0.0448    0.6254    -0.7790
			    -0.5642    0.6593    0.4969
		b:
			    -355.2476
			    -570.2873
			    521.1775
			    -647.8526
			    -571.4953
			    188.1146
			    695.5633
			    67.5379
			    -219.1735
			    -691.5633
			    -60.5379
			    227.1735
	==================================================================================
	Q6:
		Shape: Ellipse
		q_c:    431.0000    398.0000    434.5000
		ub :    435.7832    403.3216    439.0510
		lb :    426.2168    392.6784    429.9490
		P^-1: 
			    0.1153    0.0080    -0.0229
			    0.0080    0.0754    0.0252
			    -0.0229    0.0252    0.1429


===========================================================================================
===========================================================================================
S2:
	q_c:    183.0000    17.0000    311.0000
	ub :    196.0000    34.0000    322.0000
	lb :    170.0000    0.0000    300.0000

	==================================================================================
	Q1:
		Shape: Hybrid
		q_c:    172.5000    11.0000    310.0000
		ub :    179.6864    17.4916    317.1475
		lb :    165.3136    4.5084    302.8525
		P^-1: 
			    0.0683    -0.0246    -0.0361
			    -0.0246    0.0969    -0.0208
			    -0.0361    -0.0208    0.0807
		A:
			    -0.8753    0.3471    0.3366
			    -0.1101    0.9757    -0.1894
			    0.3212    0.8032    0.5018
			    0.4039    0.7731    -0.4891
			    -0.0168    0.1571    -0.9874
			    0.6732    0.1083    -0.7315
		b:
			    -40.9263
			    -65.2573
			    224.0069
			    -71.4566
			    -304.4925
			    -107.9203
	==================================================================================
	Q2:
		Shape: Hybrid
		q_c:    173.0000    14.0000    307.0000
		ub :    179.9635    19.7806    311.5113
		lb :    166.0365    8.2194    302.4887
		P^-1: 
			    0.0654    0.0187    0.0591
			    0.0187    0.1080    -0.0528
			    0.0591    -0.0528    0.2155
		A:
			    0.3074    -0.4528    0.8369
			    0.6761    0.7121    0.1892
			    -0.2729    -0.4277    -0.8617
			    -0.6525    -0.2726    -0.7071
			    0.2900    0.8163    -0.4995
			    -0.0805    -0.9554    0.2841
		b:
			    304.9235
			    187.1186
			    -315.8205
			    -332.1474
			    -90.0653
			    61.9386
	==================================================================================
	Q3:
		Shape: Polyhedra
		q_c:    174.5000    19.0000    304.0000
		ub :    181.8589    27.2158    310.5234
		lb :    167.1411    10.7842    297.4766
		A:
			    0.1789    0.5970    -0.7820
			    0.9747    0.1327    -0.1798
			    -0.8346    -0.4182    0.3584
			    -0.3474    -0.7567    0.5539
			    0.5710    0.4945    -0.6553
			    -0.2107    -0.7902    0.5755
			    0.4489    0.6459    0.6174
			    0.4361    0.4448    -0.7823
			    -0.7799    0.6205    -0.0820
			    -0.4489    -0.6459    -0.6174
			    -0.4361    -0.4448    0.7823
			    0.7799    -0.6205    0.0820
		b:
			    -192.9391
			    122.2206
			    -40.7648
			    96.4694
			    -87.8063
			    126.1639
			    285.8155
			    -151.2861
			    -145.2350
			    -270.8155
			    155.2861
			    153.2350
	==================================================================================
	Q4:
		Shape: Polyhedra
		q_c:    190.0000    28.0000    302.0000
		ub :    198.1340    38.5797    312.0520
		lb :    181.8660    17.4203    291.9480
		A:
			    0.4784    0.8746    -0.0793
			    0.8741    0.4694    0.1251
			    -0.4083    0.5140    0.7544
			    0.4588    -0.8808    0.1170
			    0.9087    0.0355    0.4158
			    -0.8438    0.2436    -0.4781
			    0.3233    0.6901    0.6475
			    -0.8860    0.4611    -0.0490
			    -0.3324    -0.5578    0.7605
			    -0.3233    -0.6901    -0.6475
			    0.8860    -0.4611    0.0490
			    0.3324    0.5578    -0.7605
		b:
			    98.4161
			    223.2087
			    170.8598
			    103.0452
			    304.4738
			    -293.0717
			    283.2923
			    -166.2351
			    157.8991
			    -269.2923
			    174.2351
			    -143.8991
	==================================================================================
	Q5:
		Shape: Polyhedra
		q_c:    170.5000    24.0000    311.0000
		ub :    174.9745    30.2781    317.0827
		lb :    166.0255    17.7219    304.9173
		A:
			    -0.7557    -0.5469    0.3602
			    -0.1487    -0.2863    -0.9465
			    0.5045    -0.5990    0.6218
			    -0.8949    0.3536    0.2723
			    -0.8084    -0.5135    -0.2877
			    -0.3881    0.9180    0.0812
			    0.3617    0.6474    0.6709
			    0.2647    0.6187    -0.7397
			    -0.8939    0.4452    0.0524
			    -0.3617    -0.6474    -0.6709
			    -0.2647    -0.6187    0.7397
			    0.8939    -0.4452    -0.0524
		b:
			    -26.2021
			    -322.2168
			    268.2668
			    -57.2213
			    -235.6203
			    -15.6843
			    290.3552
			    -166.0673
			    -123.4238
			    -281.3552
			    174.0673
			    127.4238
	==================================================================================
	Q6:
		Shape: Polyhedra
		q_c:    192.5000    12.0000    311.0000
		ub :    195.6906    15.5396    315.0301
		lb :    189.3094    8.4604    306.9699
		A:
			    0.8543    0.4998    0.1430
			    -0.4287    0.6408    -0.6369
			    0.7465    -0.2668    -0.6096
			    0.2055    -0.8103    -0.5488
			    0.7391    -0.6124    -0.2805
			    0.6051    0.7325    -0.3119
			    0.0448    0.1475    0.9880
			    0.0124    0.9889    -0.1482
			    -0.9989    0.0189    0.0424
			    -0.0448    -0.1475    -0.9880
			    -0.0124    -0.9889    0.1482
			    0.9989    -0.0189    -0.0424
		b:
			    217.9424
			    -269.7388
			    -45.9025
			    -137.6403
			    50.7588
			    31.2766
			    321.1706
			    -28.8437
			    -175.8648
			    -314.1706
			    34.8437
			    181.8648


===========================================================================================
===========================================================================================
S3:
	q_c:    415.0000    255.0000    495.0000
	ub :    428.0000    279.0000    512.0000
	lb :    402.0000    231.0000    478.0000

	==================================================================================
	Q1:
		Shape: Hybrid
		q_c:    425.5000    266.0000    487.0000
		ub :    432.7275    273.5321    492.5946
		lb :    418.2725    258.4679    481.4054
		P^-1: 
			    0.0396    -0.0154    0.0058
			    -0.0154    0.0543    0.0099
			    0.0058    0.0099    0.0780
		A:
			    0.8597    -0.4394    -0.2606
			    0.3009    0.0064    0.9536
			    0.8928    0.1042    0.4382
			    -0.2881    0.3361    -0.8967
			    0.3312    -0.0134    0.9435
			    0.1182    0.7598    0.6394
		b:
			    124.7873
			    596.0065
			    624.2637
			    -467.8351
			    598.7055
			    566.0183
	==================================================================================
	Q2:
		Shape: Polyhedra
		q_c:    418.0000    245.0000    507.5000
		ub :    427.6521    254.4637    517.5449
		lb :    408.3479    235.5363    497.4551
		A:
			    0.3570    -0.5775    0.7342
			    -0.1570    0.2807    -0.9469
			    -0.1998    0.5564    -0.8065
			    -0.2090    0.5570    -0.8038
			    -0.0990    0.9908    -0.0926
			    0.5434    0.5755    0.6112
			    0.9226    0.0238    0.3851
			    -0.3098    -0.5493    0.7761
			    0.2300    -0.8353    -0.4994
			    -0.9226    -0.0238    -0.3851
			    0.3098    0.5493    -0.7761
			    -0.2300    0.8353    0.4994
		b:
			    385.7950
			    -472.2249
			    -351.5873
			    -353.8256
			    161.6273
			    685.9857
			    593.9018
			    133.7920
			    -353.4469
			    -579.9018
			    -125.7920
			    370.4469
	==================================================================================
	Q3:
		Shape: Polyhedra
		q_c:    414.0000    245.5000    503.5000
		ub :    424.1167    255.0333    513.7379
		lb :    403.8833    235.9667    493.2621
		A:
			    0.9572    -0.2504    -0.1451
			    -0.9513    -0.2013    -0.2333
			    0.8023    -0.4305    -0.4134
			    -0.1944    0.9552    -0.2234
			    0.0783    0.9933    -0.0851
			    0.5145    -0.6644    -0.5421
			    0.4563    0.5974    0.6595
			    -0.5779    -0.3646    0.7301
			    0.6767    -0.7142    0.1789
			    -0.4563    -0.5974    -0.6595
			    0.5779    0.3646    -0.7301
			    -0.6767    0.7142    -0.1789
		b:
			    267.4784
			    -554.7920
			    24.1633
			    46.8340
			    239.2028
			    -217.4125
			    673.6021
			    46.3615
			    199.3735
			    -661.6021
			    -31.3615
			    -190.3735
	==================================================================================
	Q4:
		Shape: Ellipse
		q_c:    415.0000    258.5000    503.0000
		ub :    424.8442    265.9862    512.3386
		lb :    405.1558    251.0138    493.6614
		P^-1: 
			    0.0223    -0.0015    0.0086
			    -0.0015    0.0290    -0.0034
			    0.0086    -0.0034    0.0342
	==================================================================================
	Q5:
		Shape: Ellipse
		q_c:    411.0000    256.0000    485.5000
		ub :    418.5632    262.3952    493.6406
		lb :    403.4368    249.6048    477.3594
		P^-1: 
			    0.0444    -0.0273    0.0063
			    -0.0273    0.0939    -0.0190
			    0.0063    -0.0190    0.0336
	==================================================================================
	Q6:
		Shape: Hybrid
		q_c:    411.5000    244.0000    488.5000
		ub :    420.0078    251.0892    497.1485
		lb :    402.9922    236.9108    479.8515
		P^-1: 
			    0.0360    -0.0182    0.0090
			    -0.0182    0.0752    -0.0388
			    0.0090    -0.0388    0.0566
		A:
			    0.0486    -0.6563    0.7529
			    -0.5989    0.7982    -0.0649
			    0.7496    0.6510    -0.1196
			    -0.4428    0.7622    0.4723
			    -0.8300    0.3594    -0.4264
			    0.4461    -0.4737    -0.7594
		b:
			    229.4287
			    -80.7844
			    413.1562
			    238.4462
			    -459.1127
			    -298.6160


===========================================================================================
===========================================================================================
S4:
	q_c:    208.0000    34.5000    247.5000
	ub :    223.0000    60.0000    263.0000
	lb :    193.0000    9.0000    232.0000

	==================================================================================
	Q1:
		Shape: Hybrid
		q_c:    199.0000    29.0000    263.0000
		ub :    206.9423    36.7453    270.8705
		lb :    191.0577    21.2547    255.1295
		P^-1: 
			    0.0471    -0.0062    -0.0024
			    -0.0062    0.0325    -0.0064
			    -0.0024    -0.0064    0.0469
		A:
			    0.4433    -0.8923    0.0851
			    -0.4208    0.1908    0.8868
			    0.9881    -0.1330    0.0774
			    -0.9220    -0.1928    -0.3358
			    -0.9945    -0.0280    0.1010
			    -0.9666    -0.2541    -0.0345
		b:
			    87.5816
			    157.4637
			    215.4807
			    -274.5765
			    -169.7358
			    -206.0373
	==================================================================================
	Q2:
		Shape: Polyhedra
		q_c:    201.0000    45.0000    247.5000
		ub :    206.4627    51.6866    254.9944
		lb :    195.5373    38.3134    240.0056
		A:
			    0.2134    0.2730    -0.9380
			    0.5006    0.1304    -0.8558
			    0.9721    -0.2345    -0.0052
			    0.7510    -0.6353    -0.1800
			    0.7593    0.1068    -0.6420
			    0.5064    -0.7905    -0.3444
			    0.3845    0.5746    0.7224
			    -0.1166    0.8066    -0.5795
			    -0.9157    0.1386    0.3772
			    -0.3845    -0.5746    -0.7224
			    0.1166    -0.8066    0.5795
			    0.9157    -0.1386    -0.3772
		b:
			    -172.9821
			    -101.6635
			    186.8328
			    81.1318
			    1.6545
			    -14.9372
			    287.9549
			    -127.0734
			    -81.4646
			    -275.9549
			    134.0734
			    87.4646
	==================================================================================
	Q3:
		Shape: Ellipse
		q_c:    208.5000    45.5000    258.0000
		ub :    216.9852    55.8740    268.4262
		lb :    200.0148    35.1260    247.5738
		P^-1: 
			    0.0411    0.0009    0.0123
			    0.0009    0.0173    0.0043
			    0.0123    0.0043    0.0302
	==================================================================================
	Q4:
		Shape: Polyhedra
		q_c:    204.0000    38.5000    244.5000
		ub :    211.5256    47.2772    253.6435
		lb :    196.4744    29.7228    235.3565
		A:
			    -0.8245    0.4302    0.3675
			    0.9216    -0.1458    -0.3597
			    -0.6600    0.1213    -0.7414
			    -0.8951    0.2364    -0.3780
			    -0.5456    0.8261    -0.1406
			    -0.8612    0.3360    0.3813
			    0.1830    0.4530    0.8725
			    -0.7060    0.6782    -0.2040
			    -0.6841    -0.5787    0.4439
			    -0.1830    -0.4530    -0.8725
			    0.7060    -0.6782    0.2040
			    0.6841    0.5787    -0.4439
		b:
			    -57.0568
			    99.1395
			    -305.5148
			    -261.2582
			    -109.7473
			    -64.8043
			    275.0986
			    -163.8105
			    -48.3039
			    -261.0986
			    171.8105
			    58.3039
	==================================================================================
	Q5:
		Shape: Polyhedra
		q_c:    213.0000    34.0000    247.5000
		ub :    217.7571    40.2236    253.1166
		lb :    208.2429    27.7764    241.8834
		A:
			    0.2815    0.6459    0.7096
			    -0.3166    -0.4796    -0.8184
			    -0.8344    0.2598    -0.4860
			    0.8977    -0.3899    -0.2052
			    0.8170    -0.5627    0.1256
			    -0.1172    0.1185    -0.9860
			    0.2104    0.1660    0.9634
			    -0.0009    0.9855    -0.1696
			    -0.9776    0.0348    0.2075
			    -0.2104    -0.1660    -0.9634
			    0.0009    -0.9855    0.1696
			    0.9776    -0.0348    -0.2075
		b:
			    261.9972
			    -282.0985
			    -284.9882
			    131.3930
			    190.5415
			    -260.8241
			    292.8998
			    -3.1775
			    -151.7012
			    -284.8998
			    14.1775
			    159.7012
	==================================================================================
	Q6:
		Shape: Polyhedra
		q_c:    213.0000    34.5000    258.5000
		ub :    221.7290    43.4095    266.5379
		lb :    204.2710    25.5905    250.4621
		A:
			    -0.0137    -0.0160    -0.9998
			    0.2405    -0.7753    0.5840
			    0.8252    0.1927    -0.5310
			    -0.2130    -0.7673    -0.6048
			    0.1015    0.1295    -0.9864
			    -0.1288    0.1609    -0.9785
			    0.5994    0.5148    0.6129
			    0.6720    0.0923    -0.7348
			    -0.4348    0.8523    -0.2906
			    -0.5994    -0.5148    -0.6129
			    -0.6720    -0.0923    0.7348
			    0.4348    -0.8523    0.2906
		b:
			    -257.1977
			    182.1374
			    49.2213
			    -222.8956
			    -224.1821
			    -269.6637
			    308.8793
			    -39.6126
			    -131.3358
			    -298.8793
			    47.6126
			    145.3358


===========================================================================================
===========================================================================================
S5:
	q_c:    286.0000    179.0000    224.5000
	ub :    306.0000    197.0000    234.0000
	lb :    266.0000    161.0000    215.0000

	==================================================================================
	Q1:
		Shape: Polyhedra
		q_c:    285.5000    174.0000    231.0000
		ub :    291.6707    180.6104    236.0439
		lb :    279.3293    167.3896    225.9561
		A:
			    -0.0541    0.9024    -0.4275
			    0.4190    -0.5447    0.7265
			    0.2213    -0.8325    0.5079
			    0.3395    -0.8708    0.3556
			    0.9442    0.1004    -0.3137
			    0.2557    0.1621    -0.9531
			    0.5719    0.6809    0.4575
			    0.0847    0.5057    -0.8585
			    -0.8159    0.5298    0.2315
			    -0.5719    -0.6809    -0.4575
			    -0.0847    -0.5057    0.8585
			    0.8159    -0.5298    -0.2315
		b:
			    45.8800
			    195.2911
			    38.3417
			    30.5688
			    218.4126
			    -116.5442
			    392.9427
			    -84.1235
			    -83.7819
			    -381.9427
			    88.1235
			    90.7819
	==================================================================================
	Q2:
		Shape: Ellipse
		q_c:    284.0000    188.0000    221.5000
		ub :    290.0598    194.9941    227.5334
		lb :    277.9402    181.0059    215.4666
		P^-1: 
			    0.0865    0.0268    0.0194
			    0.0268    0.0578    0.0042
			    0.0194    0.0042    0.0694
	==================================================================================
	Q3:
		Shape: Polyhedra
		q_c:    286.0000    174.5000    235.5000
		ub :    291.1976    180.2094    242.0194
		lb :    280.8024    168.7906    228.9806
		A:
			    0.3385    -0.5946    -0.7293
			    0.3255    -0.8922    -0.3130
			    -0.8479    0.3661    0.3835
			    -0.0056    -0.6400    0.7683
			    -0.8997    0.3297    0.2860
			    0.2713    -0.4587    -0.8461
			    0.6533    0.2744    0.7056
			    0.7571    -0.2486    -0.6042
			    0.0097    0.9289    -0.3702
			    -0.6533    -0.2744    -0.7056
			    -0.7571    0.2486    0.6042
			    -0.0097    -0.9289    0.3702
		b:
			    -175.4029
			    -132.8067
			    -85.5906
			    71.6889
			    -129.5647
			    -198.2710
			    405.9009
			    33.3466
			    81.6751
			    -395.9009
			    -28.3466
			    -73.6751
	==================================================================================
	Q4:
		Shape: Hybrid
		q_c:    293.0000    170.5000    216.0000
		ub :    297.9438    175.2662    221.5688
		lb :    288.0562    165.7338    210.4312
		P^-1: 
			    0.0844    0.0061    0.0061
			    0.0061    0.0951    0.0133
			    0.0061    0.0133    0.0949
		A:
			    -0.4823    0.4653    -0.7422
			    0.3204    -0.3691    -0.8724
			    -0.2507    -0.7101    -0.6580
			    0.8610    0.0057    0.5086
			    0.1691    0.9851    -0.0308
			    -0.5298    0.8460    0.0607
		b:
			    -220.3490
			    -155.7556
			    -335.1405
			    364.9267
			    212.6315
			    4.0259
	==================================================================================
	Q5:
		Shape: Polyhedra
		q_c:    281.5000    179.0000    221.0000
		ub :    289.0421    185.0118    224.4545
		lb :    273.9579    172.9882    217.5455
		A:
			    0.4197    -0.0680    0.9051
			    0.0087    0.9312    -0.3644
			    -0.0908    0.8203    0.5646
			    0.9891    -0.1470    0.0058
			    0.0005    0.6179    -0.7863
			    -0.2613    -0.7095    -0.6545
			    0.9027    0.4279    0.0457
			    -0.0613    0.0227    0.9979
			    0.4259    -0.9036    0.0468
			    -0.9027    -0.4279    -0.0457
			    0.0613    -0.0227    -0.9979
			    -0.4259    0.9036    -0.0468
		b:
			    309.7894
			    92.6456
			    249.7752
			    259.1323
			    -59.5878
			    -340.6678
			    347.3008
			    210.3323
			    -28.0028
			    -334.3008
			    -204.3323
			    35.0028
	==================================================================================
	Q6:
		Shape: Hybrid
		q_c:    280.0000    182.0000    224.5000
		ub :    286.3039    187.3015    225.9406
		lb :    273.6961    176.6985    223.0594
		P^-1: 
			    0.0329    -0.0005    0.0703
			    -0.0005    0.0400    0.0021
			    0.0703    0.0021    0.9949
		A:
			    -0.0187    0.2034    -0.9789
			    -0.1275    -0.0273    -0.9915
			    0.0719    -0.1067    -0.9917
			    0.0733    0.1373    0.9878
			    0.0293    0.0950    -0.9950
			    0.2089    -0.0539    0.9764
		b:
			    -187.0363
			    -262.6868
			    -221.0057
			    267.9761
			    -197.1445
			    268.7096


===========================================================================================
===========================================================================================
S6:
	q_c:    54.5000    485.0000    76.0000
	ub :    63.0000    501.0000    91.0000
	lb :    46.0000    469.0000    61.0000

	==================================================================================
	Q1:
		Shape: Polyhedra
		q_c:    51.5000    485.0000    72.5000
		ub :    56.1909    489.5752    77.2829
		lb :    46.8091    480.4248    67.7171
		A:
			    0.1209    -0.8188    0.5612
			    -0.1125    0.9797    0.1662
			    0.3264    0.8544    -0.4044
			    0.4149    -0.3089    0.8558
			    0.3254    -0.3824    -0.8648
			    -0.4491    -0.2402    0.8606
			    0.5767    0.6763    0.4582
			    0.7772    -0.2815    -0.5628
			    -0.2516    0.6807    -0.6880
			    -0.5767    -0.6763    -0.4582
			    -0.7772    0.2815    0.5628
			    0.2516    -0.6807    0.6880
		b:
			    -347.6909
			    484.2248
			    404.5757
			    -63.8262
			    -228.4432
			    -74.4253
			    393.9348
			    -134.2937
			    269.8086
			    -387.9348
			    140.2937
			    -264.8086
	==================================================================================
	Q2:
		Shape: Hybrid
		q_c:    47.5000    486.5000    83.0000
		ub :    53.3612    491.7344    89.3017
		lb :    41.6388    481.2656    76.6983
		P^-1: 
			    0.1203    0.0828    0.0451
			    0.0828    0.1605    0.0461
			    0.0451    0.0461    0.0811
		A:
			    0.1265    0.8884    0.4412
			    -0.6231    -0.7669    0.1533
			    -0.8549    -0.2943    -0.4273
			    0.8381    0.2031    -0.5064
			    0.5985    -0.0076    0.8011
			    -0.0851    -0.4598    0.8839
		b:
			    476.6048
			    -388.2680
			    -217.5574
			    99.6560
			    93.5838
			    -151.2493
	==================================================================================
	Q3:
		Shape: Ellipse
		q_c:    51.0000    484.0000    77.0000
		ub :    55.2071    487.6773    81.0940
		lb :    46.7929    480.3227    72.9060
		P^-1: 
			    0.1848    -0.0478    0.0278
			    -0.0478    0.2107    -0.0015
			    0.0278    -0.0015    0.1256
	==================================================================================
	Q4:
		Shape: Polyhedra
		q_c:    60.5000    487.0000    73.0000
		ub :    63.9491    491.7959    77.4256
		lb :    57.0509    482.2041    68.5744
		A:
			    0.2041    0.2018    0.9579
			    0.8591    0.2507    0.4462
			    0.5110    0.1328    -0.8492
			    0.1968    -0.6317    0.7498
			    0.1517    0.7966    -0.5852
			    -0.3552    0.6136    0.7052
			    0.0253    0.7988    0.6011
			    0.2069    0.5841    -0.7849
			    -0.9780    0.1442    -0.1505
			    -0.0253    -0.7988    -0.6011
			    -0.2069    -0.5841    0.7849
			    0.9780    -0.1442    0.1505
		b:
			    183.8795
			    209.9246
			    36.1560
			    -238.7761
			    356.6302
			    332.6083
			    438.4109
			    241.6778
			    3.0829
			    -430.4109
			    -237.6778
			    2.9171
	==================================================================================
	Q5:
		Shape: Hybrid
		q_c:    56.0000    488.5000    80.5000
		ub :    60.1190    492.7954    84.3891
		lb :    51.8810    484.2046    76.6109
		P^-1: 
			    0.2670    -0.0304    -0.1576
			    -0.0304    0.1146    -0.0241
			    -0.1576    -0.0241    0.3044
		A:
			    0.4018    -0.3347    -0.8524
			    0.9947    0.0900    0.0487
			    -0.9926    -0.1177    0.0309
			    -0.0061    -0.9920    -0.1259
			    0.5800    0.3781    -0.7216
			    -0.6717    0.5874    0.4515
		b:
			    -208.3501
			    105.4273
			    -108.8449
			    -492.6449
			    160.1358
			    287.0072
	==================================================================================
	Q6:
		Shape: Hybrid
		q_c:    52.5000    487.0000    78.5000
		ub :    58.1105    492.9315    82.9941
		lb :    46.8895    481.0685    74.0059
		P^-1: 
			    0.0943    0.0294    0.0016
			    0.0294    0.0567    0.0066
			    0.0016    0.0066    0.0817
		A:
			    0.9231    0.1868    0.3362
			    -0.0554    0.5968    -0.8005
			    -0.5730    -0.1900    0.7972
			    0.4943    0.7762    0.3913
			    0.0807    0.5492    -0.8318
			    -0.4717    -0.8547    0.2165
		b:
			    167.6027
			    227.5770
			    -58.1551
			    436.6417
			    208.8656
			    -421.7701


===========================================================================================
===========================================================================================
S7:
	q_c:    223.0000    216.5000    112.5000
	ub :    239.0000    232.0000    132.0000
	lb :    207.0000    201.0000    93.0000

	==================================================================================
	Q1:
		Shape: Ellipse
		q_c:    233.5000    215.5000    123.0000
		ub :    241.1957    223.3588    129.1594
		lb :    225.8043    207.6412    116.8406
		P^-1: 
			    0.0285    0.0018    0.0001
			    0.0018    0.0323    -0.0000
			    0.0001    -0.0000    0.0331
	==================================================================================
	Q2:
		Shape: Hybrid
		q_c:    219.5000    212.0000    115.0000
		ub :    225.6920    218.5183    119.8389
		lb :    213.3080    205.4817    110.1611
		P^-1: 
			    0.0512    -0.0070    0.0121
			    -0.0070    0.0763    -0.0470
			    0.0121    -0.0470    0.1313
		A:
			    0.0632    0.3222    -0.9446
			    -0.0049    0.8835    -0.4684
			    0.7813    -0.5765    0.2390
			    -0.4265    -0.5171    0.7421
			    0.6176    0.0871    -0.7817
			    0.3004    -0.4295    0.8517
		b:
			    -24.9999
			    134.3393
			    79.4329
			    -115.9445
			    66.7066
			    74.1637
	==================================================================================
	Q3:
		Shape: Ellipse
		q_c:    211.5000    220.0000    104.0000
		ub :    220.5552    230.4496    113.8503
		lb :    202.4448    209.5504    94.1497
		P^-1: 
			    0.0322    -0.0031    -0.0017
			    -0.0031    0.0221    -0.0061
			    -0.0017    -0.0061    0.0296
	==================================================================================
	Q4:
		Shape: Ellipse
		q_c:    223.5000    227.0000    126.0000
		ub :    231.1236    234.6097    128.5788
		lb :    215.8764    219.3903    123.4212
		P^-1: 
			    0.0373    0.0049    0.0413
			    0.0049    0.0388    0.0481
			    0.0413    0.0481    0.4344
	==================================================================================
	Q5:
		Shape: Hybrid
		q_c:    222.5000    214.0000    115.0000
		ub :    230.2818    222.5404    122.4434
		lb :    214.7182    205.4596    107.5566
		P^-1: 
			    0.0542    -0.0034    -0.0187
			    -0.0034    0.0362    -0.0168
			    -0.0187    -0.0168    0.0642
		A:
			    0.2098    -0.3905    0.8964
			    0.8777    0.3865    -0.2833
			    -0.1567    -0.6102    0.7766
			    0.9328    -0.1596    0.3232
			    -0.8561    0.5153    -0.0383
			    0.7531    -0.4454    -0.4842
		b:
			    68.5858
			    248.2391
			    -74.0701
			    213.6647
			    -81.9251
			    19.1320
	==================================================================================
	Q6:
		Shape: Hybrid
		q_c:    218.5000    215.5000    121.5000
		ub :    230.7941    226.4802    132.1334
		lb :    206.2059    204.5198    110.8666
		P^-1: 
			    0.0209    -0.0061    0.0009
			    -0.0061    0.0199    -0.0031
			    0.0009    -0.0031    0.0212
		A:
			    -0.2661    0.8520    0.4508
			    -0.7922    -0.3694    0.4858
			    -0.8570    0.2830    -0.4307
			    -0.4728    -0.1035    -0.8751
			    -0.3228    -0.0555    -0.9449
			    -0.1309    -0.5776    0.8058
		b:
			    184.5198
			    -189.0077
			    -175.0903
			    -227.6976
			    -193.1960
			    -51.3694


===========================================================================================
===========================================================================================
S8:
	q_c:    281.5000    94.5000    117.5000
	ub :    301.0000    116.0000    140.0000
	lb :    262.0000    73.0000    95.0000

	==================================================================================
	Q1:
		Shape: Hybrid
		q_c:    278.5000    83.5000    116.5000
		ub :    286.1825    89.1038    124.4240
		lb :    270.8175    77.8962    108.5760
		P^-1: 
			    0.0804    -0.0787    -0.0077
			    -0.0787    0.1904    0.0622
			    -0.0077    0.0622    0.0621
		A:
			    -0.7676    0.6335    0.0978
			    -0.1511    -0.5719    -0.8063
			    -0.3951    0.8866    0.2404
			    -0.5306    0.8472    0.0279
			    -0.3394    -0.6774    -0.6526
			    0.9550    -0.0654    0.2894
		b:
			    -147.7142
			    -181.4008
			    -6.9432
			    -72.4630
			    -224.7178
			    297.4678
	==================================================================================
	Q2:
		Shape: Ellipse
		q_c:    281.5000    76.5000    101.5000
		ub :    287.9348    83.6473    109.7028
		lb :    275.0652    69.3527    93.2972
		P^-1: 
			    0.1570    -0.1118    -0.0147
			    -0.1118    0.1119    0.0121
			    -0.0147    0.0121    0.0172
	==================================================================================
	Q3:
		Shape: Ellipse
		q_c:    279.0000    107.0000    121.5000
		ub :    285.5726    119.2899    134.4375
		lb :    272.4274    94.7101    108.5625
		P^-1: 
			    0.3537    0.1178    0.1322
			    0.1178    0.0544    0.0405
			    0.1322    0.0405    0.0624
	==================================================================================
	Q4:
		Shape: Ellipse
		q_c:    280.5000    104.0000    108.5000
		ub :    291.2372    116.6972    117.2363
		lb :    269.7628    91.3028    99.7637
		P^-1: 
			    0.0463    -0.0204    0.0077
			    -0.0204    0.0187    -0.0099
			    0.0077    -0.0099    0.0375
	==================================================================================
	Q5:
		Shape: Polyhedra
		q_c:    290.5000    105.0000    140.5000
		ub :    300.2940    117.0400    150.8589
		lb :    280.7060    92.9600    130.1411
		A:
			    -0.5626    0.4586    -0.6879
			    -0.6105    0.2784    0.7415
			    0.3736    -0.8674    0.3287
			    -0.3175    0.9298    -0.1864
			    0.7449    -0.3921    -0.5398
			    -0.3110    0.9480    -0.0675
			    0.3948    0.8127    0.4286
			    0.1612    0.3980    -0.9031
			    -0.9045    0.4256    0.0261
			    -0.3948    -0.8127    -0.4286
			    -0.1612    -0.3980    0.9031
			    0.9045    -0.4256    -0.0261
		b:
			    -205.0692
			    -37.0683
			    70.5372
			    -13.7623
			    105.8756
			    6.7712
			    268.2294
			    -30.7843
			    -208.4073
			    -252.2294
			    45.7843
			    220.4073
	==================================================================================
	Q6:
		Shape: Hybrid
		q_c:    273.5000    102.5000    132.5000
		ub :    284.0736    109.5823    143.7004
		lb :    262.9264    95.4177    121.2996
		P^-1: 
			    0.0184    0.0004    -0.0023
			    0.0004    0.0277    0.0011
			    -0.0023    0.0011    0.0177
		A:
			    -0.9442    -0.2747    -0.1819
			    -0.2549    0.9285    -0.2701
			    0.8519    0.3391    0.3992
			    0.4964    -0.7859    -0.3687
			    0.3850    -0.4421    -0.8102
			    -0.7010    0.6500    -0.2935
		b:
			    -306.0287
			    -6.8797
			    325.1912
			    9.7365
			    -43.5065
			    -159.7667


===========================================================================================
===========================================================================================
S9:
	q_c:    54.0000    46.5000    138.0000
	ub :    66.0000    67.0000    144.0000
	lb :    42.0000    26.0000    132.0000

	==================================================================================
	Q1:
		Shape: Hybrid
		q_c:    55.5000    47.5000    135.5000
		ub :    58.9351    51.0036    137.9109
		lb :    52.0649    43.9964    133.0891
		P^-1: 
			    0.2573    0.1607    0.0390
			    0.1607    0.3064    -0.0335
			    0.0390    -0.0335    0.4363
		A:
			    -0.1967    -0.7084    -0.6778
			    0.5353    0.8409    0.0799
			    0.2148    0.8343    0.5077
			    -0.1215    0.6417    0.7573
			    0.2085    0.9289    -0.3061
			    -0.1897    -0.9108    0.3668
		b:
			    -135.3145
			    81.2823
			    121.5036
			    127.8079
			    15.2901
			    -3.0273
	==================================================================================
	Q2:
		Shape: Ellipse
		q_c:    59.5000    50.5000    144.5000
		ub :    62.2785    54.2521    148.2150
		lb :    56.7215    46.7479    140.7850
		P^-1: 
			    0.2487    -0.0404    0.0029
			    -0.0404    0.2268    -0.1729
			    0.0029    -0.1729    0.3007
	==================================================================================
	Q3:
		Shape: Ellipse
		q_c:    54.0000    51.5000    141.0000
		ub :    58.7155    55.6561    145.3044
		lb :    49.2845    47.3439    136.6956
		P^-1: 
			    0.1644    0.0718    -0.0598
			    0.0718    0.1898    0.0501
			    -0.0598    0.0501    0.2083
	==================================================================================
	Q4:
		Shape: Hybrid
		q_c:    61.0000    52.0000    134.0000
		ub :    62.2440    54.9676    136.4370
		lb :    59.7560    49.0324    131.5630
		P^-1: 
			    1.5177    0.6126    -0.9572
			    0.6126    1.2108    -1.5785
			    -0.9572    -1.5785    2.3826
		A:
			    0.9658    -0.2464    -0.0810
			    -0.1132    -0.4840    0.8677
			    -0.0303    0.4793    -0.8771
			    -0.5873    0.3432    0.7330
			    0.4095    0.5712    -0.7113
			    0.8002    0.4936    -0.3407
		b:
			    36.1232
			    84.5951
			    -93.9898
			    82.0994
			    -40.3499
			    29.5263
	==================================================================================
	Q5:
		Shape: Ellipse
		q_c:    51.0000    46.5000    133.5000
		ub :    55.1217    50.8791    138.0745
		lb :    46.8783    42.1209    128.9255
		P^-1: 
			    0.1899    -0.0456    -0.0538
			    -0.0456    0.1061    0.0368
			    -0.0538    0.0368    0.1468
	==================================================================================
	Q6:
		Shape: Hybrid
		q_c:    59.5000    47.0000    134.5000
		ub :    62.4576    50.6118    138.0865
		lb :    56.5424    43.3882    130.9135
		P^-1: 
			    0.2397    -0.0845    -0.0957
			    -0.0845    0.2497    0.1016
			    -0.0957    0.1016    0.2750
		A:
			    -0.2076    0.7826    0.5869
			    0.4827    -0.2540    0.8382
			    0.3981    0.1527    0.9046
			    0.4975    -0.8481    0.1819
			    -0.8282    0.2462    -0.5035
			    0.0420    -0.3808    0.9237
		b:
			    104.3099
			    131.2490
			    154.1064
			    15.6287
			    -103.7299
			    110.4915


===========================================================================================
===========================================================================================
S10:
	q_c:    520.5000    366.0000    411.0000
	ub :    526.0000    378.0000    434.0000
	lb :    515.0000    354.0000    388.0000

	==================================================================================
	Q1:
		Shape: Hybrid
		q_c:    516.0000    365.5000    410.5000
		ub :    519.8238    368.9180    414.6585
		lb :    512.1762    362.0820    406.3415
		P^-1: 
			    0.1600    0.0000    0.0000
			    0.0000    0.1600    0.0000
			    0.0000    0.0000    0.1600
		A:
			    0.3450    -0.3893    0.8541
			    0.6744    -0.5746    0.4637
			    0.9823    0.1643    -0.0899
			    -0.8457    0.5255    -0.0926
			    -0.5514    -0.7609    -0.3421
			    -0.6662    -0.7267    0.1677
		b:
			    387.5612
			    329.5952
			    531.2648
			    -281.0631
			    -701.7933
			    -539.2747
	==================================================================================
	Q2:
		Shape: Polyhedra
		q_c:    525.0000    365.5000    412.0000
		ub :    528.1162    368.9769    415.0809
		lb :    521.8838    362.0231    408.9191
		A:
			    0.4756    0.2667    -0.8382
			    0.6942    -0.0195    0.7195
			    -0.5243    0.8469    -0.0892
			    0.2286    -0.9692    0.0910
			    -0.5567    -0.6943    -0.4562
			    0.3452    0.3640    -0.8651
			    0.0024    0.5810    0.8139
			    -0.6128    0.6440    -0.4579
			    -0.7902    -0.4977    0.3577
			    -0.0024    -0.5810    -0.8139
			    0.6128    -0.6440    0.4579
			    0.7902    0.4977    -0.3577
		b:
			    3.7390
			    655.9505
			    -0.1053
			    -194.4912
			    -732.2295
			    -40.1436
			    550.4637
			    -272.5291
			    -447.3964
			    -547.4637
			    277.5291
			    451.3964
	==================================================================================
	Q3:
		Shape: Ellipse
