3D_50_25_6_b                l = 3

===========================================================================================
===========================================================================================
S1:
	q_c:	210.5	130.0	164.5
	ub :	235.7981	156.0563	184.4871
	lb :	189.0217	115.2381	145.0596

	==================================================================================
	Q1:
		Shape: Polyhedra
		q_c:	219.0	133.5	155.5
		ub :	226.0402	143.7274	165.9404
		lb :	211.9598	123.2726	145.0596
		A:
			0.7734	0.1404	-0.6181
			-0.8814	-0.2614	-0.3934
			-0.7137	-0.0886	0.6948
			-0.8486	-0.3178	-0.4229
			-0.4498	0.8919	-0.0476
			0.084	-0.995	0.0542
			0.1366	0.8701	0.4735
			0.9027	0.0875	-0.4213
			-0.408	0.485	-0.7735
			-0.1366	-0.8701	-0.4735
			-0.9027	-0.0875	0.4213
			0.408	-0.485	0.7735
		b:
			95.8075
			-283.1491
			-56.0391
			-287.9006
			20.1511
			-98.674
			227.2141
			147.3667
			-137.8848
			-212.2141
			-140.3667
			151.8848
	==================================================================================
	Q2:
		Shape: Ellipse
		q_c:	203.5	132.0	166.5
		ub :	210.9674	138.5359	169.3469
		lb :	196.0326	125.4641	163.6531
		P^-1:
			0.0796	0.0123	0.1622
			0.0123	0.1135	-0.1732
			0.1622	-0.1732	0.9384
	==================================================================================
	Q3:
		Shape: Polyhedra
		q_c:	199.5	133.5	169.0
		ub :	209.9783	139.1023	174.7397
		lb :	189.0217	127.8977	163.2603
		A:
			-0.1984	0.9315	0.3048
			-0.343	-0.7005	-0.6258
			-0.3669	-0.6664	0.649
			0.0306	-0.999	0.0322
			-0.4268	-0.7054	0.5659
			0.6232	0.7121	-0.3234
			0.1331	0.9865	0.0956
			0.2166	0.0652	-0.9741
			-0.9671	0.1503	-0.205
			-0.1331	-0.9865	-0.0956
			-0.2166	-0.0652	0.9741
			0.9671	-0.1503	0.205
		b:
			140.8784
			-262.7656
			-48.6118
			-117.5159
			-79.5734
			170.0969
			178.4047
			-109.1909
			-198.0266
			-170.4047
			116.1909
			217.0266
	==================================================================================
	Q4:
		Shape: Hybrid
		q_c:	224.5	133.0	175.5
		ub :	235.7981	142.649	184.4871
		lb :	213.2019	123.351	166.5129
		P^-1:
			0.0185	-0.0048	-0.001
			-0.0048	0.0252	-0.0007
			-0.001	-0.0007	0.0201
		A:
			0.6763	-0.5323	0.5093
			-0.5696	0.8074	0.1539
			-0.017	-0.6677	0.7442
			-0.3334	0.3874	-0.8595
			0.7282	-0.2188	0.6495
			0.2902	0.616	0.7324
		b:
			174.0438
			9.5661
			41.6686
			-170.2928
			252.6054
			279.9943
	==================================================================================
	Q5:
		Shape: Ellipse
		q_c:	220.0	149.5	173.5
		ub :	227.5606	156.0563	180.8492
		lb :	212.4394	142.9437	166.1508
		P^-1:
			0.0507	0.0081	0.0119
			0.0081	0.0655	0.0146
			0.0119	0.0146	0.0548
	==================================================================================
	Q6:
		Shape: Polyhedra
		q_c:	223.0	122.0	176.5
		ub :	227.904	128.7619	183.4055
		lb :	218.096	115.2381	169.5945
		A:
			-0.2468	0.5822	-0.7747
			-0.4364	-0.523	-0.7322
			-0.8144	-0.0132	-0.5801
			0.3111	-0.4263	0.8494
			-0.702	-0.2056	-0.6819
			-0.7346	0.3391	0.5876
			0.1654	0.879	0.4472
			0.9853	-0.1272	-0.1144
			-0.0437	0.4595	-0.8871
			-0.1654	-0.879	-0.4472
			-0.9853	0.1272	0.1144
			0.0437	-0.4595	0.8871
		b:
			-115.8081
			-285.7863
			-281.22
			172.2303
			-297.4865
			-14.5129
			227.5537
			187.996
			-105.2624
			-218.5537
			-179.996
			115.2624


===========================================================================================
===========================================================================================
S2:
	q_c:	26.0	36.0	27.5
	ub :	36.1831	46.1286	35.2586
	lb :	13.0232	27.2051	13.9389

	==================================================================================
	Q1:
		Shape: Hybrid
		q_c:	20.0	33.0	23.5
		ub :	25.0458	37.5206	26.6621
		lb :	14.9542	28.4794	20.3379
		P^-1:
			0.1361	0.1582	-0.1701
			0.1582	0.4118	-0.4054
			-0.1701	-0.4054	0.6257
		A:
			-0.1076	0.1466	0.9833
			0.2444	0.2971	0.923
			0.1934	0.7555	-0.6259
			-0.5361	0.8407	0.0767
			-0.4252	-0.6184	0.6609
			-0.4531	0.8035	0.3861
		b:
			27.7001
			38.5877
			14.839
			22.0613
			-12.6967
			29.7711
	==================================================================================
	Q2:
		Shape: Hybrid
		q_c:	21.5	34.5	31.0
		ub :	25.5054	39.0521	35.2586
		lb :	17.4946	29.9479	26.7414
		P^-1:
			0.1569	-0.0143	-0.005
			-0.0143	0.093	-0.0236
			-0.005	-0.0236	0.1517
		A:
			0.6092	0.7373	0.292
			-0.6799	-0.7288	0.0814
			0.4462	0.0503	0.8935
			0.3159	0.7525	0.5779
			-0.2808	0.5705	0.7718
			-0.4635	0.0171	0.8859
		b:
			49.6663
			-35.3388
			40.488
			52.8268
			39.3852
			19.3909
	==================================================================================
	Q3:
		Shape: Ellipse
		q_c:	19.5	41.5	29.0
		ub :	25.9768	46.1286	34.4884
		lb :	13.0232	36.8714	23.5116
		P^-1:
			0.0342	-0.0078	0.0007
			-0.0078	0.3087	-0.1879
			0.0007	-0.1879	0.184
	==================================================================================
	Q4:
		Shape: Hybrid
		q_c:	33.0	35.5	21.0
		ub :	36.1831	39.8539	25.0
		lb :	29.8169	31.1461	17.0
		P^-1:
			0.4117	-0.0828	-0.0677
			-0.0828	0.2351	-0.1711
			-0.0677	-0.1711	0.3046
		A:
			0.6413	0.4529	-0.6194
			-0.5815	-0.6023	0.5469
			0.9374	0.0403	-0.3459
			-0.1259	0.8162	-0.5638
			-0.1126	0.7683	-0.6301
			-0.7761	0.3855	-0.4991
		b:
			25.0804
			-28.0015
			25.8898
			13.9475
			11.1823
			-21.4044
	==================================================================================
	Q5:
		Shape: Ellipse
		q_c:	27.0	33.0	20.0
		ub :	33.4149	38.7949	26.0611
		lb :	20.5851	27.2051	13.9389
		P^-1:
			0.0816	-0.0281	-0.0058
			-0.0281	0.0776	0.0122
			-0.0058	0.0122	0.0637
	==================================================================================
	Q6:
		Shape: Polyhedra
		q_c:	28.0	33.0	24.0
		ub :	30.2251	38.0524	29.1708
		lb :	25.7749	27.9476	18.8292
		A:
			-0.7088	0.3468	0.6143
			-0.3332	-0.3584	-0.8721
			0.4389	-0.3622	-0.8223
			0.6129	0.7387	-0.2805
			-0.9444	0.2367	0.2281
			-0.1445	-0.7181	-0.6808
			0.2531	0.7607	0.5977
			0.0037	0.617	-0.7869
			-0.9674	0.2013	0.1534
			-0.2531	-0.7607	-0.5977
			-0.0037	-0.617	0.7869
			0.9674	-0.2013	-0.1534
		b:
			8.4957
			-38.8592
			-16.6325
			38.0645
			-11.6412
			-41.0851
			49.5347
			5.5794
			-15.2638
			-43.5347
			2.4206
			18.2638


===========================================================================================
===========================================================================================
S3:
	q_c:	473.0	92.0	165.5
	ub :	494.7127	114.4084	186.8204
	lb :	449.5099	82.7848	142.6422

	==================================================================================
	Q1:
		Shape: Polyhedra
		q_c:	468.0	103.5	163.0
		ub :	477.1191	111.9071	170.536
		lb :	458.8809	95.0929	155.464
		A:
			0.4013	-0.5703	0.7167
			0.8438	0.3082	-0.4393
			-0.145	-0.8855	-0.4414
			0.613	-0.6989	-0.3683
			0.1922	0.6261	-0.7557
			0.4136	-0.072	-0.9076
			0.4936	0.8515	0.1767
			0.7179	-0.5137	0.4698
			0.4908	-0.1051	-0.8649
			-0.4936	-0.8515	-0.1767
			-0.7179	0.5137	-0.4698
			-0.4908	0.1051	0.8649
		b:
			251.0156
			360.3656
			-225.7056
			159.6335
			36.7752
			42.6664
			353.951
			364.9125
			82.3331
			-341.951
			-353.9125
			-73.3331
	==================================================================================
	Q2:
		Shape: Hybrid
		q_c:	476.0	98.0	176.0
		ub :	484.1792	107.5172	185.4692
		lb :	467.8208	88.4828	166.5308
		P^-1:
			0.0785	0.0057	-0.0429
			0.0057	0.0238	0.0018
			-0.0429	0.0018	0.0543
		A:
			-0.3585	0.393	-0.8468
			0.1133	0.6455	-0.7553
			-0.0027	-0.3457	0.9383
			0.7026	0.6568	0.274
			-0.5196	0.2836	0.806
			0.5074	-0.3294	-0.7962
		b:
			-275.4323
			-10.858
			134.7366
			451.1054
			-75.3181
			71.5688
	==================================================================================
	Q3:
		Shape: Polyhedra
		q_c:	469.5	101.5	153.5
		ub :	481.2974	113.4664	164.3578
		lb :	457.7026	89.5336	142.6422
		A:
			0.4759	-0.7034	-0.5281
			0.5541	-0.8177	0.1559
			0.3178	-0.9278	-0.1955
			0.6712	0.7344	0.1002
			0.9771	0.2119	-0.0201
			0.3135	-0.8676	0.386
			0.4318	0.8817	0.1903
			0.7984	-0.2754	-0.5354
			-0.4197	0.3831	-0.8229
			-0.4318	-0.8817	-0.1903
			-0.7984	0.2754	0.5354
			0.4197	-0.3831	0.8229
		b:
			78.0494
			208.2867
			32.6893
			413.4263
			484.5046
			125.8383
			329.917
			271.2008
			-277.4634
			-312.917
			-258.2008
			291.4634
	==================================================================================
	Q4:
		Shape: Polyhedra
		q_c:	460.0	103.0	179.0
		ub :	470.4901	114.4084	186.8204
		lb :	449.5099	91.5916	171.1796
		A:
			0.0765	-0.3608	-0.9295
			0.3893	-0.4065	-0.8266
			0.9813	0.1806	0.0665
			0.0392	0.4596	0.8873
			-0.0055	-0.0587	0.9983
			-0.2233	0.2336	0.9464
			0.7669	0.3823	0.5154
			0.4775	-0.8766	-0.0602
			0.4288	0.2923	-0.8548
			-0.7669	-0.3823	-0.5154
			-0.4775	0.8766	0.0602
			-0.4288	-0.2923	0.8548
		b:
			-162.2676
			-3.8435
			487.491
			230.3123
			175.4926
			96.7727
			489.4244
			127.5714
			79.8227
			-479.4244
			-109.5714
			-68.8227
	==================================================================================
	Q5:
		Shape: Polyhedra
		q_c:	485.0	93.0	161.0
		ub :	488.3996	100.8886	167.7003
		lb :	481.6004	85.1114	154.2997
		A:
			0.9498	0.2865	0.1257
			0.9747	0.1507	-0.1653
			-0.9768	-0.1329	-0.168
			-0.9834	-0.0538	-0.1733
			-0.8084	-0.5279	-0.2603
			0.517	-0.6518	0.5548
			0.9503	0.1062	0.2925
			-0.1778	-0.5862	0.7904
			0.2554	-0.8032	-0.5382
			-0.9503	-0.1062	-0.2925
			0.1778	0.5862	-0.7904
			-0.2554	0.8032	0.5382
		b:
			508.813
			462.3063
			-512.0241
			-508.5203
			-480.1594
			282.9656
			518.8904
			-10.4845
			-29.9527
			-516.8904
			16.4845
			44.9527
	==================================================================================
	Q6:
		Shape: Hybrid
		q_c:	487.0	92.5	165.0
		ub :	494.7127	102.2152	175.4826
		lb :	479.2873	82.7848	154.5174
		P^-1:
			0.0439	-0.0074	0.0093
			-0.0074	0.0276	0.0016
			0.0093	0.0016	0.0235
		A:
			-0.938	0.2825	-0.201
			-0.5345	0.8132	-0.2303
			0.6262	-0.3531	-0.6951
			-0.137	0.9727	-0.1873
			-0.9124	0.3441	-0.2218
			-0.0751	-0.8986	-0.4323
		b:
			-461.538
			-220.0151
			161.8039
			-3.705
			-446.8048
			-187.2406


===========================================================================================
===========================================================================================
S4:
	q_c:	62.0	259.0	175.0
	ub :	68.3966	274.8283	191.7111
	lb :	46.9896	242.2098	157.1427

	==================================================================================
	Q1:
		Shape: Hybrid
		q_c:	55.0	267.0	173.5
		ub :	63.0104	274.8283	178.5787
		lb :	46.9896	259.1717	168.4213
		P^-1:
			0.0406	0.0173	0.0174
			0.0173	0.0513	0.0198
			0.0174	0.0198	0.0964
		A:
			0.3275	-0.4436	0.8342
			0.2842	0.8273	-0.4845
			-0.2671	0.2775	0.9228
			-0.4739	0.8775	-0.0741
			0.1689	-0.2025	-0.9646
			-0.5103	0.7526	-0.4162
		b:
			47.1847
			155.5491
			221.9193
			199.5513
			-210.0036
			104.6941
	==================================================================================
	Q2:
		Shape: Ellipse
		q_c:	61.0	251.5	174.0
		ub :	68.3966	257.6527	178.288
		lb :	53.6034	245.3473	169.712
		P^-1:
			0.0442	-0.0224	-0.0143
			-0.0224	0.0684	-0.0064
			-0.0143	-0.0064	0.108
	==================================================================================
	Q3:
		Shape: Ellipse
		q_c:	58.5	264.0	177.5
		ub :	64.9828	271.0167	184.0064
		lb :	52.0172	256.9833	170.9936
		P^-1:
			0.1026	0.0153	0.0563
			0.0153	0.0471	0.0083
			0.0563	0.0083	0.0997
	==================================================================================
	Q4:
		Shape: Polyhedra
		q_c:	57.5	249.5	185.0
		ub :	64.2462	256.7902	191.7111
		lb :	50.7538	242.2098	178.2889
		A:
			0.9003	0.4148	-0.1319
			0.8395	0.2604	0.4768
			-0.2004	0.4162	0.8869
			-0.4085	0.4795	-0.7767
			-0.6859	-0.4384	-0.5808
			0.7591	0.5809	-0.2938
			0.6834	0.6695	0.291
			-0.1404	-0.2706	0.9524
			0.7164	-0.6918	-0.0909
			-0.6834	-0.6695	-0.291
			0.1404	0.2706	-0.9524
			-0.7164	0.6918	0.0909
		b:
			134.9226
			205.3752
			261.506
			-42.2487
			-252.4536
			138.4679
			263.6711
			106.1177
			-143.2181
			-256.6711
			-95.1177
			153.2181
	==================================================================================
	Q5:
		Shape: Hybrid
		q_c:	57.5	264.5	163.5
		ub :	62.764	271.1209	169.8573
		lb :	52.236	257.8791	157.1427
		P^-1:
			0.0812	-0.0024	-0.0029
			-0.0024	0.0687	-0.0156
			-0.0029	-0.0156	0.0628
		A:
			0.6812	-0.7034	0.2029
			-0.5944	-0.7843	-0.1777
			-0.4645	-0.4871	0.7396
			-0.5272	0.1352	0.8389
			0.6653	-0.5752	-0.476
			-0.1621	-0.1063	0.981
		b:
			-111.9002
			-268.4036
			-32.8173
			144.8316
			-189.5155
			125.193
	==================================================================================
	Q6:
		Shape: Hybrid
		q_c:	63.5	254.0	177.0
		ub :	66.981	258.4731	181.5678
		lb :	60.019	249.5269	172.4322
		P^-1:
			0.1466	0.074	0.0716
			0.074	0.2342	0.1731
			0.0716	0.1731	0.2372
		A:
			0.4209	-0.8628	-0.2801
			0.7914	0.477	0.3824
			0.6086	0.5496	0.5723
			0.4675	0.7301	0.4983
			0.6153	-0.7403	0.2709
			0.7634	0.5995	-0.2405
		b:
			-239.9727
			240.4231
			280.5056
			304.2657
			-98.1867
			160.5355


===========================================================================================
===========================================================================================
S5:
	q_c:	83.5	364.5	170.0
	ub :	98.3712	374.5441	175.5074
	lb :	76.1032	353.7419	158.4214

	==================================================================================
	Q1:
		Shape: Polyhedra
		q_c:	91.0	357.5	167.5
		ub :	95.3171	361.2581	171.3202
		lb :	86.6829	353.7419	163.6798
		A:
			0.171	0.3101	0.9352
			-0.4201	0.6082	-0.6735
			-0.2042	0.4826	-0.8517
			-0.1552	-0.7316	-0.6638
			0.6433	-0.2559	0.7216
			-0.2515	0.7571	-0.603
			0.0422	0.9926	0.1137
			0.8388	0.0266	-0.5438
			-0.5428	0.1183	-0.8315
			-0.0422	-0.9926	-0.1137
			-0.8388	-0.0266	0.5438
			0.5428	-0.1183	0.8315
		b:
			285.4776
			68.5803
			13.506
			-383.7958
			89.58
			149.4135
			381.2434
			-1.2264
			-144.8765
			-374.2434
			9.2264
			147.8765
	==================================================================================
	Q2:
		Shape: Ellipse
		q_c:	90.0	361.0	171.0
		ub :	94.1648	363.4882	174.5079
		lb :	85.8352	358.5118	167.4921
		P^-1:
			0.211	-0.3096	-0.0353
			-0.3096	0.8767	0.0261
			-0.0353	0.0261	0.154
	==================================================================================
	Q3:
		Shape: Polyhedra
		q_c:	94.5	370.0	162.5
		ub :	98.3712	374.5441	166.5786
		lb :	90.6288	365.4559	158.4214
		A:
			0.571	0.7579	-0.3155
			0.1052	0.2631	0.959
			-0.409	-0.1369	0.9022
			0.574	0.0768	0.8152
			-0.6062	-0.7742	-0.182
			-0.4281	0.3056	0.8505
			0.4996	0.7807	0.3755
			0.8619	-0.4043	-0.3061
			-0.0871	0.4765	-0.8748
			-0.4996	-0.7807	-0.3755
			-0.8619	0.4043	0.3061
			0.0871	-0.4765	0.8748
		b:
			285.9165
			265.823
			59.8041
			217.8429
			-370.3414
			213.3976
			400.0721
			-115.3939
			28.4083
			-394.0721
			120.3939
			-23.4083
	==================================================================================
	Q4:
		Shape: Ellipse
		q_c:	81.5	359.5	165.5
		ub :	86.8968	364.7108	169.3043
		lb :	76.1032	354.2892	161.6957
		P^-1:
			0.0943	0.021	-0.0208
			0.021	0.0868	0.0144
			-0.0208	0.0144	0.1525
	==================================================================================
	Q5:
		Shape: Hybrid
		q_c:	86.0	368.0	169.5
		ub :	92.5392	373.4402	175.5074
		lb :	79.4608	362.5598	163.4926
		P^-1:
			0.0686	-0.0071	-0.0141
			-0.0071	0.0777	-0.0077
			-0.0141	-0.0077	0.0663
		A:
			0.5113	0.3216	-0.797
			0.6037	0.1763	-0.7775
			-0.8997	-0.237	0.3665
			-0.6253	-0.7772	0.0708
			-0.0355	0.7917	0.6099
			0.4239	-0.6233	-0.6571
		b:
			29.0122
			-13.2262
			-100.5499
			-325.6137
			393.8991
			-302.3652
	==================================================================================
	Q6:
		Shape: Polyhedra
		q_c:	81.0	367.5	168.0
		ub :	82.9448	373.6635	173.9616
		lb :	79.0552	361.3365	162.0384
		A:
			0.9333	0.1656	-0.3187
			-0.9967	0.0416	0.0696
			-0.2669	0.8956	-0.356
			-0.9351	0.2469	0.2541
			-0.9422	0.2786	-0.186
			-0.8951	-0.1419	0.4226
			0.1531	0.7308	0.6651
			0.0384	0.6682	-0.743
			-0.9875	0.1393	0.0743
			-0.1531	-0.7308	-0.6651
			-0.0384	-0.6682	0.743
			0.9875	-0.1393	-0.0743
		b:
			84.4318
			-52.6702
			251.001
			59.2026
			-3.8635
			-52.0216
			398.2333
			126.8377
			-15.3112
			-387.2333
			-120.8377
			17.3112


===========================================================================================
===========================================================================================
S6:
	q_c:	74.5	488.5	277.0
	ub :	86.9188	497.8086	283.9318
	lb :	66.8693	476.1976	267.9293

	==================================================================================
	Q1:
		Shape: Polyhedra
		q_c:	70.0	481.5	273.5
		ub :	73.1307	486.8024	279.0707
		lb :	66.8693	476.1976	267.9293
		A:
			-0.6778	0.3013	-0.6707
			-0.9626	-0.0422	0.2677
			0.6641	-0.2881	0.6899
			0.2286	0.8884	-0.3981
			-0.645	0.0723	0.7607
			-0.1868	-0.4617	0.8672
			0.3768	0.5768	0.7248
			0.0152	0.7785	-0.6275
			-0.9262	0.2475	0.2845
			-0.3768	-0.5768	-0.7248
			-0.0152	-0.7785	0.6275
			0.9262	-0.2475	-0.2845
		b:
			-82.5013
			-12.6881
			99.8063
			338.0381
			200.1016
			4.8493
			506.8434
			207.2742
			133.6654
			-497.8434
			-201.2742
			-130.6654
	==================================================================================
	Q2:
		Shape: Polyhedra
		q_c:	75.0	489.5	275.0
		ub :	78.427	493.2685	277.6308
		lb :	71.573	485.7315	272.3692
		A:
			0.2667	-0.1942	-0.944
			0.1884	0.2624	-0.9464
			0.289	-0.3979	0.8707
			0.3007	0.839	0.4535
			-0.8734	-0.2995	0.3839
			-0.5198	0.2404	0.8198
			0.709	0.3298	0.6233
			0.3468	-0.9327	0.0989
			0.614	0.146	-0.7757
			-0.709	-0.3298	-0.6233
			-0.3468	0.9327	-0.0989
			-0.614	-0.146	0.7757
		b:
			-333.1204
			-116.1474
			68.6757
			560.6656
			-105.0667
			305.5688
			388.5115
			-400.3411
			-94.7672
			-383.5115
			406.3411
			96.7672
	==================================================================================
	Q3:
		Shape: Polyhedra
		q_c:	76.5	488.0	276.5
		ub :	80.8766	492.6305	280.4377
		lb :	72.1234	483.3695	272.5623
		A:
			-0.0194	0.8868	-0.4618
			0.9865	-0.0773	-0.1447
			-0.1605	-0.9217	-0.3532
			0.0686	-0.2603	-0.9631
			0.0804	0.9712	0.2243
			0.1392	0.0976	-0.9854
			0.7475	0.6389	0.1819
			0.2308	-0.5065	0.8308
			0.6229	-0.579	-0.526
			-0.7475	-0.6389	-0.1819
			-0.2308	0.5065	-0.8308
			-0.6229	0.579	0.526
		b:
			306.1863
			0.4558
			-556.9084
			-385.5246
			544.8914
			-211.6944
			422.2625
			2.709
			-377.8517
			-416.2625
			2.291
			382.8517
	==================================================================================
	Q4:
		Shape: Polyhedra
		q_c:	73.0	486.0	280.0
		ub :	75.8568	489.5529	283.9318
		lb :	70.1432	482.4471	276.0682
		A:
			0.6734	0.7306	0.1134
			-0.4965	-0.8562	0.1428
			-0.8084	0.4682	0.3568
			0.0138	-0.9773	0.2116
			0.2045	-0.6138	0.7625
			-0.6339	0.7728	-0.0301
			0.1866	0.6735	0.7153
			-0.1841	0.7391	-0.6479
			-0.965	-0.0107	0.2619
			-0.1866	-0.6735	-0.7153
			0.1841	-0.7391	0.6479
			0.965	0.0107	-0.2619
		b:
			438.2687
			-410.0272
			270.5933
			-412.2114
			-67.4034
			323.2342
			543.7081
			166.8576
			-0.3171
			-538.7081
			-161.8576
			4.3171
	==================================================================================
	Q5:
		Shape: Polyhedra
		q_c:	82.0	483.0	275.0
		ub :	86.9188	488.8797	280.8671
		lb :	77.0812	477.1203	269.1329
		A:
			0.9679	0.1123	0.2248
			0.916	0.4003	0.0263
			-0.7736	-0.6236	-0.1126
			-0.1245	0.3899	0.9124
			-0.6226	0.7195	0.3077
			-0.7763	-0.4923	-0.3937
			0.3904	0.8176	0.4233
			0.9166	-0.3021	-0.2617
			-0.0861	0.4902	-0.8674
			-0.3904	-0.8176	-0.4233
			-0.9166	0.3021	0.2617
			0.0861	-0.4902	0.8674
		b:
			198.9691
			279.1735
			-392.0847
			432.7084
			384.5872
			-406.2178
			546.808
			-139.2463
			-4.8256
			-539.808
			146.2463
			12.8256
	==================================================================================
	Q6:
		Shape: Hybrid
		q_c:	74.5	493.5	278.0
		ub :	77.9269	497.8086	282.4204
		lb :	71.0731	489.1914	273.5796
		P^-1:
			0.1117	0.0066	-0.0094
			0.0066	0.1806	-0.0899
			-0.0094	-0.0899	0.1313
		A:
			0.6951	-0.5356	0.4796
			0.5276	-0.551	0.6465
			-0.7003	-0.6941	0.1666
			-0.4135	0.8731	-0.2584
			0.4983	-0.8643	0.0682
			0.2434	-0.931	0.2722
		b:
			-77.5864
			-51.4019
			-346.7007
			329.7092
			-368.6139
			-364.2117


===========================================================================================
===========================================================================================
S7:
	q_c:	105.5	67.0	457.0
	ub :	119.2999	84.2617	475.3766
	lb :	90.0073	53.5522	439.7672

	==================================================================================
	Q1:
		Shape: Polyhedra
		q_c:	111.0	75.0	461.0
		ub :	119.2999	82.3146	468.5604
		lb :	102.7001	67.6854	453.4396
		A:
			0.7127	0.6552	0.2506
			0.279	-0.5421	-0.7927
			0.6474	-0.6398	-0.4142
			0.839	0.1274	-0.529
			0.6124	0.789	-0.05
			-0.0791	-0.4409	-0.8941
			0.3372	0.8667	0.3676
			0.5557	0.132	-0.8208
			-0.7599	0.4811	-0.4371
			-0.3372	-0.8667	-0.3676
			-0.5557	-0.132	0.8208
			0.7599	-0.4811	0.4371
		b:
			248.4415
			-370.8296
			-162.1125
			-136.8995
			108.511
			-449.6112
			276.4166
			-302.8227
			-243.7762
			-267.4166
			310.8227
			255.7762
	==================================================================================
	Q2:
		Shape: Hybrid
		q_c:	99.0	66.5	453.5
		ub :	107.9927	74.8895	462.1143
		lb :	90.0073	58.1105	444.8857
		P^-1:
			0.0195	-0.0007	-0.0047
			-0.0007	0.018	0.0019
			-0.0047	0.0019	0.0311
		A:
			-0.6097	0.5342	0.5856
			-0.077	-0.9881	-0.1335
			-0.5283	0.7518	0.3946
			-0.7465	0.0516	0.6634
			0.8513	0.0136	-0.5245
			0.1592	-0.731	-0.6635
		b:
			244.1937
			-129.2093
			180.6588
			233.6513
			-149.0632
			-330.1076
	==================================================================================
	Q3:
		Shape: Polyhedra
		q_c:	104.0	67.0	452.0
		ub :	109.7713	72.9886	457.7804
		lb :	98.2287	61.0114	446.2196
		A:
			0.3307	-0.9089	0.254
			0.3573	-0.0664	-0.9316
			0.3393	-0.3584	-0.8697
			-0.9533	-0.0988	0.2855
			0.0557	0.1909	-0.98
			0.8003	-0.3696	-0.4722
			0.1886	0.9454	0.2659
			0.6728	0.0729	-0.7363
			-0.7154	0.3177	-0.6223
			-0.1886	-0.9454	-0.2659
			-0.6728	-0.0729	0.7363
			0.7154	-0.3177	0.6223
		b:
			93.0475
			-385.7653
			-378.8528
			26.3209
			-420.8523
			-151.9514
			207.637
			-255.9409
			-329.3813
			-198.637
			259.9409
			339.3813
	==================================================================================
	Q4:
		Shape: Ellipse
		q_c:	107.0	70.0	447.5
		ub :	114.8129	77.1795	455.2328
		lb :	99.1871	62.8205	439.7672
		P^-1:
			0.0246	-0.0006	0.0042
			-0.0006	0.043	0.0046
			0.0042	0.0046	0.0454
	==================================================================================
	Q5:
		Shape: Ellipse
		q_c:	103.0	58.0	466.5
		ub :	107.1383	62.4478	468.8864
		lb :	98.8617	53.5522	464.1136
		P^-1:
			0.2976	0.1851	-0.016
			0.1851	0.2111	0.0202
			-0.016	0.0202	0.4427
	==================================================================================
	Q6:
		Shape: Ellipse
		q_c:	104.5	76.5	468.5
		ub :	108.0023	84.2617	475.3766
		lb :	100.9977	68.7383	461.6234
		P^-1:
			0.4044	0.1018	-0.0698
			0.1018	0.0613	-0.0015
			-0.0698	-0.0015	0.0649


===========================================================================================
===========================================================================================
S8:
	q_c:	26.5	205.0	305.0
	ub :	34.3064	210.5918	314.6284
	lb :	19.9025	198.1636	300.6675

	==================================================================================
	Q1:
		Shape: Polyhedra
		q_c:	31.0	201.5	303.0
		ub :	34.3064	203.92	305.3325
		lb :	27.6936	199.08	300.6675
		A:
			-0.0738	-0.8051	0.5885
			0.1435	0.5787	-0.8028
			-0.2132	-0.5459	0.8103
			-0.2022	-0.6169	0.7606
			-0.0892	0.7926	-0.6032
			0.3659	0.3996	0.8405
			0.1267	0.6931	0.7096
			0.0303	0.7124	-0.7011
			-0.9915	0.1104	0.0693
			-0.1267	-0.6931	-0.7096
			-0.0303	-0.7124	0.7011
			0.9915	-0.1104	-0.0693
		b:
			14.4187
			-121.4448
			129.8085
			100.6782
			-25.1432
			348.9667
			361.1047
			-67.462
			15.4935
			-356.1047
			68.462
			-9.4935
	==================================================================================
	Q2:
		Shape: Polyhedra
		q_c:	30.5	201.5	308.5
		ub :	32.7231	204.2908	310.6895
		lb :	28.2769	198.7092	306.3105
		A:
			0.1305	-0.0781	0.9884
			0.6721	-0.1247	0.7299
			-0.8678	0.406	0.2864
			0.4417	-0.7301	0.5214
			-0.2136	0.0748	-0.9741
			0.4568	-0.2272	0.8601
			0.4253	0.8618	0.2764
			-0.01	0.3099	-0.9507
			-0.905	0.4016	0.1404
			-0.4253	-0.8618	-0.2764
			0.01	-0.3099	0.9507
			0.905	-0.4016	-0.1404
		b:
			294.6946
			222.1153
			145.185
			28.7644
			-290.3811
			235.0182
			273.9029
			-229.6656
			98.1232
			-269.9029
			232.6656
			-95.1232
	==================================================================================
	Q3:
		Shape: Ellipse
		q_c:	29.0	206.5	310.0
		ub :	33.1615	210.5918	314.6284
		lb :	24.8385	202.4082	305.3716
		P^-1:
			0.155	0.0114	-0.0095
			0.0114	0.1341	0.0216
			-0.0095	0.0216	0.142
	==================================================================================
	Q4:
		Shape: Hybrid
		q_c:	25.5	201.0	309.0
		ub :	27.8732	203.8364	311.8525
		lb :	23.1268	198.1636	306.1475
		P^-1:
			0.7396	-0.055	-0.3528
			-0.055	0.2562	0.0397
			-0.3528	0.0397	0.5042
		A:
			0.8235	-0.5628	0.0717
			0.7312	-0.3748	-0.57
			-0.1424	0.9334	-0.3294
			0.6715	-0.5063	0.5411
			-0.6973	0.1824	0.6932
			0.6328	0.0727	-0.7709
		b:
			-68.8363
			-232.1856
			83.6758
			84.0134
			233.6089
			-206.839
	==================================================================================
	Q5:
		Shape: Ellipse
		q_c:	22.0	201.5	307.5
		ub :	24.0975	204.743	311.1331
		lb :	19.9025	198.257	303.8669
		P^-1:
			3.1652	1.5481	0.1631
			1.5481	1.12	-0.1165
			0.1631	-0.1165	0.2409
	==================================================================================
	Q6:
		Shape: Hybrid
		q_c:	28.0	204.0	309.0
		ub :	29.9886	206.1937	310.9933
		lb :	26.0114	201.8063	307.0067
		P^-1:
			0.5767	-0.0797	-0.226
			-0.0797	0.2873	0.142
			-0.226	0.142	0.8305
		A:
			-0.8408	0.4403	0.3149
			-0.0932	-0.3468	-0.9333
			0.0223	-0.0037	-0.9997
			0.6287	0.7324	0.2613
			0.3834	0.2573	-0.887
			0.0124	-0.3215	-0.9468
		b:
			164.3627
			-361.0343
			-308.3671
			249.0445
			-210.0582
			-357.1565


===========================================================================================
===========================================================================================
S9:
	q_c:	470.5	257.0	449.5
	ub :	483.7977	268.3301	459.6921
	lb :	458.2451	249.8738	437.3188

	==================================================================================
	Q1:
		Shape: Ellipse
		q_c:	469.0	257.0	452.0
		ub :	476.1517	264.1262	459.3995
		lb :	461.8483	249.8738	444.6005
		P^-1:
			0.0613	0.0173	0.0099
			0.0173	0.0624	0.0032
			0.0099	0.0032	0.0473
	==================================================================================
	Q2:
		Shape: Ellipse
		q_c:	478.5	262.0	442.5
		ub :	483.7977	265.7595	447.6812
		lb :	473.2023	258.2405	437.3188
		P^-1:
			0.0972	-0.0486	0.043
			-0.0486	0.2069	-0.0435
			0.043	-0.0435	0.1195
	==================================================================================
	Q3:
		Shape: Polyhedra
		q_c:	462.5	265.5	455.5
		ub :	466.7549	268.3301	459.6921
		lb :	458.2451	262.6699	451.3079
		A:
			-0.3145	-0.9077	-0.2778
			-0.3701	-0.4918	0.7882
			-0.6282	0.7646	-0.1444
			-0.9076	-0.0425	0.4177
			0.5391	-0.7394	-0.4033
			-0.023	0.8844	0.4662
			0.8614	0.2266	0.4545
			-0.3116	0.9425	0.1206
			-0.4011	-0.2455	0.8825
			-0.8614	-0.2266	-0.4545
			0.3116	-0.9425	-0.1206
			0.4011	0.2455	-0.8825
		b:
			-510.8263
			60.2087
			-151.4182
			-237.8942
			-128.8273
			438.429
			668.6044
			162.5849
			154.3248
			-662.6044
			-159.5849
			-148.3248
	==================================================================================
	Q4:
		Shape: Ellipse
		q_c:	478.0	257.0	454.5
		ub :	483.2352	260.8234	457.5185
		lb :	472.7648	253.1766	451.4815
		P^-1:
			0.0977	-0.0789	-0.0336
			-0.0789	0.2091	-0.0174
			-0.0336	-0.0174	0.2426
	==================================================================================
	Q5:
		Shape: Hybrid
		q_c:	469.5	259.0	444.0
		ub :	473.3327	263.0582	447.6679
		lb :	465.6673	254.9418	440.3321
		P^-1:
			0.3808	0.3583	0.2374
			0.3583	0.5133	0.2756
			0.2374	0.2756	0.2987
		A:
			0.6464	0.7481	0.1502
			-0.8805	0.1789	-0.439
			-0.7194	-0.3832	-0.5793
			0.269	0.5629	0.7815
			0.8395	0.5433	-0.0048
			-0.4159	-0.7998	-0.4328
		b:
			564.7981
			-559.6557
			-693.2457
			620.2547
			534.1848
			-593.88
	==================================================================================
	Q6:
		Shape: Polyhedra
		q_c:	469.5	256.5	450.0
		ub :	473.6968	262.3469	455.5846
		lb :	465.3032	250.6531	444.4154
		A:
			-0.7296	-0.3079	-0.6107
			0.6671	0.7309	-0.1441
			-0.538	-0.8407	-0.062
			-0.9763	-0.0082	0.2161
			0.2573	0.8772	0.4054
			0.6002	-0.6996	-0.3877
			0.1606	0.6451	0.747
			0.9195	-0.3729	0.1243
			0.3587	0.6669	-0.6531
			-0.1606	-0.6451	-0.747
			-0.9195	0.3729	-0.1243
			-0.3587	-0.6669	0.6531
		b:
			-692.8371
			439.3626
			-492.3985
			-360.4538
			532.1727
			-68.8924
			581.0403
			394.5054
			49.0927
			-573.0403
			-389.5054
			-42.0927


===========================================================================================
===========================================================================================
S10:
	q_c:	305.5	470.5	369.0
	ub :	310.2336	475.9479	377.1161
	lb :	298.1448	464.6959	362.4755

	==================================================================================
	Q1:
		Shape: Hybrid
		q_c:	307.5	472.5	372.0
		ub :	310.2336	475.9479	375.707
		lb :	304.7664	469.0521	368.293
		P^-1:
			0.614	0.3482	0.1602
			0.3482	0.4783	0.2269
			0.1602	0.2269	0.2688
		A:
			-0.3396	-0.7875	-0.5143
			-0.945	0.2965	-0.1381
			0.7379	0.3895	0.5512
			-0.6407	-0.7678	0.0007
			0.731	0.6664	0.1472
			-0.7938	-0.6027	-0.0821
		b:
			-667.0985
			-200.2775
			616.8033
			-558.5814
			595.0015
			-558.7277
	==================================================================================
	Q2:
		Shape: Polyhedra
		q_c:	305.5	467.0	366.0
		ub :	308.4594	469.2073	369.5245
		lb :	302.5406	464.7927	362.4755
		A:
			-0.091	-0.9257	-0.3672
			-0.2464	0.9655	-0.084
			-0.3813	-0.894	-0.2352
			0.07	-0.9861	-0.1504
			-0.5018	-0.8196	-0.2764
			-0.2616	0.9598	0.1016
			0.1449	0.9338	0.3271
			0.9822	-0.0957	-0.1617
			-0.1197	0.3447	-0.931
			-0.1449	-0.9338	-0.3271
			-0.9822	0.0957	0.1617
			0.1197	-0.3447	0.931
		b:
			-593.4886
			346.6091
			-618.9201
			-492.9615
			-635.9109
			407.031
			601.0779
			198.6672
			-213.3335
			-599.0779
			-193.6672
			219.3335
	==================================================================================
	Q3:
		Shape: Ellipse
		q_c:	304.5	470.0	369.0
		ub :	306.7792	472.6682	371.528
		lb :	302.2208	467.3318	366.472
		P^-1:
			0.6819	0.1016	-0.2792
			0.1016	0.4373	-0.2195
			-0.2792	-0.2195	0.5752
	==================================================================================
	Q4:
		Shape: Hybrid
		q_c:	303.0	467.0	373.0
		ub :	306.5415	469.3041	376.9464
		lb :	299.4585	464.6959	369.0536
		P^-1:
			0.1537	-0.0127	0.0204
			-0.0127	0.4299	-0.0651
			0.0204	-0.0651	0.1319
		A:
			0.4009	0.8468	-0.3496
			0.4619	0.7904	-0.4023
			0.2738	0.0661	0.9595
			-0.3445	-0.7882	0.5099
			0.001	0.6283	0.778
			-0.5822	0.812	0.0409
		b:
			387.6503
			360.2739
			473.7774
			-281.0845
			585.849
			219.3054
	==================================================================================
	Q5:
		Shape: Polyhedra
		q_c:	306.5	471.5	366.5
		ub :	308.8983	473.9865	369.0504
		lb :	304.1017	469.0135	363.9496
		A:
			-0.986	0.0221	0.1651
			-0.9352	0.3425	-0.0898
			-0.5959	0.3352	0.7298
			-0.6442	0.715	-0.2717
			0.4618	-0.2272	-0.8574
			0.5101	-0.7998	-0.3163
			0.4904	0.4784	0.7284
			-0.7489	0.6588	0.0715
			-0.4457	-0.5806	0.6814
			-0.4904	-0.4784	-0.7284
			0.7489	-0.6588	-0.0715
			0.4457	0.5806	-0.6814
		b:
			-230.0016
			-156.8715
			244.215
			41.2097
			-278.3165
			-335.4992
			644.854
			108.3114
			-159.1228
			-640.854
			-106.3114
			162.1228
	==================================================================================
	Q6:
		Shape: Hybrid
		q_c:	302.0	471.0	373.0
		ub :	305.8552	475.0496	377.1161
		lb :	298.1448	466.9504	368.8839
		P^-1:
			0.1995	0.0347	-0.0373
			0.0347	0.19	-0.0403
			-0.0373	-0.0403	0.1022
		A:
			-0.0158	0.8031	-0.5957
			-0.2352	-0.8625	0.448
			-0.9118	-0.2312	-0.3394
			-0.6416	0.3914	-0.6597
			-0.5492	-0.804	0.228
			-0.9981	-0.0487	0.0377
		b:
			152.7164
			-309.0035
			-509.1348
			-253.5128
			-458.4354
			-308.9758


===========================================================================================
===========================================================================================
S11:
	q_c:	104.0	246.0	82.0
	ub :	114.3675	261.9588	96.9586
	lb :	88.9816	235.4769	69.0519

	==================================================================================
	Q1:
		Shape: Ellipse
		q_c:	96.0	254.0	76.5
		ub :	103.0184	261.9588	83.9481
		lb :	88.9816	246.0412	69.0519
		P^-1:
			0.0713	0.0199	-0.0331
			0.0199	0.0459	-0.0137
			-0.0331	-0.0137	0.067
	==================================================================================
	Q2:
		Shape: Ellipse
		q_c:	106.5	243.5	90.0
		ub :	114.3675	251.5231	96.9586
		lb :	98.6325	235.4769	83.0414
		P^-1:
			0.0446	0.0175	0.0164
			0.0175	0.0503	0.0078
			0.0164	0.0078	0.064
	==================================================================================
	Q3:
		Shape: Ellipse
		q_c:	99.5	249.5	89.0
		ub :	106.8155	254.7395	95.8591
		lb :	92.1845	244.2605	82.1409
		P^-1:
			0.0507	-0.005	0.0349
			-0.005	0.1258	-0.042
			0.0349	-0.042	0.0929
	==================================================================================
	Q4:
		Shape: Ellipse
		q_c:	102.5	253.0	77.5
		ub :	109.3388	258.6521	84.8795
		lb :	95.6612	247.3479	70.1205
		P^-1:
			0.1691	-0.1776	-0.0616
			-0.1776	0.2738	0.1009
			-0.0616	0.1009	0.0788
	==================================================================================
	Q5:
		Shape: Polyhedra
		q_c:	103.0	241.5	83.0
		ub :	107.9685	246.5045	87.7177
		lb :	98.0315	236.4955	78.2823
		A:
			0.37	0.8017	0.4695
			-0.097	0.7519	-0.6521
			-0.3303	0.0722	-0.9411
			-0.0621	-0.6082	0.7914
			0.3224	0.4005	0.8577
			-0.2654	-0.9637	-0.0306
			0.9018	0.3293	0.2799
			-0.027	-0.6035	0.7969
			0.4313	-0.7262	-0.5353
			-0.9018	-0.3293	-0.2799
			0.027	0.6035	-0.7969
			-0.4313	0.7262	0.5353
		b:
			274.2435
			120.0004
			-91.6515
			-85.0849
			204.5241
			-259.3748
			199.6344
			-79.8656
			-172.3948
			-191.6344
			84.8656
			178.3948
	==================================================================================
	Q6:
		Shape: Hybrid
		q_c:	107.5	254.0	84.5
		ub :	114.0957	259.562	91.6006
		lb :	100.9043	248.438	77.3994
		P^-1:
			0.0495	-0.001	0.0003
			-0.001	0.0615	-0.0033
			0.0003	-0.0033	0.0503
		A:
			0.3798	0.5142	-0.769
			0.04	-0.6452	0.7629
			-0.5944	-0.471	0.6518
			-0.7321	0.6748	-0.0933
			-0.4338	0.8741	-0.2184
			0.1997	0.7491	-0.6317
		b:
			108.737
			-92.9485
			-126.1225
			87.0653
			159.0161
			160.481


===========================================================================================
===========================================================================================
S12:
	q_c:	514.5	226.0	181.0
	ub :	527.4833	239.7909	194.4783
	lb :	495.8062	212.6324	163.3226

	==================================================================================
	Q1:
		Shape: Hybrid
		q_c:	517.5	224.5	180.5
		ub :	525.2564	232.4438	186.6818
		lb :	509.7436	216.5562	174.3182
		P^-1:
			0.0393	0.0165	0.0097
			0.0165	0.0531	-0.0132
			0.0097	-0.0132	0.0753
		A:
			-0.4119	0.8362	-0.3621
			0.2988	0.873	0.3855
			-0.0159	-0.2247	-0.9743
			0.3237	-0.0881	0.9421
			0.1109	0.8865	-0.4492
			0.6633	0.0475	0.7469
		b:
			-87.3614
			422.864
			-232.0789
			319.6166
			177.551
			490.9719
	==================================================================================
	Q2:
		Shape: Ellipse
		q_c:	517.5	220.5	175.0
		ub :	523.2572	227.234	181.5932
		lb :	511.7428	213.766	168.4068
		P^-1:
			0.1034	-0.0179	0.0149
			-0.0179	0.0695	0.0346
			0.0149	0.0346	0.0824
	==================================================================================
	Q3:
		Shape: Ellipse
		q_c:	522.0	231.5	185.5
		ub :	527.4833	239.6484	194.4783
		lb :	516.5167	223.3516	176.5217
		P^-1:
			0.0762	-0.0064	-0.0156
			-0.0064	0.0319	-0.0019
			-0.0156	-0.0019	0.0303
	==================================================================================
	Q4:
		Shape: Ellipse
		q_c:	505.5	221.5	172.5
		ub :	515.1938	230.3676	180.5975
		lb :	495.8062	212.6324	164.4025
		P^-1:
			0.0312	0.0075	0.0004
			0.0075	0.0318	0.0031
			0.0004	0.0031	0.0337
	==================================================================================
	Q5:
		Shape: Polyhedra
		q_c:	516.5	220.0	184.0
		ub :	521.2198	224.8038	188.1055
		lb :	511.7802	215.1962	179.8945
		A:
			0.424	0.1609	0.8912
			0.95	0.2016	-0.2384
			-0.5992	0.8004	-0.0208
			0.8321	0.3945	-0.3899
			0.6049	0.6906	-0.3965
			0.0452	0.4544	-0.8897
			0.7892	0.5229	0.3221
			0.5789	-0.8086	-0.1056
			0.2052	0.2698	-0.9408
			-0.7892	-0.5229	-0.3221
			-0.5789	0.8086	0.1056
			-0.2052	-0.2698	0.9408
		b:
			421.3952
			494.1678
			-134.2104
			447.8309
			394.3936
			-37.3723
			584.9193
			104.6754
			-4.7642
			-578.9193
			-98.6754
			10.7642
	==================================================================================
	Q6:
		Shape: Polyhedra
		q_c:	510.0	234.5	168.5
		ub :	514.4034	239.7909	173.6774
		lb :	505.5966	229.2091	163.3226
		A:
			0.449	-0.8267	0.3391
			-0.9208	-0.3842	0.0671
			0.5503	-0.3767	-0.7452
			0.3741	-0.8524	0.3653
			0.8753	0.4208	-0.2383
			-0.3403	0.5915	-0.731
			0.8827	0.2898	0.37
			-0.2044	-0.4721	0.8575
			0.4232	-0.8325	-0.3575
			-0.8827	-0.2898	-0.37
			0.2044	0.4721	-0.8575
			-0.4232	0.8325	0.3575
		b:
			95.7085
			-545.677
			70.263
			55.9042
			507.807
			-154.6532
			582.971
			-66.9731
			-36.1166
			-577.971
			73.9731
			43.1166


===========================================================================================
===========================================================================================
S13:
	q_c:	254.0	30.5	97.5
	ub :	260.8168	36.1296	100.9529
	lb :	249.0442	24.8828	90.9884

	==================================================================================
	Q1:
		Shape: Ellipse
		q_c:	257.0	27.5	96.0
		ub :	258.7054	29.1556	97.8265
		lb :	255.2946	25.8444	94.1735
		P^-1:
			0.9653	-0.0271	0.1317
			-0.0271	0.9788	0.1029
			0.1317	0.1029	0.5004
	==================================================================================
	Q2:
		Shape: Ellipse
		q_c:	257.0	29.5	95.0
		ub :	260.1498	32.3144	97.8781
		lb :	253.8502	26.6856	92.1219
		P^-1:
			0.3192	0.0004	-0.0931
			0.0004	0.25	-0.0006
			-0.0931	-0.0006	0.3753
	==================================================================================
	Q3:
		Shape: Hybrid
		q_c:	258.0	28.0	95.5
		ub :	260.8168	29.8166	98.0548
		lb :	255.1832	26.1834	92.9452
		P^-1:
			0.4384	0.1172	0.3776
			0.1172	0.9755	-0.0788
			0.3776	-0.0788	0.7461
		A:
			0.4625	-0.3445	0.8169
			0.5954	0.6653	0.4504
			-0.1244	-0.8352	0.5357
			0.8564	-0.2538	0.4497
			0.3847	0.5388	0.7494
			0.3811	0.8632	0.3311
		b:
			188.207
			215.7901
			-3.6622
			257.8001
			186.4992
			154.6113
