3D_50_7_6_e                l = 3

===========================================================================================
===========================================================================================
S1:
	q_c:	390.0	497.5	60.5
	ub :	394.8399	503.5802	66.3929
	lb :	384.7832	495.721	56.8601

	==================================================================================
	Q1:
		Shape: Polyhedra
		q_c:	392.5	498.0	58.5
		ub :	394.8399	500.279	60.1399
		lb :	390.1601	495.721	56.8601
		A:
			-0.815	-0.5752	0.0707
			-0.0653	0.0876	0.994
			-0.0256	0.831	-0.5557
			0.6283	0.2936	-0.7204
			0.7287	-0.1208	-0.674
			-0.2605	0.5029	0.8241
			0.6834	0.5772	0.447
			0.6248	-0.7792	0.0509
			0.3777	0.2445	-0.8931
			-0.6834	-0.5772	-0.447
			-0.6248	0.7792	-0.0509
			-0.3777	-0.2445	0.8931
		b:
			-600.7954
			77.2501
			372.5672
			351.743
			187.6154
			197.7185
			583.3196
			-138.3286
			218.7532
			-580.3196
			141.3286
			-216.7532
	==================================================================================
	Q2:
		Shape: Polyhedra
		q_c:	387.0	500.5	62.0
		ub :	389.2168	503.4073	65.0684
		lb :	384.7832	497.5927	58.9316
		A:
			-0.4272	-0.7471	0.5092
			-0.8739	0.0738	0.4804
			-0.9038	-0.0384	-0.4262
			0.7758	0.6267	-0.0737
			0.7745	-0.3509	0.5263
			0.6408	-0.4721	0.6054
			0.2211	0.8166	0.5332
			-0.1666	0.5704	-0.8043
			-0.9609	0.089	0.2622
			-0.2211	-0.8166	-0.5332
			0.1666	-0.5704	0.8043
			0.9609	-0.089	-0.2622
		b:
			-505.7871
			-269.9628
			-393.6926
			611.0861
			158.5819
			51.1016
			529.3164
			173.1196
			-309.5767
			-525.3164
			-169.1196
			312.5767
	==================================================================================
	Q3:
		Shape: Ellipse
		q_c:	391.0	499.5	64.0
		ub :	392.8842	501.7722	66.3929
		lb :	389.1158	497.2278	61.6071
		P^-1:
			0.7542	0.254	0.1115
			0.254	0.6437	0.1324
			0.1115	0.1324	0.2965
	==================================================================================
	Q4:
		Shape: Hybrid
		q_c:	391.5	499.5	63.0
		ub :	392.7032	501.0986	64.1941
		lb :	390.2968	497.9014	61.8059
		P^-1:
			3.4199	1.0865	0.6607
			1.0865	0.8444	0.2846
			0.6607	0.2846	1.1802
		A:
			-0.8928	0.0764	-0.4438
			0.7062	0.5794	0.4069
			-0.9827	0.051	0.178
			-0.2776	-0.026	-0.9604
			0.8362	0.4978	-0.2302
			-0.9936	0.0761	0.0835
		b:
			-338.84
			591.9406
			-347.5205
			-181.4817
			561.9494
			-345.1786
	==================================================================================
	Q5:
		Shape: Ellipse
		q_c:	391.5	502.0	62.5
		ub :	393.0053	503.1684	64.0129
		lb :	389.9947	500.8316	60.9871
		P^-1:
			1.9791	0.3313	1.7285
			0.3313	1.0676	0.3135
			1.7285	0.3135	2.3977
	==================================================================================
	Q6:
		Shape: Hybrid
		q_c:	392.5	501.0	61.0
		ub :	394.7372	503.5802	63.3842
		lb :	390.2628	498.4198	58.6158
		P^-1:
			0.4444	0.0	0.0
			0.0	0.4444	0.0
			0.0	0.0	0.4444
		A:
			-0.5595	-0.7155	0.4183
			0.691	0.7078	0.1467
			0.666	0.7341	0.1329
			0.6749	0.2856	-0.6803
			-0.6791	-0.5864	0.4415
			0.5663	0.6365	0.5235
		b:
			-551.8077
			635.5254
			638.0088
			367.2727
			-532.6562
			573.8758


===========================================================================================
===========================================================================================
S2:
	q_c:	350.5	134.0	407.5
	ub :	367.2591	155.3451	425.9509
	lb :	327.9609	109.9289	386.9777

	==================================================================================
	Q1:
		Shape: Ellipse
		q_c:	351.5	148.5	413.5
		ub :	359.4262	155.3451	422.1019
		lb :	343.5738	141.6549	404.8981
		P^-1:
			0.0588	-0.0517	0.0216
			-0.0517	0.1139	-0.036
			0.0216	-0.036	0.0428
	==================================================================================
	Q2:
		Shape: Ellipse
		q_c:	355.0	122.5	405.5
		ub :	366.433	135.0711	418.0908
		lb :	343.567	109.9289	392.9092
		P^-1:
			0.0173	0.0009	0.0004
			0.0009	0.0144	0.0009
			0.0004	0.0009	0.0155
	==================================================================================
	Q3:
		Shape: Polyhedra
		q_c:	345.0	132.0	410.5
		ub :	352.2536	136.5965	416.9225
		lb :	337.7464	127.4035	404.0775
		A:
			-0.6336	-0.7635	0.1251
			-0.2497	0.6279	-0.7371
			0.8602	0.2041	0.4674
			-0.787	0.0539	-0.6146
			-0.7472	-0.4906	-0.4483
			-0.5843	-0.7496	-0.3109
			0.6206	0.1478	0.7701
			-0.7634	0.3383	0.5502
			-0.1792	-0.9293	0.3228
			-0.6206	-0.1478	-0.7701
			0.7634	-0.3383	-0.5502
			0.1792	0.9293	-0.3228
		b:
			-265.1308
			-303.631
			518.8514
			-513.5965
			-503.9576
			-425.8825
			552.231
			14.1621
			-49.9975
			-547.231
			-0.1621
			53.9975
	==================================================================================
	Q4:
		Shape: Polyhedra
		q_c:	358.0	120.5	396.5
		ub :	367.2591	130.7961	406.0223
		lb :	348.7409	110.2039	386.9777
		A:
			0.4907	0.1493	-0.8584
			-0.629	-0.7606	0.1609
			0.9453	0.3146	-0.0864
			0.628	-0.7072	-0.3248
			0.6904	-0.2341	-0.6846
			0.9045	-0.4243	0.0429
			0.3946	0.8294	0.3955
			0.5255	-0.5568	0.6433
			0.7538	-0.046	-0.6555
			-0.3946	-0.8294	-0.3955
			-0.5255	0.5568	-0.6433
			-0.7538	0.046	0.6555
		b:
			-142.4355
			-245.7018
			348.1715
			16.4592
			-48.2255
			294.5852
			406.5226
			381.6052
			8.4052
			-389.5226
			-370.6052
			-0.4052
	==================================================================================
	Q5:
		Shape: Hybrid
		q_c:	338.0	137.5	407.0
		ub :	348.0391	147.5941	414.5585
		lb :	327.9609	127.4059	399.4415
		P^-1:
			0.0281	0.0127	0.0058
			0.0127	0.0335	0.0053
			0.0058	0.0053	0.0386
		A:
			0.1503	0.9749	-0.164
			-0.1607	-0.9245	-0.3458
			0.4405	0.8716	-0.2153
			-0.009	-0.1975	-0.9803
			-0.1271	-0.3054	-0.9437
			-0.2652	0.5286	-0.8064
		b:
			121.5806
			-319.0693
			184.0334
			-426.2987
			-466.3606
			-341.4619
	==================================================================================
	Q6:
		Shape: Polyhedra
		q_c:	347.0	129.5	415.5
		ub :	355.6698	139.5592	425.9509
		lb :	338.3302	119.4408	405.0491
		A:
			-0.8438	-0.226	0.4868
			-0.4509	0.2117	-0.8671
			-0.4901	0.4557	0.7431
			-0.6373	0.4952	-0.5904
			-0.6854	0.3277	-0.6503
			0.5884	-0.6072	-0.5339
			0.561	0.5723	0.5981
			-0.146	0.7796	-0.6091
			-0.8148	0.2544	0.5209
			-0.561	-0.5723	-0.5981
			0.146	-0.7796	0.6091
			0.8148	-0.2544	-0.5209
		b:
			-114.4366
			-482.8248
			202.9899
			-396.0145
			-459.1977
			-90.9993
			523.7902
			-196.2744
			-28.3601
			-510.7902
			209.2744
			38.3601


===========================================================================================
===========================================================================================
S3:
	q_c:	154.5	478.5	165.5
	ub :	167.5592	493.417	177.0681
	lb :	143.2854	466.0416	150.7463

	==================================================================================
	Q1:
		Shape: Polyhedra
		q_c:	157.5	482.0	157.5
		ub :	162.9472	488.6374	164.2537
		lb :	152.0528	475.3626	150.7463
		A:
			-0.4335	-0.8817	0.1863
			0.5907	0.1395	0.7947
			0.6647	0.3008	-0.6839
			0.984	0.0024	0.1781
			0.9829	0.1213	0.1384
			0.6788	0.0576	-0.7321
			0.3059	0.677	0.6694
			0.8349	0.1472	-0.5304
			-0.4576	0.7211	-0.5202
			-0.3059	-0.677	-0.6694
			-0.8349	-0.1472	0.5304
			0.4576	-0.7211	0.5202
		b:
			-459.9226
			290.12
			144.6018
			187.7211
			238.5841
			22.0987
			484.9376
			121.3782
			197.5571
			-474.9376
			-116.3782
			-189.5571
	==================================================================================
	Q2:
		Shape: Ellipse
		q_c:	149.5	472.5	173.0
		ub :	155.7146	478.9584	177.0681
		lb :	143.2854	466.0416	168.9319
		P^-1:
			0.0627	-0.0196	-0.0079
			-0.0196	0.0615	-0.0106
			-0.0079	-0.0106	0.1085
	==================================================================================
	Q3:
		Shape: Hybrid
		q_c:	156.0	487.0	166.0
		ub :	160.2156	491.4255	169.1588
		lb :	151.7844	482.5745	162.8412
		P^-1:
			0.0817	-0.0018	0.004
			-0.0018	0.1461	-0.1387
			0.004	-0.1387	0.3799
		A:
			0.5043	-0.0975	-0.858
			0.968	-0.2276	-0.1062
			0.326	0.4726	-0.8188
			-0.7973	-0.5894	0.1299
			-0.2132	0.2289	0.9498
			-0.2793	0.8726	0.4007
		b:
			-109.3798
			25.2914
			146.202
			-387.2833
			237.6535
			450.6632
	==================================================================================
	Q4:
		Shape: Ellipse
		q_c:	159.0	477.0	165.0
		ub :	164.9102	483.1266	171.6707
		lb :	153.0898	470.8734	158.3293
		P^-1:
			0.0789	0.0069	-0.0058
			0.0069	0.0643	0.0145
			-0.0058	0.0145	0.0694
	==================================================================================
	Q5:
		Shape: Ellipse
		q_c:	155.5	478.0	160.0
		ub :	162.174	481.9582	166.9496
		lb :	148.826	474.0418	153.0504
		P^-1:
			0.0332	0.0049	0.0017
			0.0049	0.2269	0.0668
			0.0017	0.0668	0.0561
	==================================================================================
	Q6:
		Shape: Polyhedra
		q_c:	160.0	486.0	166.0
		ub :	167.5592	493.417	172.5194
		lb :	152.4408	478.583	159.4806
		A:
			0.9861	-0.0693	-0.1508
			-0.94	-0.3162	0.1278
			0.8017	0.353	0.4824
			0.9304	-0.1043	0.3514
			-0.0742	-0.8412	-0.5355
			-0.1441	-0.6568	-0.7401
			0.5932	0.534	0.6024
			-0.6664	0.7456	-0.0047
			-0.4516	-0.3987	0.7981
			-0.5932	-0.534	-0.6024
			0.6664	-0.7456	0.0047
			0.4516	0.3987	-0.7981
		b:
			103.7131
			-278.2542
			383.5352
			160.5573
			-505.7425
			-461.3064
			457.9487
			259.4395
			-128.0451
			-450.9487
			-250.4395
			139.0451


===========================================================================================
===========================================================================================
S4:
	q_c:	250.0	371.5	273.0
	ub :	263.6414	391.4834	293.4503
	lb :	231.6111	353.7375	252.7027

	==================================================================================
	Q1:
		Shape: Polyhedra
		q_c:	238.5	364.0	277.0
		ub :	245.3889	372.4991	285.7615
		lb :	231.6111	355.5009	268.2385
		A:
			-0.8738	-0.0111	-0.4862
			0.7473	-0.5806	-0.3232
			-0.0539	0.2596	-0.9642
			-0.2931	-0.8483	0.441
			0.768	-0.5323	-0.3562
			0.7825	0.5205	0.3418
			0.091	0.6474	0.7567
			-0.2976	0.7429	-0.5997
			-0.9504	-0.1706	0.2602
			-0.091	-0.6474	-0.7567
			0.2976	-0.7429	0.5997
			0.9504	0.1706	-0.2602
		b:
			-341.8678
			-117.3894
			-179.9882
			-251.1836
			-104.0325
			475.9829
			472.4606
			38.8153
			-211.6684
			-461.4606
			-27.8153
			221.6684
	==================================================================================
	Q2:
		Shape: Polyhedra
		q_c:	240.5	383.5	260.5
		ub :	248.0271	391.4834	268.2973
		lb :	232.9729	375.5166	252.7027
		A:
			0.5692	-0.3186	0.758
			0.923	-0.1798	-0.3403
			-0.9282	-0.1084	0.3561
			0.4369	-0.468	0.7682
			0.2945	-0.4588	-0.8383
			0.288	-0.9088	0.3019
			0.7918	0.5082	0.3388
			0.5932	-0.7719	-0.2286
			0.1453	0.382	-0.9127
			-0.7918	-0.5082	-0.3388
			-0.5932	0.7719	0.2286
			-0.1453	-0.382	0.9127
		b:
			217.4512
			69.0455
			-166.9356
			130.9439
			-318.7352
			-196.0551
			479.0637
			-208.9275
			-50.8209
			-468.0637
			216.9275
			61.8209
	==================================================================================
	Q3:
		Shape: Hybrid
		q_c:	242.0	370.0	265.5
		ub :	250.7981	376.338	275.4318
		lb :	233.2019	363.662	255.5682
		P^-1:
			0.0972	-0.0359	-0.062
			-0.0359	0.0506	0.0252
			-0.062	0.0252	0.0576
		A:
			-0.4788	0.733	-0.4832
			0.7259	-0.4277	-0.5387
			-0.1416	-0.8022	0.58
			-0.8675	-0.3578	0.3455
			-0.6697	0.5007	0.5484
			0.8703	-0.3372	-0.3589
		b:
			32.7432
			-124.346
			-172.3478
			-247.1803
			170.1921
			-7.5343
	==================================================================================
	Q4:
		Shape: Ellipse
		q_c:	249.0	363.0	277.5
		ub :	257.8096	372.1363	286.257
		lb :	240.1904	353.8637	268.743
		P^-1:
			0.0309	-0.0018	-0.0039
			-0.0018	0.0159	-0.0001
			-0.0039	-0.0001	0.0256
	==================================================================================
	Q5:
		Shape: Polyhedra
		q_c:	240.0	374.5	267.0
		ub :	247.2639	384.3069	276.8218
		lb :	232.7361	364.6931	257.1782
		A:
			-0.2843	0.9536	-0.0988
			0.8072	-0.0005	0.5902
			-0.7453	0.3419	-0.5724
			-0.8573	0.3932	-0.3324
			0.9712	0.0951	-0.2186
			0.9072	-0.4055	-0.1121
			0.044	0.5554	0.8304
			0.6584	0.609	-0.4422
			-0.7513	0.5662	-0.3389
			-0.044	-0.5554	-0.8304
			-0.6584	-0.609	0.4422
			0.7513	-0.5662	0.3389
		b:
			267.6172
			356.3129
			-199.2625
			-143.1361
			215.696
			40.6119
			447.2732
			274.0422
			-54.7546
			-433.2732
			-262.0422
			62.7546
	==================================================================================
	Q6:
		Shape: Polyhedra
		q_c:	257.0	361.0	286.5
		ub :	263.6414	368.2625	293.4503
		lb :	250.3586	353.7375	279.5497
		A:
			0.5825	0.806	-0.1055
			-0.3385	-0.8079	-0.4824
			0.9725	0.2328	-0.0035
			-0.3654	-0.7791	-0.5095
			-0.6956	-0.6217	-0.3601
			-0.8427	0.477	0.2495
			0.7908	0.6118	0.0155
			0.5796	-0.7568	0.3021
			0.1966	-0.2299	-0.9532
			-0.7908	-0.6118	-0.0155
			-0.5796	0.7568	-0.3021
			-0.1966	0.2299	0.9532
		b:
			413.7455
			-512.6517
			336.5388
			-516.9195
			-502.9559
			32.3498
			431.5626
			-32.2211
			-300.0544
			-425.5626
			43.2211
			311.0544


===========================================================================================
===========================================================================================
S5:
	q_c:	256.0	130.5	296.5
	ub :	273.1682	151.4415	306.4217
	lb :	249.8896	119.4401	277.7282

	==================================================================================
	Q1:
		Shape: Ellipse
		q_c:	266.0	129.5	299.0
		ub :	273.1682	136.9783	304.5341
		lb :	258.8318	122.0217	293.4659
		P^-1:
			0.0431	-0.0049	0.0017
			-0.0049	0.048	-0.0041
			0.0017	-0.0041	0.0608
	==================================================================================
	Q2:
		Shape: Hybrid
		q_c:	261.5	140.0	303.0
		ub :	265.344	143.6251	306.3876
		lb :	257.656	136.3749	299.6124
		P^-1:
			0.2748	-0.148	-0.1043
			-0.148	0.3153	-0.091
			-0.1043	-0.091	0.3804
		A:
			-0.1683	-0.3711	0.9132
			0.197	-0.9758	-0.0947
			0.846	-0.4787	-0.2349
			0.0847	-0.5141	0.8536
			0.1701	-0.2432	0.9549
			-0.5741	0.6837	0.4505
		b:
			181.477
			-112.4056
			83.8897
			209.6062
			300.9329
			82.9812
	==================================================================================
	Q3:
		Shape: Ellipse
		q_c:	257.5	143.0	286.0
		ub :	263.5679	151.4415	294.2718
		lb :	251.4321	134.5585	277.7282
		P^-1:
			0.0494	0.0006	-0.0003
			0.0006	0.0292	0.0106
			-0.0003	0.0106	0.0439
	==================================================================================
	Q4:
		Shape: Polyhedra
		q_c:	259.5	132.0	288.5
		ub :	266.2992	139.4971	294.5695
		lb :	252.7008	124.5029	282.4305
		A:
			0.4304	0.6408	0.6357
			0.0023	-0.9775	0.2109
			0.3423	-0.9266	-0.1559
			-0.2852	0.195	-0.9384
			-0.8556	-0.3459	0.385
			0.7765	0.3694	0.5105
			0.173	0.287	0.9422
			-0.9043	0.4253	0.0365
			-0.3903	-0.8583	0.3331
			-0.173	-0.287	-0.9422
			0.9043	-0.4253	-0.0365
			0.3903	0.8583	-0.3331
		b:
			384.3071
			-62.6717
			-73.7661
			-314.4357
			-151.8319
			402.1458
			359.0949
			-163.4985
			-113.4715
			-350.0949
			172.4985
			123.4715
	==================================================================================
	Q5:
		Shape: Hybrid
		q_c:	255.5	135.0	304.0
		ub :	261.1104	137.1977	306.4217
		lb :	249.8896	132.8023	301.5783
		P^-1:
			0.0352	-0.0106	0.0276
			-0.0106	0.4442	0.0007
			0.0276	0.0007	0.4426
		A:
			-0.1269	-0.0387	0.9912
			0.2058	-0.9523	0.2252
			-0.4537	0.7553	-0.473
			-0.2241	0.1183	0.9674
			-0.4095	0.8807	-0.2381
			-0.0785	0.9492	0.3046
		b:
			264.7408
			-6.5161
			-155.8985
			254.1749
			-56.407
			201.4896
	==================================================================================
	Q6:
		Shape: Polyhedra
		q_c:	257.0	126.5	293.5
		ub :	263.992	133.5599	298.8173
		lb :	250.008	119.4401	288.1827
		A:
			-0.6628	-0.531	0.528
			-0.3222	0.097	0.9417
			-0.868	-0.1003	0.4862
			0.2441	0.1173	-0.9626
			0.1071	-0.268	-0.9575
			0.9367	-0.3264	-0.1269
			0.5034	0.5238	0.6872
			-0.6638	0.7436	-0.0805
			-0.5531	-0.4156	0.722
			-0.5034	-0.5238	-0.6872
			0.6638	-0.7436	0.0805
			0.5531	0.4156	-0.722
		b:
			-79.473
			209.272
			-89.5146
			-201.6859
			-283.728
			166.7697
			401.3223
			-95.166
			20.1838
			-393.3223
			105.166
			-14.1838


===========================================================================================
===========================================================================================
S6:
	q_c:	416.0	191.0	348.0
	ub :	435.4956	204.1189	370.6563
	lb :	393.1092	177.4738	325.6645

	==================================================================================
	Q1:
		Shape: Polyhedra
		q_c:	420.5	193.5	344.0
		ub :	428.7429	201.6439	353.402
		lb :	412.2571	185.3561	334.598
		A:
			-0.9562	-0.1758	-0.2339
			0.6602	0.1637	-0.7331
			-0.0599	0.8867	0.4585
			0.4484	-0.3347	-0.8288
			0.6933	-0.4695	0.5467
			-0.941	-0.2781	0.1927
			0.2285	0.8151	0.5324
			0.8414	0.1098	-0.5292
			-0.4898	0.5688	-0.6607
			-0.2285	-0.8151	-0.5324
			-0.8414	-0.1098	0.5292
			0.4898	-0.5688	0.6607
		b:
			-511.2652
			61.7861
			308.7687
			-156.7746
			395.6288
			-378.6231
			441.4362
			197.4993
			-316.1664
			-432.4362
			-188.4993
			330.1664
	==================================================================================
	Q2:
		Shape: Hybrid
		q_c:	425.0	184.0	349.0
		ub :	435.4956	190.5262	360.1936
		lb :	414.5044	177.4738	337.8064
		P^-1:
			0.03	-0.0019	0.014
			-0.0019	0.0396	0.0027
			0.014	0.0027	0.0203
		A:
			-0.2319	0.967	-0.1058
			0.047	0.1102	0.9928
			-0.1901	0.8136	-0.5494
			-0.9068	0.3929	0.1527
			0.4723	0.0964	0.8761
			0.417	-0.8644	0.281
		b:
			44.9749
			392.5299
			-119.1159
			-255.0719
			527.9652
			118.8038
	==================================================================================
	Q3:
		Shape: Hybrid
		q_c:	406.5	194.5	335.0
		ub :	416.8997	204.1189	344.3355
		lb :	396.1003	184.8811	325.6645
		P^-1:
			0.0256	0.0027	-0.0036
			0.0027	0.022	-0.003
			-0.0036	-0.003	0.0295
		A:
			0.3116	-0.9457	-0.0931
			-0.5099	-0.0066	-0.8602
			-0.9152	-0.0377	0.4013
			-0.8474	0.2639	-0.4607
			0.0942	-0.4379	-0.8941
			0.5441	-0.1951	0.816
		b:
			-84.2109
			-493.1402
			-241.6784
			-443.5993
			-342.8083
			460.2054
	==================================================================================
	Q4:
		Shape: Hybrid
		q_c:	409.0	194.5	364.5
		ub :	416.5046	201.6724	370.6563
		lb :	401.4954	187.3276	358.3437
		P^-1:
			0.044	0.0175	0.0004
			0.0175	0.0649	-0.0109
			0.0004	-0.0109	0.0683
		A:
			0.3753	0.176	0.91
			0.5955	-0.7877	0.158
			-0.4646	-0.5855	-0.6643
			0.3608	-0.0853	-0.9287
			0.334	-0.4153	0.8462
			-0.4113	-0.3228	0.8524
		b:
			521.665
			151.3075
			-543.8175
			-204.998
			366.4945
			81.7864
	==================================================================================
	Q5:
		Shape: Hybrid
		q_c:	429.5	192.0	339.0
		ub :	435.2211	197.6583	342.8528
		lb :	423.7789	186.3417	335.1472
		P^-1:
			0.1378	0.0017	0.1519
			0.0017	0.0625	0.0034
			0.1519	0.0034	0.3691
		A:
			-0.2566	0.8285	0.4978
			-0.3767	0.8123	0.4452
			0.616	0.3115	0.7235
			-0.2589	0.2803	-0.9243
			0.5245	0.207	0.8259
			-0.4566	0.4883	-0.7437
		b:
			220.6637
			148.2443
			570.9715
			-369.5313
			545.9401
			-352.7958
	==================================================================================
	Q6:
		Shape: Hybrid
		q_c:	404.0	192.0	344.0
		ub :	414.8908	199.492	354.8016
		lb :	393.1092	184.508	333.1984
		P^-1:
			0.0201	-0.0128	0.0039
			-0.0128	0.0902	-0.0371
			0.0039	-0.0371	0.0368
		A:
			-0.2293	-0.1523	-0.9614
			0.0971	0.9931	-0.0664
			0.4958	-0.626	0.6019
			0.9646	0.262	0.0307
			0.448	-0.6908	-0.5675
			0.1453	-0.8894	0.4334
		b:
			-446.7138
			210.0522
			290.1271
			456.6464
			-141.7415
			38.5404


===========================================================================================
===========================================================================================
S7:
	q_c:	261.5	222.5	19.5
	ub :	266.6692	229.6619	27.2655
	lb :	255.3453	217.0251	15.6316

	==================================================================================
	Q1:
		Shape: Ellipse
		q_c:	259.0	220.5	19.0
		ub :	262.6547	223.7453	22.2442
		lb :	255.3453	217.2547	15.7558
		P^-1:
			0.2153	-0.0403	0.0171
			-0.0403	0.1894	-0.0125
			0.0171	-0.0125	0.1653
	==================================================================================
	Q2:
		Shape: Ellipse
		q_c:	258.5	224.5	21.5
		ub :	261.1568	226.8492	24.266
		lb :	255.8432	222.1508	18.734
		P^-1:
			0.5637	0.2325	0.2878
			0.2325	0.4223	0.2133
			0.2878	0.2133	0.5141
	==================================================================================
	Q3:
		Shape: Hybrid
		q_c:	260.0	222.0	20.5
		ub :	263.3616	225.4676	24.0633
		lb :	256.6384	218.5324	16.9367
		P^-1:
			0.3158	0.081	0.1196
			0.081	0.1482	0.0662
			0.1196	0.0662	0.2516
		A:
			0.8415	0.0754	0.535
			-0.6534	-0.5331	0.5375
			0.5927	-0.5885	0.5499
			-0.395	0.4831	0.7814
			0.6626	0.4613	0.5901
			-0.8731	-0.0203	-0.4871
		b:
			247.3918
			-275.4156
			36.5971
			22.3071
			287.5599
			-240.5322
	==================================================================================
	Q4:
		Shape: Polyhedra
		q_c:	263.5	220.0	18.0
		ub :	266.6692	222.9749	20.3684
		lb :	260.3308	217.0251	15.6316
		A:
			0.4116	0.1687	-0.8956
			-0.5642	-0.5158	-0.6447
			0.0049	0.9379	0.3468
			-0.4616	-0.8736	0.1539
			0.1739	0.7964	0.5792
			0.0674	-0.2732	-0.9596
			0.1594	0.1188	0.98
			-0.7678	0.6389	0.0475
			-0.6205	-0.7601	0.193
			-0.1594	-0.1188	-0.98
			0.7678	-0.6389	-0.0475
			0.6205	0.7601	-0.193
		b:
			131.3424
			-271.9151
			215.9024
			-309.5153
			233.389
			-57.5891
			87.775
			-58.4119
			-325.744
			-83.775
			63.4119
			328.744
	==================================================================================
	Q5:
		Shape: Hybrid
		q_c:	262.5	225.0	21.5
		ub :	265.037	228.9015	25.3576
		lb :	259.963	221.0985	17.6424
		P^-1:
			0.3623	0.0581	-0.0768
			0.0581	0.2071	-0.1093
			-0.0768	-0.1093	0.2361
		A:
			-0.8932	0.0661	-0.4448
			0.2455	0.8673	-0.4329
			-0.4921	-0.6843	0.5381
			0.4718	-0.0028	-0.8817
			0.5351	0.0415	-0.8437
			0.8877	-0.2749	-0.3694
		b:
			-227.8931
			251.4562
			-270.7043
			105.6606
			132.9369
			164.4472
	==================================================================================
	Q6:
		Shape: Hybrid
		q_c:	264.5	226.5	24.0
		ub :	266.5292	229.6619	27.2655
		lb :	262.4708	223.3381	20.7345
		P^-1:
			0.5628	0.1542	0.1729
			0.1542	0.5552	0.3782
			0.1729	0.3782	0.4376
		A:
			-0.766	-0.3373	-0.5472
			0.3164	-0.5454	-0.7762
			0.8873	0.1678	0.4296
			0.5756	0.2446	0.7803
			-0.7251	0.4388	0.5308
			0.3664	0.8385	0.4033
		b:
			-291.4637
			-57.4898
			283.7976
			227.4114
			-78.6123
			297.245


===========================================================================================
===========================================================================================
