3D_50_15_6_e                l = 3

===========================================================================================
===========================================================================================
S1:
	q_c:    200.5000    216.5000    337.0000
	ub :    218.0000    229.0000    356.0000
	lb :    183.0000    204.0000    318.0000

	==================================================================================
	Q1:
		Shape: Hybrid
		q_c:    195.5000    221.0000    347.5000
		ub :    200.3670    224.8994    352.6285
		lb :    190.6330    217.1006    342.3715
		P^-1: 
			    0.0623    -0.0014    0.0019
			    -0.0014    0.0815    0.0008
			    0.0019    0.0008    0.0497
		A:
			    0.1108    0.3009    0.9472
			    0.6900    0.5068    -0.5168
			    0.4713    0.0935    -0.8770
			    0.3503    -0.7131    0.6073
			    -0.2019    -0.5358    0.8199
			    0.4815    -0.8309    0.2789
		b:
			    419.9331
			    69.6945
			    -189.2814
			    124.1001
			    129.5407
			    9.3364
	==================================================================================
	Q2:
		Shape: Ellipse
		q_c:    193.0000    219.5000    340.0000
		ub :    199.5751    226.5994    347.5615
		lb :    186.4249    212.4006    332.4385
		P^-1: 
			    0.0893    -0.0098    -0.0321
			    -0.0098    0.0499    0.0148
			    -0.0321    0.0148    0.0491
	==================================================================================
	Q3:
		Shape: Polyhedra
		q_c:    189.5000    214.0000    326.0000
		ub :    194.0650    219.4156    332.9333
		lb :    184.9350    208.5844    319.0667
		A:
			    -0.7073    -0.6908    0.1501
			    0.3665    -0.9265    0.0855
			    0.6248    0.6423    0.4440
			    -0.1721    -0.9752    -0.1392
			    -0.5556    0.7548    -0.3486
			    0.1559    0.9321    -0.3270
			    0.9146    0.3992    0.0645
			    -0.0321    -0.0873    0.9957
			    0.4031    -0.9127    -0.0670
			    -0.9146    -0.3992    -0.0645
			    0.0321    0.0873    -0.9957
			    -0.4031    0.9127    0.0670
		b:
			    -229.5298
			    -96.8407
			    404.3801
			    -282.9723
			    -52.9536
			    126.7400
			    282.7703
			    306.3185
			    -136.7823
			    -276.7703
			    -293.3185
			    144.7823
	==================================================================================
	Q4:
		Shape: Ellipse
		q_c:    196.5000    204.0000    347.0000
		ub :    202.3914    210.0183    352.9997
		lb :    190.6086    197.9817    341.0003
		P^-1: 
			    0.1012    0.0956    -0.0315
			    0.0956    0.1676    -0.0427
			    -0.0315    -0.0427    0.0542
	==================================================================================
	Q5:
		Shape: Ellipse
		q_c:    186.0000    214.5000    330.5000
		ub :    194.1316    222.9885    338.3786
		lb :    177.8684    206.0115    322.6214
		P^-1: 
			    0.0484    -0.0038    0.0235
			    -0.0038    0.0644    -0.0399
			    0.0235    -0.0399    0.0655
	==================================================================================
	Q6:
		Shape: Polyhedra
		q_c:    193.0000    217.0000    341.0000
		ub :    200.6608    222.0723    348.1535
		lb :    185.3392    211.9277    333.8465
		A:
			    -0.4628    0.8490    0.2548
			    -0.3364    0.1949    -0.9213
			    -0.3873    0.8442    0.3706
			    0.3707    0.6872    0.6248
			    -0.1644    0.2400    -0.9567
			    0.5692    -0.5448    0.6158
			    0.6692    0.1735    0.7225
			    -0.6807    -0.2469    0.6897
			    0.2981    -0.9534    -0.0471
			    -0.6692    -0.1735    -0.7225
			    0.6807    0.2469    -0.6897
			    -0.2981    0.9534    0.0471
		b:
			    185.2326
			    -332.5264
			    238.3232
			    437.0608
			    -301.0819
			    205.0509
			    416.6904
			    56.7427
			    -162.4338
			    -409.6904
			    -43.7427
			    168.4338


===========================================================================================
===========================================================================================
S2:
	q_c:    268.0000    22.0000    293.0000
	ub :    298.0000    44.0000    307.0000
	lb :    238.0000    0.0000    279.0000

	==================================================================================
	Q1:
		Shape: Polyhedra
		q_c:    272.5000    23.0000    297.5000
		ub :    281.6840    30.2264    306.8144
		lb :    263.3160    15.7736    288.1856
		A:
			    -0.2126    -0.5823    -0.7847
			    -0.4428    0.0152    -0.8965
			    -0.0226    0.8869    0.4614
			    -0.1768    -0.7176    -0.6736
			    0.6811    -0.4104    0.6063
			    -0.4415    0.8347    0.3291
			    0.4900    0.6924    0.5295
			    0.8059    -0.1283    -0.5780
			    -0.3323    0.7100    -0.6209
			    -0.4900    -0.6924    -0.5295
			    -0.8059    0.1283    0.5780
			    0.3323    -0.7100    0.6209
		b:
			    -300.6151
			    -382.2903
			    156.0091
			    -261.0168
			    361.9232
			    2.5464
			    310.4902
			    51.6800
			    -253.4444
			    -303.4902
			    -37.6800
			    264.4444
	==================================================================================
	Q2:
		Shape: Polyhedra
		q_c:    259.5000    28.5000    289.0000
		ub :    263.8943    34.5220    294.6358
		lb :    255.1057    22.4780    283.3642
		A:
			    0.8892    0.0979    -0.4469
			    -0.0534    0.5751    0.8163
			    0.0278    0.2528    0.9671
			    -0.3747    -0.6618    -0.6493
			    0.2390    0.7107    0.6616
			    -0.6408    0.0912    -0.7622
			    0.0059    0.6505    0.7595
			    0.0708    0.7573    -0.6492
			    -0.9975    0.0576    -0.0416
			    -0.0059    -0.6505    -0.7595
			    -0.0708    -0.7573    0.6492
			    0.9975    -0.0576    0.0416
		b:
			    108.6311
			    241.0170
			    297.2119
			    -300.9650
			    276.1597
			    -379.8405
			    242.0584
			    -142.1611
			    -265.2238
			    -237.0584
			    153.1611
			    273.2238
	==================================================================================
	Q3:
		Shape: Ellipse
		q_c:    281.5000    13.0000    303.5000
		ub :    294.1364    26.2326    315.1788
		lb :    268.8636    -0.2326    291.8212
		P^-1: 
			    0.0164    0.0010    -0.0003
			    0.0010    0.0170    0.0002
			    -0.0003    0.0002    0.0177
	==================================================================================
	Q4:
		Shape: Polyhedra
		q_c:    257.5000    16.0000    294.5000
		ub :    264.5510    23.7828    302.0245
		lb :    250.4490    8.2172    286.9755
		A:
			    -0.1230    -0.9466    -0.2980
			    -0.8782    -0.0531    0.4753
			    0.8345    0.1177    0.5384
			    -0.2911    0.0245    0.9564
			    0.0328    0.5245    -0.8508
			    -0.1847    0.1553    0.9704
			    0.4541    0.4047    0.7937
			    -0.2258    -0.8095    0.5420
			    0.8618    -0.4254    -0.2762
			    -0.4541    -0.4047    -0.7937
			    0.2258    0.8095    -0.5420
			    -0.8618    0.4254    0.2762
		b:
			    -129.8820
			    -82.3675
			    379.8039
			    211.7446
			    -228.8202
			    245.3243
			    361.6616
			    93.5072
			    138.2707
			    -352.6616
			    -83.5072
			    -129.2707
	==================================================================================
	Q5:
		Shape: Polyhedra
		q_c:    261.5000    26.0000    287.5000
		ub :    271.2189    35.1620    293.2102
		lb :    251.7811    16.8380    281.7898
		A:
			    -0.4126    0.4510    0.7914
			    0.4039    -0.7393    -0.5388
			    -0.5385    -0.8330    0.1270
			    -0.5314    0.3940    0.7500
			    -0.2680    -0.7889    0.5530
			    0.4841    0.1480    -0.8624
			    0.9063    0.4211    0.0350
			    0.4099    -0.8963    0.1693
			    0.1026    -0.1391    -0.9849
			    -0.9063    -0.4211    -0.0350
			    -0.4099    0.8963    -0.1693
			    -0.1026    0.1391    0.9849
		b:
			    136.2873
			    -63.1323
			    -118.8836
			    92.0357
			    74.6253
			    -112.1566
			    265.5061
			    138.5623
			    -255.4511
			    -250.5061
			    -126.5623
			    264.4511
	==================================================================================
	Q6:
		Shape: Polyhedra
		q_c:    281.5000    11.0000    301.5000
		ub :    291.8911    16.7718    312.2499
		lb :    271.1089    5.2282    290.7501
		A:
			    0.2173    0.9445    0.2462
			    -0.0908    0.9434    0.3191
			    -0.6832    -0.5823    0.4405
			    0.7755    -0.0554    0.6290
			    -0.1602    -0.7723    0.6148
			    0.6712    -0.6849    -0.2834
			    0.0388    0.9739    0.2238
			    0.7025    0.1327    -0.6992
			    -0.7107    0.1843    -0.6789
			    -0.0388    -0.9739    -0.2238
			    -0.7025    -0.1327    0.6992
			    0.7107    -0.1843    0.6789
		b:
			    149.5059
			    84.6302
			    -60.3996
			    415.7451
			    137.5945
			    101.4799
			    92.6097
			    -5.6176
			    -394.2282
			    -85.6097
			    17.6176
			    411.2282


===========================================================================================
===========================================================================================
S3:
	q_c:    164.0000    279.5000    104.5000
	ub :    188.0000    309.0000    124.0000
	lb :    140.0000    250.0000    85.0000

	==================================================================================
	Q1:
		Shape: Hybrid
		q_c:    183.0000    282.5000    102.5000
		ub :    194.8737    294.7206    114.7923
		lb :    171.1263    270.2794    90.2077
		P^-1: 
			    0.0173    -0.0038    -0.0018
			    -0.0038    0.0213    -0.0060
			    -0.0018    -0.0060    0.0219
		A:
			    -0.2296    -0.0414    0.9724
			    -0.1709    0.8863    0.4304
			    0.3489    0.9370    -0.0165
			    0.8611    0.4972    -0.1061
			    0.9511    -0.1358    0.2774
			    0.7546    -0.2990    -0.5841
		b:
			    49.7694
			    267.9730
			    331.8027
			    292.3979
			    168.9009
			    -2.2401
	==================================================================================
	Q2:
		Shape: Polyhedra
		q_c:    183.0000    283.5000    96.5000
		ub :    189.8887    292.7464    107.1376
		lb :    176.1113    274.2536    85.8624
		A:
			    0.1073    -0.7115    -0.6944
			    -0.2390    -0.8960    -0.3743
			    -0.6922    0.6678    0.2736
			    0.5636    -0.8250    0.0419
			    0.9007    -0.3222    0.2914
			    0.9034    -0.4233    -0.0681
			    0.8502    0.5028    0.1559
			    0.5264    -0.8117    -0.2529
			    -0.0006    0.2971    -0.9549
			    -0.8502    -0.5028    -0.1559
			    -0.5264    0.8117    0.2529
			    0.0006    -0.2971    0.9549
		b:
			    -243.0560
			    -328.8172
			    94.0699
			    -121.2716
			    107.3318
			    43.7671
			    318.1799
			    -153.2002
			    0.9652
			    -308.1799
			    163.2002
			    17.0348
	==================================================================================
	Q3:
		Shape: Polyhedra
		q_c:    155.0000    301.0000    102.0000
		ub :    167.8933    312.7053    110.3977
		lb :    142.1067    289.2947    93.6023
		A:
			    0.4330    0.8593    -0.2723
			    -0.6441    -0.6244    0.4418
			    -0.4100    -0.8701    0.2734
			    -0.3232    0.4683    0.8223
			    -0.1150    0.5197    -0.8466
			    -0.0028    0.3280    0.9447
			    0.2909    0.8164    0.4988
			    0.2731    0.4288    -0.8611
			    -0.9169    0.3867    -0.0982
			    -0.2909    -0.8164    -0.4988
			    -0.2731    -0.4288    0.8611
			    0.9169    -0.3867    0.0982
		b:
			    303.8203
			    -236.8012
			    -291.7312
			    181.7007
			    58.0933
			    200.6409
			    348.7185
			    88.0545
			    -25.2371
			    -334.7185
			    -79.0545
			    46.2371
	==================================================================================
	Q4:
		Shape: Ellipse
		q_c:    151.5000    292.0000    102.0000
		ub :    164.3880    305.4202    116.1736
		lb :    138.6120    278.5798    87.8264
		P^-1: 
			    0.0183    -0.0046    0.0024
			    -0.0046    0.0157    -0.0036
			    0.0024    -0.0036    0.0146
	==================================================================================
	Q5:
		Shape: Polyhedra
		q_c:    175.5000    299.0000    117.5000
		ub :    188.1324    311.7332    127.0555
		lb :    162.8676    286.2668    107.9445
		A:
			    0.5075    -0.6233    0.5949
			    0.0611    -0.0056    0.9981
			    0.1996    0.3385    -0.9196
			    0.8160    0.5436    -0.1966
			    0.5956    0.7235    -0.3490
			    0.6894    0.6089    0.3924
			    0.6369    0.5626    0.5271
			    -0.5778    0.8010    -0.1567
			    -0.5103    -0.2048    0.8352
			    -0.6369    -0.5626    -0.5271
			    0.5778    -0.8010    0.1567
			    0.5103    0.2048    -0.8352
		b:
			    -17.7097
			    132.4113
			    34.7139
			    288.3915
			    286.1916
			    354.6782
			    347.4263
			    130.1711
			    -46.6570
			    -336.4263
			    -109.1711
			    58.6570
	==================================================================================
	Q6:
		Shape: Polyhedra
		q_c:    166.5000    293.5000    94.0000
		ub :    175.1452    299.0990    100.8486
		lb :    157.8548    287.9010    87.1514
		A:
			    0.7130    0.2759    0.6446
			    0.4649    0.6305    0.6215
			    -0.5585    0.4192    -0.7158
			    0.8232    -0.0845    0.5614
			    -0.7341    0.2388    -0.6357
			    0.3874    -0.6567    0.6471
			    0.1592    0.9869    0.0274
			    0.7801    -0.1088    -0.6161
			    -0.6050    0.1194    -0.7872
			    -0.1592    -0.9869    -0.0274
			    -0.7801    0.1088    0.6161
			    0.6050    -0.1194    0.7872
		b:
			    262.8322
			    324.3624
			    -35.2115
			    168.1425
			    -109.4723
			    -64.5569
			    323.2242
			    49.0583
			    -138.1807
			    -314.2242
			    -31.0583
			    141.1807


===========================================================================================
===========================================================================================
S4:
	q_c:    309.0000    41.5000    144.5000
	ub :    327.0000    61.0000    160.0000
	lb :    291.0000    22.0000    129.0000

	==================================================================================
	Q1:
		Shape: Ellipse
		q_c:    320.5000    35.5000    126.5000
		ub :    328.1445    43.6497    132.8563
		lb :    312.8555    27.3503    120.1437
		P^-1: 
			    0.0349    -0.0067    0.0121
			    -0.0067    0.0563    -0.0382
			    0.0121    -0.0382    0.0808
	==================================================================================
	Q2:
		Shape: Polyhedra
		q_c:    303.5000    36.0000    134.0000
		ub :    317.2170    48.3036    145.4715
		lb :    289.7830    23.6964    122.5285
		A:
			    0.0948    -0.7413    -0.6644
			    -0.5260    -0.1800    -0.8312
			    -0.3375    0.9259    -0.1697
			    0.8338    -0.5320    -0.1475
			    0.4204    -0.8602    -0.2886
			    0.0825    0.3927    0.9159
			    0.3233    0.5781    0.7491
			    -0.6395    -0.4501    0.6233
			    0.6975    -0.6806    0.2242
			    -0.3233    -0.5781    -0.7491
			    0.6395    0.4501    -0.6233
			    -0.6975    0.6806    -0.2242
		b:
			    -82.1921
			    -272.8510
			    -84.1203
			    222.2951
			    64.4365
			    167.0317
			    222.8327
			    -115.2590
			    224.7316
			    -215.8327
			    138.2590
			    -209.7316
	==================================================================================
	Q3:
		Shape: Polyhedra
		q_c:    308.0000    50.5000    148.0000
		ub :    313.5712    56.2473    152.9954
		lb :    302.4288    44.7527    143.0046
		A:
			    -0.0728    -0.8088    -0.5836
			    0.5303    -0.6854    0.4990
			    -0.0979    0.8540    -0.5110
			    0.3227    -0.9395    0.1147
			    -0.0969    -0.5711    0.8151
			    -0.2941    0.1727    0.9400
			    0.3446    0.4381    0.8303
			    -0.8996    0.4069    0.1587
			    -0.2683    -0.8016    0.5343
			    -0.3446    -0.4381    -0.8303
			    0.8996    -0.4069    -0.1587
			    0.2683    0.8016    -0.5343
		b:
			    -146.4207
			    206.2804
			    -59.0821
			    72.6332
			    65.3835
			    60.6141
			    254.1276
			    -229.0515
			    -40.5474
			    -248.1276
			    237.0515
			    47.5474
	==================================================================================
	Q4:
		Shape: Ellipse
		q_c:    318.0000    48.0000    159.5000
		ub :    327.7222    61.7413    173.3340
		lb :    308.2778    34.2587    145.6660
		P^-1: 
			    0.0285    -0.0051    -0.0069
			    -0.0051    0.0140    0.0022
			    -0.0069    0.0022    0.0153
	==================================================================================
	Q5:
		Shape: Polyhedra
		q_c:    300.5000    37.0000    154.0000
		ub :    311.5823    46.5654    164.1780
		lb :    289.4177    27.4346    143.8220
		A:
			    0.2658    -0.6857    0.6776
			    -0.4611    -0.8873    -0.0079
			    -0.1767    0.7068    0.6850
			    -0.1973    -0.5804    -0.7900
			    -0.0063    0.8950    -0.4461
			    0.9251    0.0318    0.3784
			    0.7081    0.2501    0.6603
			    0.6360    -0.6321    -0.4427
			    0.3066    0.7334    -0.6067
			    -0.7081    -0.2501    -0.6603
			    -0.6360    0.6321    0.4427
			    -0.3066    -0.7334    0.6067
		b:
			    163.7706
			    -167.5219
			    86.5701
			    -195.1667
			    -32.9318
			    344.2886
			    330.2339
			    108.0672
			    29.3450
			    -317.2339
			    -91.0672
			    -22.3450
	==================================================================================
	Q6:
		Shape: Hybrid
		q_c:    300.5000    25.0000    137.0000
		ub :    307.1263    34.5792    146.7428
		lb :    293.8737    15.4208    127.2572
		P^-1: 
			    0.0470    -0.0050    -0.0055
			    -0.0050    0.0247    0.0012
			    -0.0055    0.0012    0.0250
		A:
			    0.7599    -0.2389    0.6046
			    -0.5319    0.3600    -0.7665
			    0.6361    -0.5673    -0.5230
			    0.3292    -0.9030    0.2759
			    0.8315    -0.5409    0.1263
			    -0.6109    -0.0073    0.7917
		b:
			    308.7217
			    -251.8692
			    108.2522
			    118.0732
			    256.4450
			    -72.0931


===========================================================================================
===========================================================================================
S5:
	q_c:    256.0000    130.5000    296.5000
	ub :    269.0000    153.0000    319.0000
	lb :    243.0000    108.0000    274.0000

	==================================================================================
	Q1:
		Shape: Ellipse
		q_c:    266.0000    129.5000    299.0000
		ub :    273.1682    136.9783    304.5341
		lb :    258.8318    122.0217    293.4659
		P^-1: 
			    0.0431    -0.0049    0.0017
			    -0.0049    0.0480    -0.0041
			    0.0017    -0.0041    0.0608
	==================================================================================
	Q2:
		Shape: Hybrid
		q_c:    261.5000    140.0000    303.0000
		ub :    265.3440    143.6251    306.3876
		lb :    257.6560    136.3749    299.6124
		P^-1: 
			    0.2748    -0.1480    -0.1043
			    -0.1480    0.3153    -0.0910
			    -0.1043    -0.0910    0.3804
		A:
			    -0.1683    -0.3711    0.9132
			    0.1970    -0.9758    -0.0947
			    0.8460    -0.4787    -0.2349
			    0.0847    -0.5141    0.8536
			    0.1701    -0.2432    0.9549
			    -0.5741    0.6837    0.4505
		b:
			    181.4770
			    -112.4056
			    83.8897
			    209.6062
			    300.9329
			    82.9812
	==================================================================================
	Q3:
		Shape: Ellipse
		q_c:    257.5000    143.0000    286.0000
		ub :    263.5679    151.4415    294.2718
		lb :    251.4321    134.5585    277.7282
		P^-1: 
			    0.0494    0.0006    -0.0003
			    0.0006    0.0292    0.0106
			    -0.0003    0.0106    0.0439
	==================================================================================
	Q4:
		Shape: Polyhedra
		q_c:    259.5000    132.0000    288.5000
		ub :    266.2992    139.4971    294.5695
		lb :    252.7008    124.5029    282.4305
		A:
			    0.4304    0.6408    0.6357
			    0.0023    -0.9775    0.2109
			    0.3423    -0.9266    -0.1559
			    -0.2852    0.1950    -0.9384
			    -0.8556    -0.3459    0.3850
			    0.7765    0.3694    0.5105
			    0.1730    0.2870    0.9422
			    -0.9043    0.4253    0.0365
			    -0.3903    -0.8583    0.3331
			    -0.1730    -0.2870    -0.9422
			    0.9043    -0.4253    -0.0365
			    0.3903    0.8583    -0.3331
		b:
			    384.3071
			    -62.6717
			    -73.7661
			    -314.4357
			    -151.8319
			    402.1458
			    359.0949
			    -163.4985
			    -113.4715
			    -350.0949
			    172.4985
			    123.4715
	==================================================================================
	Q5:
		Shape: Hybrid
		q_c:    255.5000    135.0000    304.0000
		ub :    261.1104    137.1977    306.4217
		lb :    249.8896    132.8023    301.5783
		P^-1: 
			    0.0352    -0.0106    0.0276
			    -0.0106    0.4442    0.0007
			    0.0276    0.0007    0.4426
		A:
			    -0.1269    -0.0387    0.9912
			    0.2058    -0.9523    0.2252
			    -0.4537    0.7553    -0.4730
			    -0.2241    0.1183    0.9674
			    -0.4095    0.8807    -0.2381
			    -0.0785    0.9492    0.3046
		b:
			    264.7408
			    -6.5161
			    -155.8985
			    254.1749
			    -56.4070
			    201.4896
	==================================================================================
	Q6:
		Shape: Polyhedra
		q_c:    257.0000    126.5000    293.5000
		ub :    263.9920    133.5599    298.8173
		lb :    250.0080    119.4401    288.1827
		A:
			    -0.6628    -0.5310    0.5280
			    -0.3222    0.0970    0.9417
			    -0.8680    -0.1003    0.4862
			    0.2441    0.1173    -0.9626
			    0.1071    -0.2680    -0.9575
			    0.9367    -0.3264    -0.1269
			    0.5034    0.5238    0.6872
			    -0.6638    0.7436    -0.0805
			    -0.5531    -0.4156    0.7220
			    -0.5034    -0.5238    -0.6872
			    0.6638    -0.7436    0.0805
			    0.5531    0.4156    -0.7220
		b:
			    -79.4730
			    209.2720
			    -89.5146
			    -201.6859
			    -283.7280
			    166.7697
			    401.3223
			    -95.1660
			    20.1838
			    -393.3223
			    105.1660
			    -14.1838


===========================================================================================
===========================================================================================
S6:
	q_c:    121.5000    276.0000    76.0000
	ub :    143.0000    294.0000    103.0000
	lb :    100.0000    258.0000    49.0000

	==================================================================================
	Q1:
		Shape: Hybrid
		q_c:    120.5000    289.5000    82.5000
		ub :    133.4534    301.8117    94.8104
		lb :    107.5466    277.1883    70.1896
		P^-1: 
			    0.0137    -0.0033    0.0019
			    -0.0033    0.0204    -0.0041
			    0.0019    -0.0041    0.0130
		A:
			    0.6113    -0.0484    0.7899
			    -0.4650    -0.1934    -0.8639
			    -0.4355    -0.5340    -0.7247
			    0.2407    -0.2721    0.9317
			    0.5384    -0.8427    -0.0006
			    -0.1057    0.9564    0.2723
		b:
			    129.9970
			    -177.5325
			    -260.8600
			    32.0756
			    -175.2739
			    291.2669
	==================================================================================
	Q2:
		Shape: Polyhedra
		q_c:    132.0000    284.5000    66.0000
		ub :    145.1586    294.7111    77.1005
		lb :    118.8414    274.2889    54.8995
		A:
			    0.5081    -0.8322    0.2222
			    0.2699    -0.9007    0.3404
			    -0.5783    0.6176    0.5331
			    0.6352    -0.3841    -0.6701
			    -0.0237    0.9717    0.2349
			    -0.5555    0.7298    0.3987
			    0.9042    0.3342    0.2661
			    -0.0796    -0.4801    0.8736
			    0.4197    -0.8111    -0.4075
			    -0.9042    -0.3342    -0.2661
			    0.0796    0.4801    -0.8736
			    -0.4197    0.8111    0.4075
		b:
			    -149.3743
			    -192.4295
			    138.5277
			    -64.2487
			    294.4844
			    164.1415
			    244.4804
			    -81.9577
			    -199.2441
			    -219.4804
			    96.9577
			    205.2441
	==================================================================================
	Q3:
		Shape: Ellipse
		q_c:    109.0000    287.0000    64.0000
		ub :    112.3110    291.5227    68.9292
		lb :    105.6890    282.4773    59.0708
		P^-1: 
			    0.2175    -0.0429    -0.0093
			    -0.0429    0.1735    0.0453
			    -0.0093    0.0453    0.0815
	==================================================================================
	Q4:
		Shape: Ellipse
		q_c:    134.5000    264.0000    62.5000
		ub :    145.8727    277.4801    76.7413
		lb :    123.1273    250.5199    48.2587
		P^-1: 
			    0.0156    -0.0001    0.0001
			    -0.0001    0.0121    0.0019
			    0.0001    0.0019    0.0146
	==================================================================================
	Q5:
		Shape: Hybrid
		q_c:    114.0000    257.5000    75.5000
		ub :    127.7926    273.5259    91.4672
		lb :    100.2074    241.4741    59.5328
		P^-1: 
			    0.0108    0.0004    -0.0005
			    0.0004    0.0092    -0.0001
			    -0.0005    -0.0001    0.0092
		A:
			    0.7369    -0.5377    -0.4096
			    0.5791    -0.5422    0.6088
			    -0.9257    0.3776    -0.0203
			    -0.8568    0.5120    0.0612
			    -0.4714    -0.8273    0.3056
			    0.5020    -0.7455    -0.4384
		b:
			    -80.0726
			    -21.9375
			    -4.6603
			    44.0500
			    -238.4445
			    -162.2654
	==================================================================================
	Q6:
		Shape: Polyhedra
		q_c:    115.0000    292.0000    56.5000
		ub :    124.1652    302.8632    69.0384
		lb :    105.8348    281.1368    43.9616
		A:
			    -0.1937    -0.9811    0.0012
			    0.4226    -0.8609    0.2833
			    -0.6507    0.6949    -0.3061
			    0.5579    -0.6878    0.4644
			    0.3102    0.8327    0.4588
			    0.3004    -0.7710    0.5615
			    0.0245    0.4891    0.8719
			    -0.4710    0.7749    -0.4215
			    -0.8818    -0.4003    0.2493
			    -0.0245    -0.4891    -0.8719
			    0.4710    -0.7749    0.4215
			    0.8818    0.4003    -0.2493
		b:
			    -301.4144
			    -183.3346
			    114.3008
			    -107.2396
			    314.2979
			    -155.3150
			    205.4006
			    151.3032
			    -195.7086
			    -184.4006
			    -145.3032
			    212.7086


===========================================================================================
===========================================================================================
S7:
	q_c:    46.0000    218.5000    36.5000
	ub :    75.0000    249.0000    45.0000
	lb :    17.0000    188.0000    28.0000

	==================================================================================
	Q1:
		Shape: Hybrid
		q_c:    39.5000    215.0000    31.0000
		ub :    41.4520    217.3843    33.3499
		lb :    37.5480    212.6157    28.6501
		P^-1: 
			    0.4444    -0.0000    0.0000
			    -0.0000    0.4444    -0.0000
			    0.0000    -0.0000    0.4444
		A:
			    0.6323    -0.6598    0.4060
			    -0.9499    -0.2226    0.2192
			    -0.7638    -0.5292    0.3696
			    -0.1023    -0.3357    0.9364
			    -0.3935    0.8646    0.3125
			    -0.9442    -0.2929    -0.1505
		b:
			    -103.5572
			    -77.8446
			    -131.7425
			    -46.4282
			    180.7750
			    -104.1786
	==================================================================================
	Q2:
		Shape: Ellipse
		q_c:    54.5000    220.5000    42.5000
		ub :    60.8343    226.9950    47.7298
		lb :    48.1657    214.0050    37.2702
		P^-1: 
			    0.0871    0.0597    0.0272
			    0.0597    0.1058    -0.0070
			    0.0272    -0.0070    0.1060
	==================================================================================
	Q3:
		Shape: Polyhedra
		q_c:    45.5000    215.5000    32.0000
		ub :    53.7446    223.0536    39.4157
		lb :    37.2554    207.9464    24.5843
		A:
			    0.0985    -0.4510    -0.8871
			    -0.3746    0.3808    -0.8454
			    0.6624    -0.0201    0.7489
			    0.6519    -0.4012    0.6435
			    0.5943    -0.4874    0.6397
			    0.8726    0.4591    0.1666
			    0.6412    0.1769    0.7467
			    0.6712    -0.6009    -0.4340
			    0.3719    0.7795    -0.5040
			    -0.6412    -0.1769    -0.7467
			    -0.6712    0.6009    0.4340
			    -0.3719    -0.7795    0.5040
		b:
			    -115.4865
			    41.5401
			    53.3626
			    -31.9455
			    -53.2209
			    147.7627
			    94.6854
			    -105.8402
			    172.2804
			    -87.6854
			    119.8402
			    -165.2804
	==================================================================================
	Q4:
		Shape: Hybrid
		q_c:    40.0000    215.0000    44.0000
		ub :    47.2670    219.5493    50.7249
		lb :    32.7330    210.4507    37.2751
		P^-1: 
			    0.0836    -0.0037    -0.0688
			    -0.0037    0.0806    -0.0084
			    -0.0688    -0.0084    0.0978
		A:
			    -0.6829    0.5953    0.4234
			    -0.6349    0.0937    0.7669
			    0.6902    -0.6614    -0.2936
			    0.3706    -0.8267    0.4233
			    0.4765    0.4785    -0.7376
			    0.6935    0.4519    -0.5611
		b:
			    121.1568
			    29.7900
			    -125.3772
			    -141.1636
			    91.0056
			    101.9228
	==================================================================================
	Q5:
		Shape: Ellipse
		q_c:    41.0000    228.5000    43.5000
		ub :    46.8547    233.7444    48.8130
		lb :    35.1453    223.2556    38.1870
		P^-1: 
			    0.0739    0.0345    0.0285
			    0.0345    0.1670    0.0865
			    0.0285    0.0865    0.1341
	==================================================================================
	Q6:
		Shape: Ellipse
		q_c:    46.5000    227.5000    36.5000
		ub :    49.7799    233.5172    43.6935
		lb :    43.2201    221.4828    29.3065
		P^-1: 
			    0.2426    -0.0212    0.0336
			    -0.0212    0.0502    0.0019
			    0.0336    0.0019    0.0344


===========================================================================================
===========================================================================================
S8:
	q_c:    286.0000    226.0000    171.0000
	ub :    301.0000    243.0000    201.0000
	lb :    271.0000    209.0000    141.0000

	==================================================================================
	Q1:
		Shape: Ellipse
		q_c:    287.5000    227.0000    166.0000
		ub :    296.9082    237.0390    174.3449
		lb :    278.0918    216.9610    157.6551
		P^-1: 
			    0.0276    -0.0003    -0.0008
			    -0.0003    0.0273    -0.0013
			    -0.0008    -0.0013    0.0243
	==================================================================================
	Q2:
		Shape: Ellipse
		q_c:    275.0000    226.5000    175.0000
		ub :    283.4355    236.4117    184.9945
		lb :    266.5645    216.5883    165.0055
		P^-1: 
			    0.1104    -0.0693    0.0063
			    -0.0693    0.0616    -0.0053
			    0.0063    -0.0053    0.0159
	==================================================================================
	Q3:
		Shape: Ellipse
		q_c:    289.0000    218.0000    187.0000
		ub :    297.3113    225.4778    195.5414
		lb :    280.6887    210.5222    178.4586
		P^-1: 
			    0.0684    0.0094    0.0465
			    0.0094    0.0222    0.0084
			    0.0465    0.0084    0.0565
	==================================================================================
	Q4:
		Shape: Polyhedra
		q_c:    297.5000    222.0000    172.0000
		ub :    308.1856    232.3716    183.4810
		lb :    286.8144    211.6284    160.5190
		A:
			    -0.8054    0.2459    -0.5393
			    0.2399    -0.8762    -0.4179
			    0.9036    0.3686    0.2182
			    0.7593    -0.4695    0.4505
			    0.6459    -0.7634    0.0076
			    -0.6364    0.6421    0.4275
			    0.1340    0.7600    0.6360
			    -0.4792    0.6115    -0.6297
			    -0.8674    -0.2204    0.4461
			    -0.1340    -0.7600    -0.6360
			    0.4792    -0.6115    0.6297
			    0.8674    0.2204    -0.4461
		b:
			    -271.3676
			    -188.5562
			    395.5505
			    205.4420
			    30.4376
			    33.7476
			    324.4735
			    -109.1220
			    -222.2477
			    -311.4735
			    121.1220
			    238.2477
	==================================================================================
	Q5:
		Shape: Ellipse
		q_c:    298.5000    228.5000    181.5000
		ub :    304.0578    237.8022    189.3055
		lb :    292.9422    219.1978    173.6945
		P^-1: 
			    0.1399    -0.0423    -0.0256
			    -0.0423    0.0339    0.0044
			    -0.0256    0.0044    0.0371
	==================================================================================
	Q6:
		Shape: Hybrid
		q_c:    281.0000    236.5000    166.5000
		ub :    293.3170    248.6861    177.0801
		lb :    268.6830    224.3139    155.9199
		P^-1: 
			    0.0229    0.0074    -0.0064
			    0.0074    0.0199    -0.0052
			    -0.0064    -0.0052    0.0164
		A:
			    -0.8297    0.4173    0.3707
			    -0.2518    -0.9431    0.2173
			    0.8227    -0.5315    -0.2016
			    0.6762    -0.0270    -0.7363
			    0.5028    0.8570    0.1133
			    -0.9009    -0.1717    0.3986
		b:
			    -67.6367
			    -253.6468
			    77.3571
			    65.2336
			    367.0379
			    -223.9500


===========================================================================================
===========================================================================================
S9:
	q_c:    275.5000    93.0000    83.5000
	ub :    279.0000    105.0000    88.0000
	lb :    272.0000    81.0000    79.0000

	==================================================================================
	Q1:
		Shape: Hybrid
		q_c:    279.5000    96.0000    87.5000
		ub :    283.2138    99.2985    91.3892
		lb :    275.7862    92.7015    83.6108
		P^-1: 
			    0.1610    0.0326    0.0581
			    0.0326    0.2381    -0.0213
			    0.0581    -0.0213    0.2121
		A:
			    -0.2037    -0.2154    0.9551
			    0.9775    -0.1086    0.1809
			    -0.2854    -0.7320    -0.6187
			    0.6363    0.7056    0.3118
			    0.2541    -0.6383    0.7266
			    -0.4187    0.6306    -0.6535
		b:
			    7.3744
			    280.1775
			    -203.0455
			    273.8984
			    74.3095
			    -112.6222
	==================================================================================
	Q2:
		Shape: Polyhedra
		q_c:    274.0000    96.5000    81.5000
		ub :    276.3080    99.8789    84.8999
		lb :    271.6920    93.1211    78.1001
		A:
			    -0.6889    -0.1422    -0.7107
			    0.8415    -0.2922    -0.4544
			    0.9568    0.1083    0.2698
			    0.8443    0.3070    0.4392
			    -0.3433    0.2015    0.9174
			    0.7438    -0.1011    0.6607
			    0.2678    0.7485    0.6066
			    0.9582    -0.1412    -0.2488
			    -0.1006    0.6479    -0.7550
			    -0.2678    -0.7485    -0.6066
			    -0.9582    0.1412    0.2488
			    0.1006    -0.6479    0.7550
		b:
			    -258.2230
			    166.9378
			    296.4348
			    298.8620
			    2.2188
			    249.9070
			    197.5504
			    230.1470
			    -24.5778
			    -192.5504
			    -227.1470
			    28.5778
	==================================================================================
	Q3:
		Shape: Polyhedra
		q_c:    274.5000    95.5000    82.0000
		ub :    277.9135    98.3913    85.1405
		lb :    271.0865    92.6087    78.8595
		A:
			    0.2979    -0.0650    -0.9524
			    0.1466    0.3948    0.9070
			    0.4483    0.2887    0.8460
			    0.1618    0.9831    0.0859
			    0.1951    0.5842    0.7878
			    -0.4553    -0.8586    0.2357
			    0.5189    0.0106    0.8548
			    -0.5658    0.7538    0.3341
			    -0.6408    -0.6570    0.3972
			    -0.5189    -0.0106    -0.8548
			    0.5658    -0.7538    -0.3341
			    0.6408    0.6570    -0.3972
		b:
			    -0.4794
			    154.4602
			    222.0231
			    147.3631
			    176.1276
			    -186.0151
			    215.5442
			    -53.4255
			    -204.5721
			    -211.5442
			    58.4255
			    207.5721
	==================================================================================
	Q4:
		Shape: Ellipse
		q_c:    277.0000    90.5000    82.5000
		ub :    280.0564    93.4484    85.2943
		lb :    273.9436    87.5516    79.7057
		P^-1: 
			    0.3357    -0.3028    -0.1583
			    -0.3028    0.6817    0.2727
			    -0.1583    0.2727    0.3025
	==================================================================================
	Q5:
		Shape: Hybrid
		q_c:    273.0000    90.5000    86.5000
		ub :    274.0938    91.6781    87.1353
		lb :    271.9062    89.3219    85.8647
		P^-1: 
			    2.9911    1.4173    -0.0102
			    1.4173    2.0090    0.0143
			    -0.0102    0.0143    3.9999
		A:
			    -0.9072    0.1090    -0.4063
			    -0.6308    -0.5881    -0.5062
			    -0.2746    0.1126    -0.9549
			    0.6117    0.1285    0.7806
			    -0.8531    -0.4363    -0.2860
			    -0.6396    -0.5725    0.5130
		b:
			    -272.4653
			    -268.9544
			    -147.0822
			    246.4451
			    -296.8645
			    -181.7965
	==================================================================================
	Q6:
		Shape: Hybrid
		q_c:    273.5000    92.0000    88.5000
		ub :    276.9365    95.1061    91.3763
		lb :    270.0635    88.8939    85.6237
		P^-1: 
			    0.2500    0.0000    0.0000
			    0.0000    0.2500    0.0000
			    0.0000    0.0000    0.2500
		A:
			    0.1483    -0.4580    0.8765
			    0.0356    -0.9198    0.3907
			    0.1223    -0.0921    -0.9882
			    0.4072    -0.4934    0.7686
			    -0.9304    -0.1508    0.3341
			    0.0348    0.8824    0.4692
		b:
			    76.9865
			    -39.3207
			    -61.4712
			    134.9922
			    -237.7641
			    133.2245


===========================================================================================
===========================================================================================
S10:
	q_c:    503.5000    341.0000    438.0000
	ub :    509.0000    361.0000    450.0000
	lb :    498.0000    321.0000    426.0000

	==================================================================================
	Q1:
		Shape: Ellipse
		q_c:    503.5000    347.5000    434.0000
		ub :    506.5707    351.2012    436.8095
		lb :    500.4293    343.7988    431.1905
		P^-1: 
			    0.1602    -0.0041    0.0108
			    -0.0041    0.1186    0.0294
			    0.0108    0.0294    0.2424
	==================================================================================
	Q2:
		Shape: Ellipse
		q_c:    506.5000    347.0000    438.5000
		ub :    509.8688    350.4108    442.2587
		lb :    503.1312    343.5892    434.7413
		P^-1: 
			    0.2419    -0.0202    0.0160
			    -0.0202    0.1995    0.0398
			    0.0160    0.0398    0.2186
	==================================================================================
	Q3:
		Shape: Ellipse
		q_c:    503.0000    342.5000    435.0000
		ub :    507.1741    345.4271    439.2522
		lb :    498.8259    339.5729    430.7478
		P^-1: 
			    0.1479    0.0813    -0.0864
			    0.0813    0.7881    -0.3659
			    -0.0864    -0.3659    0.3056
	==================================================================================
	Q4:
		Shape: Polyhedra
		q_c:    502.5000    341.0000    443.0000
		ub :    506.4791    345.1165    446.2188
		lb :    498.5209    336.8835    439.7812
		A:
			    -0.1089    0.0677    -0.9917
			    -0.7179    -0.2128    0.6628
			    -0.0981    0.3433    -0.9341
			    0.0642    -0.6666    0.7426
			    -0.0335    0.2788    -0.9598
			    0.4154    -0.8092    0.4155
			    0.6248    0.7649    0.1569
			    0.3590    -0.4598    0.8122
			    0.6934    -0.4511    -0.5619
			    -0.6248    -0.7649    -0.1569
			    -0.3590    0.4598    -0.8122
			    -0.6934    0.4511    0.5619
		b:
			    -468.9526
			    -137.4113
			    -344.0046
			    136.0752
			    -344.9735
			    118.9645
			    647.2677
			    385.4142
			    -52.3046
			    -641.2677
			    -381.4142
			    56.3046
	==================================================================================
	Q5:
		Shape: Ellipse
		q_c:    507.0000    348.0000    441.0000
		ub :    509.8850    351.0833    443.9407
		lb :    504.1150    344.9167    438.0593
		P^-1: 
			    0.3760    0.0908    0.0194
			    0.0908    0.3154    0.0140
			    0.0194    0.0140    0.2530
	==================================================================================
	Q6:
		Shape: Hybrid
		q_c:    502.5000    347.0000    437.5000
		ub :    506.4016    351.0543    440.8965
		lb :    498.5984    342.9457    434.1035
		P^-1: 
			    0.1457    0.0548    0.0229
			    0.0548    0.1999    0.0264
