3D_50_6_6_e                l = 3

===========================================================================================
===========================================================================================
S1:
	q_c:	337.5	375.0	469.0
	ub :	356.7744	391.628	475.1825
	lb :	328.6471	362.9004	453.6673

	==================================================================================
	Q1:
		Shape: Ellipse
		q_c:	338.5	381.5	461.0
		ub :	342.2143	385.263	465.076
		lb :	334.7857	377.737	456.924
		P^-1:
			0.1557	-0.0285	-0.0582
			-0.0285	0.1664	0.016
			-0.0582	0.016	0.199
	==================================================================================
	Q2:
		Shape: Ellipse
		q_c:	346.0	381.5	459.5
		ub :	350.4642	385.0828	463.0964
		lb :	341.5358	377.9172	455.9036
		P^-1:
			0.1343	0.0266	-0.1119
			0.0266	0.208	-0.1092
			-0.1119	-0.1092	0.3439
	==================================================================================
	Q3:
		Shape: Polyhedra
		q_c:	348.0	370.5	467.5
		ub :	354.6905	378.0996	475.1825
		lb :	341.3095	362.9004	459.8175
		A:
			-0.876	0.2725	0.398
			-0.3696	-0.9263	0.0738
			0.423	-0.8055	-0.4149
			0.7679	0.4403	-0.4653
			-0.3341	-0.0655	-0.9403
			0.8905	0.4544	-0.0243
			0.637	0.4716	0.6098
			0.7664	-0.473	-0.4347
			0.0835	0.7442	-0.6627
			-0.637	-0.4716	-0.6098
			-0.7664	0.473	0.4347
			-0.0835	-0.7442	0.6627
		b:
			-13.3381
			-432.8117
			-340.7106
			217.3494
			-575.605
			471.3722
			685.9771
			-107.2779
			-0.5122
			-676.9771
			116.2779
			9.5122
	==================================================================================
	Q4:
		Shape: Hybrid
		q_c:	350.5	385.5	464.5
		ub :	356.7744	391.628	467.1464
		lb :	344.2256	379.372	461.8536
		P^-1:
			0.0887	0.0495	-0.0793
			0.0495	0.0805	-0.04
			-0.0793	-0.04	0.4195
		A:
			0.3549	0.022	-0.9347
			0.2259	0.8065	-0.5464
			-0.0025	0.6069	-0.7948
			-0.2141	-0.4909	-0.8445
			0.3002	0.7106	-0.6364
			0.0413	-0.1321	0.9904
		b:
			-300.3018
			138.6518
			-133.8557
			-654.848
			85.4722
			424.7028
	==================================================================================
	Q5:
		Shape: Polyhedra
		q_c:	343.5	382.5	460.0
		ub :	348.8807	388.3498	466.3327
		lb :	338.1193	376.6502	453.6673
		A:
			-0.422	0.7383	0.5261
			-0.7038	-0.5836	-0.4051
			-0.5866	0.682	0.4368
			0.8212	-0.5109	0.2542
			0.8364	-0.3884	0.3868
			-0.1993	-0.6621	-0.7224
			0.9188	0.1526	0.364
			-0.2166	0.9659	0.1418
			-0.3299	-0.2091	0.9206
			-0.9188	-0.1526	-0.364
			0.2166	-0.9659	-0.1418
			0.3299	0.2091	-0.9206
		b:
			384.0652
			-647.9198
			264.8123
			207.2956
			320.1331
			-649.7974
			544.4055
			364.7924
			235.1476
			-538.4055
			-355.7924
			-225.1476
	==================================================================================
	Q6:
		Shape: Ellipse
		q_c:	331.5	374.5	460.0
		ub :	334.3529	378.2776	462.5293
		lb :	328.6471	370.7224	457.4707
		P^-1:
			0.6078	0.1646	-0.3482
			0.1646	0.1369	-0.1409
			-0.3482	-0.1409	0.587


===========================================================================================
===========================================================================================
S2:
	q_c:	255.5	280.0	289.5
	ub :	274.9802	300.3057	310.0596
	lb :	240.3446	260.8626	274.9252

	==================================================================================
	Q1:
		Shape: Polyhedra
		q_c:	266.0	283.5	303.0
		ub :	274.9802	292.3593	310.0596
		lb :	257.0198	274.6407	295.9404
		A:
			-0.2418	-0.1692	-0.9555
			-0.9019	0.0547	0.4284
			0.8654	0.282	0.4142
			0.3093	-0.6256	0.7162
			-0.0225	-0.5735	0.8189
			-0.2601	-0.8375	-0.4806
			0.3402	0.2036	0.9181
			-0.738	-0.5473	0.3948
			0.5828	-0.8118	-0.0359
			-0.3402	-0.2036	-0.9181
			0.738	0.5473	-0.3948
			-0.5828	0.8118	0.0359
		b:
			-396.2976
			-89.3276
			440.8459
			127.7752
			84.8685
			-446.6007
			431.8772
			-227.3258
			-79.5031
			-420.8772
			236.3258
			92.5031
	==================================================================================
	Q2:
		Shape: Hybrid
		q_c:	264.5	268.5	288.5
		ub :	273.1019	276.1374	296.4672
		lb :	255.8981	260.8626	280.5328
		P^-1:
			0.0219	0.0007	0.006
			0.0007	0.0432	0.0143
			0.006	0.0143	0.0509
		A:
			-0.2445	0.5132	0.8227
			0.4195	-0.7849	0.4561
			0.0556	-0.9068	-0.418
			0.8589	0.3477	-0.3761
			-0.4639	-0.0068	-0.8859
			0.1154	0.9905	-0.0753
		b:
			313.0159
			35.3633
			-346.8938
			216.9196
			-377.3265
			277.9644
	==================================================================================
	Q3:
		Shape: Hybrid
		q_c:	248.5	292.5	295.0
		ub :	255.5036	300.3057	303.1318
		lb :	241.4964	284.6943	286.8682
		P^-1:
			0.0606	-0.0187	0.0206
			-0.0187	0.0566	0.0087
			0.0206	0.0087	0.0507
		A:
			0.5061	0.802	0.3173
			0.217	0.7931	0.5691
			0.934	0.0214	0.3565
			0.3325	-0.9268	0.1747
			-0.494	0.7245	-0.4808
			0.3082	0.273	0.9113
		b:
			456.9744
			456.1397
			345.8365
			-134.4604
			-50.3786
			427.6019
	==================================================================================
	Q4:
		Shape: Ellipse
		q_c:	254.0	276.0	284.0
		ub :	260.0501	285.2628	293.0748
		lb :	247.9499	266.7372	274.9252
		P^-1:
			0.0725	-0.0192	-0.0089
			-0.0192	0.0309	0.0045
			-0.0089	0.0045	0.0224
	==================================================================================
	Q5:
		Shape: Polyhedra
		q_c:	267.0	287.5	292.0
		ub :	271.1233	296.3689	300.247
		lb :	262.8767	278.6311	283.753
		A:
			0.2891	0.6288	-0.7219
			0.9865	-0.1604	-0.0319
			-0.8435	0.476	-0.2487
			0.7915	0.3842	-0.4753
			0.8516	0.1327	-0.5071
			0.9718	-0.2297	-0.0535
			0.2027	0.7498	0.6299
			0.9238	0.0669	-0.3769
			-0.3247	0.6583	-0.6791
			-0.2027	-0.7498	-0.6299
			-0.9238	-0.0669	0.3769
			0.3247	-0.6583	0.6791
		b:
			49.5023
			209.7681
			-158.8527
			185.1588
			119.069
			179.5293
			463.1069
			157.3331
			-93.2396
			-444.1069
			-154.3331
			98.2396
	==================================================================================
	Q6:
		Shape: Ellipse
		q_c:	246.0	281.5	296.5
		ub :	251.6554	287.2927	304.0705
		lb :	240.3446	275.7073	288.9295
		P^-1:
			0.1434	-0.0876	0.0018
			-0.0876	0.1728	0.035
			0.0018	0.035	0.0391


===========================================================================================
===========================================================================================
S3:
	q_c:	121.0	268.5	249.0
	ub :	130.3026	275.9576	259.8091
	lb :	114.1578	262.567	243.756

	==================================================================================
	Q1:
		Shape: Hybrid
		q_c:	123.0	265.5	249.5
		ub :	126.8387	268.433	252.5311
		lb :	119.1613	262.567	246.4689
		P^-1:
			0.1984	-0.1343	-0.0108
			-0.1343	0.3576	-0.0572
			-0.0108	-0.0572	0.2496
		A:
			-0.0297	0.9781	0.206
			0.589	0.282	0.7573
			0.5475	-0.8282	-0.1201
			0.8132	-0.5508	-0.1881
			0.6481	-0.7614	-0.0134
			-0.4987	-0.6973	0.5148
		b:
			308.7584
			338.2436
			-181.6803
			-92.0297
			-124.9539
			-116.4267
	==================================================================================
	Q2:
		Shape: Ellipse
		q_c:	125.5	272.5	253.5
		ub :	130.3026	275.5362	257.9823
		lb :	120.6974	269.4638	249.0177
		P^-1:
			0.0854	0.0037	0.0412
			0.0037	0.1598	-0.0021
			0.0412	-0.0021	0.1373
	==================================================================================
	Q3:
		Shape: Polyhedra
		q_c:	125.5	272.0	247.5
		ub :	129.0971	275.9576	251.244
		lb :	121.9029	268.0424	243.756
		A:
			0.6578	0.5837	0.476
			-0.3895	0.5439	0.7433
			0.113	-0.9934	0.0174
			-0.4393	0.5326	0.7234
			-0.412	0.9097	0.0525
			0.2467	-0.7665	-0.593
			0.3265	0.7531	0.5712
			0.9159	-0.4014	0.0058
			0.2336	0.5213	-0.8208
			-0.3265	-0.7531	-0.5712
			-0.9159	0.4014	-0.0058
			-0.2336	-0.5213	0.8208
		b:
			360.822
			285.3329
			-249.3182
			271.1208
			211.0795
			-322.4016
			388.6854
			9.687
			-28.5367
			-385.6854
			-4.687
			35.5367
	==================================================================================
	Q4:
		Shape: Hybrid
		q_c:	116.5	269.5	248.5
		ub :	118.8422	271.6032	250.7945
		lb :	114.1578	267.3968	246.2055
		P^-1:
			0.4382	0.0016	0.0342
			0.0016	0.444	-0.009
			0.0342	-0.009	0.2567
		A:
			-0.1381	0.7255	0.6742
			0.6873	0.3707	0.6246
			0.1375	0.9812	0.1353
			0.0453	-0.7678	-0.6391
			0.9657	0.068	-0.2506
			0.3859	0.6883	-0.6143
		b:
			348.0048
			336.0974
			314.8404
			-359.4578
			69.4143
			78.7547
	==================================================================================
	Q5:
		Shape: Ellipse
		q_c:	124.5	269.5	246.5
		ub :	128.4128	272.8455	248.6716
		lb :	120.5872	266.1545	244.3284
		P^-1:
			0.2217	0.2412	-0.0651
			0.2412	0.5387	-0.2773
			-0.0651	-0.2773	0.7657
	==================================================================================
	Q6:
		Shape: Hybrid
		q_c:	120.5	267.0	255.5
		ub :	123.8517	270.3774	259.8091
		lb :	117.1483	263.6226	251.1909
		P^-1:
			0.2028	0.1022	0.0212
			0.1022	0.368	0.0953
			0.0212	0.0953	0.1153
		A:
			0.2147	-0.8346	-0.5073
			-0.5411	-0.5604	0.627
			-0.3767	0.1326	-0.9168
			0.078	0.8455	0.5282
			0.9004	0.264	0.3459
			0.4666	0.7027	-0.5371
		b:
			-325.3637
			-52.5414
			-241.6099
			371.1303
			268.8711
			108.5763


===========================================================================================
===========================================================================================
S4:
	q_c:	503.5	341.0	438.0
	ub :	509.885	351.2012	446.2188
	lb :	498.5209	336.8835	430.7478

	==================================================================================
	Q1:
		Shape: Ellipse
		q_c:	503.5	347.5	434.0
		ub :	506.5707	351.2012	436.8095
		lb :	500.4293	343.7988	431.1905
		P^-1:
			0.1602	-0.0041	0.0108
			-0.0041	0.1186	0.0294
			0.0108	0.0294	0.2424
	==================================================================================
	Q2:
		Shape: Ellipse
		q_c:	506.5	347.0	438.5
		ub :	509.8688	350.4108	442.2587
		lb :	503.1312	343.5892	434.7413
		P^-1:
			0.2419	-0.0202	0.016
			-0.0202	0.1995	0.0398
			0.016	0.0398	0.2186
	==================================================================================
	Q3:
		Shape: Ellipse
		q_c:	503.0	342.5	435.0
		ub :	507.1741	345.4271	439.2522
		lb :	498.8259	339.5729	430.7478
		P^-1:
			0.1479	0.0813	-0.0864
			0.0813	0.7881	-0.3659
			-0.0864	-0.3659	0.3056
	==================================================================================
	Q4:
		Shape: Polyhedra
		q_c:	502.5	341.0	443.0
		ub :	506.4791	345.1165	446.2188
		lb :	498.5209	336.8835	439.7812
		A:
			-0.1089	0.0677	-0.9917
			-0.7179	-0.2128	0.6628
			-0.0981	0.3433	-0.9341
			0.0642	-0.6666	0.7426
			-0.0335	0.2788	-0.9598
			0.4154	-0.8092	0.4155
			0.6248	0.7649	0.1569
			0.359	-0.4598	0.8122
			0.6934	-0.4511	-0.5619
			-0.6248	-0.7649	-0.1569
			-0.359	0.4598	-0.8122
			-0.6934	0.4511	0.5619
		b:
			-468.9526
			-137.4113
			-344.0046
			136.0752
			-344.9735
			118.9645
			647.2677
			385.4142
			-52.3046
			-641.2677
			-381.4142
			56.3046
	==================================================================================
	Q5:
		Shape: Ellipse
		q_c:	507.0	348.0	441.0
		ub :	509.885	351.0833	443.9407
		lb :	504.115	344.9167	438.0593
		P^-1:
			0.376	0.0908	0.0194
			0.0908	0.3154	0.014
			0.0194	0.014	0.253
	==================================================================================
	Q6:
		Shape: Hybrid
		q_c:	502.5	347.0	437.5
		ub :	506.4016	351.0543	440.8965
		lb :	498.5984	342.9457	434.1035
		P^-1:
			0.1457	0.0548	0.0229
			0.0548	0.1999	0.0264
			0.0229	0.0264	0.1755
		A:
			0.3555	0.9187	0.1722
			0.0444	-0.9231	-0.3821
			0.0704	-0.3499	0.9341
			-0.752	-0.0376	0.6581
			0.3731	-0.3807	0.8461
			0.1566	-0.987	-0.0359
		b:
			573.8261
			-463.8316
			324.1097
			-101.2224
			427.0811
			-277.9734


===========================================================================================
===========================================================================================
S5:
	q_c:	16.0	390.5	278.5
	ub :	35.1265	405.5721	299.7336
	lb :	-3.4861	367.3796	265.836

	==================================================================================
	Q1:
		Shape: Polyhedra
		q_c:	28.0	388.5	291.0
		ub :	35.1265	398.248	299.7336
		lb :	20.8735	378.752	282.2664
		A:
			-0.6166	0.7766	0.1291
			0.3763	-0.8783	0.2949
			0.6372	-0.2887	0.7146
			0.489	-0.7344	-0.4707
			0.5882	-0.8044	0.0835
			0.1751	0.2339	0.9564
			0.2886	0.7502	0.5949
			0.9221	-0.3851	0.0383
			0.2579	0.5375	-0.8029
			-0.2886	-0.7502	-0.5949
			-0.9221	0.3851	-0.0383
			-0.2579	-0.5375	0.8029
		b:
			326.9078
			-239.7586
			118.6725
			-402.9349
			-267.0142
			380.5356
			479.6556
			-108.6249
			-12.095
			-465.6556
			116.6249
			23.095
	==================================================================================
	Q2:
		Shape: Ellipse
		q_c:	12.5	385.0	272.5
		ub :	19.6088	392.3773	279.164
		lb :	5.3912	377.6227	265.836
		P^-1:
			0.0661	0.0175	-0.0097
			0.0175	0.0619	0.011
			-0.0097	0.011	0.0492
	==================================================================================
	Q3:
		Shape: Polyhedra
		q_c:	15.0	398.0	287.5
		ub :	23.7443	405.5721	295.276
		lb :	6.2557	390.4279	279.724
		A:
			-0.5726	-0.2213	-0.7894
			0.7497	-0.1916	0.6334
			0.5162	0.6628	0.5424
			0.9578	-0.2865	0.0248
			-0.1134	-0.9926	0.0441
			0.4107	0.5391	0.7353
			0.6472	0.242	0.7229
			-0.6997	0.565	0.4373
			-0.3026	-0.7888	0.535
			-0.6472	-0.242	-0.7229
			0.6997	-0.565	-0.4373
			0.3026	0.7888	-0.535
		b:
			-319.6108
			121.6363
			431.6664
			-85.9554
			-379.6344
			436.6398
			317.8656
			347.5946
			-161.649
			-309.8656
			-332.5946
			167.649
	==================================================================================
	Q4:
		Shape: Hybrid
		q_c:	7.0	389.0	282.0
		ub :	12.3281	393.0735	287.5348
		lb :	1.6719	384.9265	276.4652
		P^-1:
			0.1879	-0.0032	0.1354
			-0.0032	0.3288	-0.1352
			0.1354	-0.1352	0.2108
		A:
			-0.1089	0.9778	-0.1791
			0.7296	-0.3267	0.6008
			-0.7776	-0.619	0.1109
			-0.7734	0.0205	-0.6336
			-0.7143	0.1955	-0.672
			-0.0808	-0.886	0.4565
		b:
			330.4466
			48.4794
			-212.9799
			-175.0325
			-117.4832
			-215.5551
	==================================================================================
	Q5:
		Shape: Polyhedra
		q_c:	9.5	378.5	278.5
		ub :	22.4861	389.6204	290.6316
		lb :	-3.4861	367.3796	266.3684
		A:
			0.3774	-0.5283	0.7606
			0.4428	0.8057	-0.3935
			-0.9373	-0.2799	0.2077
			-0.4119	-0.8866	0.2104
			0.6776	-0.7188	-0.1552
			-0.9623	-0.1659	-0.2153
			0.6035	0.494	0.6259
			-0.4869	0.8499	-0.2014
			-0.6315	-0.1832	0.7534
			-0.6035	-0.494	-0.6259
			0.4869	-0.8499	0.2014
			0.6315	0.1832	-0.7534
		b:
			22.7394
			207.1812
			-49.1927
			-273.4034
			-301.6793
			-124.3615
			374.5347
			267.9902
			142.4782
			-359.5347
			-253.9902
			-126.4782
	==================================================================================
	Q6:
		Shape: Polyhedra
		q_c:	22.0	387.5	280.5
		ub :	29.4741	393.8092	287.6836
		lb :	14.5259	381.1908	273.3164
		A:
			0.9512	-0.2898	0.1063
			0.2102	0.9043	-0.3715
			0.6143	-0.261	0.7447
			0.7605	-0.4354	0.4817
			0.8609	0.3881	-0.3289
			0.6162	0.0911	0.7823
			0.5955	0.6347	0.4924
			-0.4798	0.7726	-0.4157
			-0.6443	0.0112	0.7647
			-0.5955	-0.6347	-0.4924
			0.4798	-0.7726	0.4157
			0.6443	-0.0112	-0.7647
		b:
			-57.3726
			255.1473
			125.6199
			-12.6916
			81.4289
			272.9792
			402.19
			176.2508
			208.6712
			-392.19
			-168.2508
			-200.6712


===========================================================================================
===========================================================================================
S6:
	q_c:	197.5	129.5	302.5
	ub :	224.0368	147.5818	335.1365
	lb :	164.1297	101.5562	289.6505

	==================================================================================
	Q1:
		Shape: Hybrid
		q_c:	203.0	123.5	321.5
		ub :	217.8779	137.6252	335.1365
		lb :	188.1221	109.3748	307.8635
		P^-1:
			0.0142	0.0044	0.0009
			0.0044	0.0116	0.0012
			0.0009	0.0012	0.0102
		A:
			-0.7119	-0.6046	-0.3572
			-0.4991	-0.8664	-0.0143
			0.7792	-0.622	-0.0779
			0.0432	-0.1436	-0.9887
			-0.978	0.1852	-0.0955
			0.0045	-0.1945	-0.9809
		b:
			-330.1912
			-208.4394
			63.2822
			-320.7014
			-200.5836
			-332.4056
	==================================================================================
	Q2:
		Shape: Ellipse
		q_c:	209.0	134.5	323.0
		ub :	219.3895	140.9328	332.9727
		lb :	198.6105	128.0672	313.0273
		P^-1:
			0.0303	-0.0062	0.0196
			-0.0062	0.0579	-0.0029
			0.0196	-0.0029	0.0375
	==================================================================================
	Q3:
		Shape: Polyhedra
		q_c:	175.5	114.5	319.5
		ub :	186.8703	124.6557	330.9458
		lb :	164.1297	104.3443	308.0542
		A:
			0.615	0.1443	0.7752
			0.1476	-0.0538	-0.9876
			-0.5351	0.8448	-0.0028
			-0.4863	-0.8738	-0.0069
			-0.1159	0.9894	-0.0872
			0.6465	-0.0389	0.7619
			0.1342	0.7077	0.6936
			-0.9471	-0.1143	0.3
			0.2916	-0.6972	0.6549
			-0.1342	-0.7077	-0.6936
			0.9471	0.1143	-0.3
			-0.2916	0.6972	-0.6549
		b:
			378.9538
			-288.8349
			9.0358
			-180.336
			71.7353
			359.4455
			332.2104
			-74.4666
			187.5848
			-320.2104
			92.4666
			-173.5848
	==================================================================================
	Q4:
		Shape: Ellipse
		q_c:	205.0	118.5	313.5
		ub :	218.1938	132.6074	324.3885
		lb :	191.8062	104.3926	302.6115
		P^-1:
			0.0168	0.0099	-0.0147
			0.0099	0.0242	-0.0218
			-0.0147	-0.0218	0.0406
	==================================================================================
	Q5:
		Shape: Hybrid
		q_c:	211.5	112.5	313.5
		ub :	224.0368	123.4438	327.4539
		lb :	198.9632	101.5562	299.5461
		P^-1:
			0.0266	0.0097	0.0112
			0.0097	0.0258	0.0021
			0.0112	0.0021	0.0162
		A:
			-0.4923	-0.8161	-0.3026
			0.72	-0.6674	0.1901
			0.7954	0.1701	0.5818
			-0.2303	-0.1155	-0.9662
			0.9429	-0.2199	0.2502
			-0.1294	-0.6645	0.736
		b:
			-287.8825
			142.1395
			372.6621
			-358.8122
			257.7552
			134.1812
	==================================================================================
	Q6:
		Shape: Ellipse
		q_c:	186.0	139.0	298.5
		ub :	193.3031	147.5818	307.3495
		lb :	178.6969	130.4182	289.6505
		P^-1:
			0.0282	-0.0008	0.0011
			-0.0008	0.0329	0.0002
			0.0011	0.0002	0.0328


===========================================================================================
===========================================================================================
