3D_50_11_6_c                l = 3

===========================================================================================
===========================================================================================
S1:
	q_c:	149.0	167.5	107.0
	ub :	168.0019	200.4308	136.4883
	lb :	121.8827	138.1149	91.7196

	==================================================================================
	Q1:
		Shape: Polyhedra
		q_c:	136.0	177.0	106.0
		ub :	144.558	190.4219	120.2804
		lb :	127.442	163.5781	91.7196
		A:
			-0.9676	-0.1833	-0.1735
			-0.4007	-0.9161	-0.016
			0.7988	0.2078	-0.5646
			0.7793	0.269	-0.566
			0.5859	0.7854	0.1996
			0.3335	0.1533	-0.9302
			0.1585	0.7671	0.6216
			-0.9484	-0.0569	0.3121
			0.2747	-0.639	0.7185
			-0.1585	-0.7671	-0.6216
			0.9484	0.0569	-0.3121
			-0.2747	0.639	-0.7185
		b:
			-176.535
			-210.0672
			91.1098
			99.4059
			247.1744
			-17.5483
			231.2293
			-101.4694
			11.416
			-215.2293
			110.4694
			10.584
	==================================================================================
	Q2:
		Shape: Polyhedra
		q_c:	133.0	188.0	119.5
		ub :	144.1173	200.4308	127.4223
		lb :	121.8827	175.5692	111.5777
		A:
			-0.6438	0.0356	0.7644
			0.7425	0.0777	0.6653
			-0.9933	-0.1137	-0.0182
			0.4577	0.5603	-0.6903
			-0.1709	-0.761	0.6258
			0.1599	-0.0401	-0.9863
			0.8616	0.4979	0.0985
			0.5057	-0.8587	-0.0828
			0.0434	0.1212	-0.9917
			-0.8616	-0.4979	-0.0985
			-0.5057	0.8587	0.0828
			-0.0434	-0.1212	0.9917
		b:
			19.6271
			199.8718
			-148.1991
			90.5366
			-83.5063
			-97.5001
			226.9723
			-94.5845
			-83.4547
			-212.9723
			113.5845
			96.4547
	==================================================================================
	Q3:
		Shape: Polyhedra
		q_c:	155.0	148.5	124.5
		ub :	163.9985	158.8851	136.4883
		lb :	146.0015	138.1149	112.5117
		A:
			0.1605	0.9283	-0.3353
			-0.2706	-0.8078	0.5236
			-0.993	0.0842	-0.0824
			0.9658	0.2559	-0.0429
			0.7182	-0.3693	0.5897
			0.2759	0.9146	-0.2958
			0.8662	0.2985	0.4008
			-0.4997	0.504	0.7045
			0.0083	-0.8105	0.5857
			-0.8662	-0.2985	-0.4008
			0.4997	-0.504	-0.7045
			-0.0083	0.8105	-0.5857
		b:
			125.704
			-92.1433
			-145.3277
			187.9861
			134.323
			146.3207
			232.4847
			96.1016
			-41.6518
			-224.4847
			-74.1016
			50.6518
	==================================================================================
	Q4:
		Shape: Polyhedra
		q_c:	160.0	162.5	106.0
		ub :	168.0019	172.006	115.6432
		lb :	151.9981	152.994	96.3568
		A:
			0.4933	0.8518	-0.1763
			0.6245	-0.7731	0.111
			-0.245	-0.2536	0.9358
			0.9719	0.2271	0.0617
			-0.2628	-0.9156	0.3042
			-0.8395	0.4066	0.3603
			0.3174	0.6683	0.6728
			-0.9481	0.2099	0.2387
			0.0183	-0.7137	0.7003
			-0.3174	-0.6683	-0.6728
			0.9481	-0.2099	-0.2387
			-0.0183	0.7137	-0.7003
		b:
			204.585
			-8.2567
			24.288
			205.2028
			-153.0259
			-23.9866
			237.6951
			-86.2805
			-33.8114
			-223.6951
			98.2805
			43.8114
	==================================================================================
	Q5:
		Shape: Ellipse
		q_c:	140.5	151.0	100.5
		ub :	147.3367	158.2162	106.6844
		lb :	133.6633	143.7838	94.3156
		P^-1:
			0.0696	-0.0144	-0.0152
			-0.0144	0.0643	-0.0183
			-0.0152	-0.0183	0.0624
	==================================================================================
	Q6:
		Shape: Polyhedra
		q_c:	144.0	155.0	110.5
		ub :	153.3883	165.7634	120.0026
		lb :	134.6117	144.2366	100.9974
		A:
			-0.8374	0.3826	0.3903
			-0.6088	0.6579	-0.4433
			-0.6812	-0.6299	0.3731
			-0.4523	0.3875	-0.8033
			-0.6563	0.7542	0.0234
			-0.4768	0.8733	0.1001
			0.0126	0.4497	0.8931
			-0.6915	0.6491	-0.3171
			-0.7223	-0.6136	0.3192
			-0.0126	-0.4497	-0.8931
			0.6915	-0.6491	0.3171
			0.7223	0.6136	-0.3192
		b:
			-11.862
			-31.8815
			-144.0212
			-89.5754
			28.136
			81.7174
			176.2114
			-31.5092
			-153.3374
			-164.2114
			36.5092
			174.3374


===========================================================================================
===========================================================================================
S2:
	q_c:	365.0	275.0	36.0
	ub :	374.9415	281.4121	43.2491
	lb :	362.6397	267.3974	28.6481

	==================================================================================
	Q1:
		Shape: Hybrid
		q_c:	368.5	271.5	40.0
		ub :	370.8579	274.2778	43.2491
		lb :	366.1421	268.7222	36.7509
		P^-1:
			2.2152	1.7847	0.391
			1.7847	1.9399	0.5929
			0.391	0.5929	0.4005
		A:
			0.5047	0.862	0.0471
			0.7433	-0.3463	-0.5724
			0.715	0.615	0.3324
			-0.7547	-0.656	-0.0063
			0.4978	0.571	0.6528
			-0.839	-0.4856	-0.2454
		b:
			422.649
			158.2141
			444.1623
			-456.0962
			365.5273
			-450.2986
	==================================================================================
	Q2:
		Shape: Polyhedra
		q_c:	366.0	270.0	38.5
		ub :	368.4127	272.6026	40.6656
		lb :	363.5873	267.3974	36.3344
		A:
			0.2186	0.6291	-0.746
			-0.3628	-0.4482	0.817
			0.2431	0.1267	0.9617
			0.723	0.2561	0.6416
			-0.4073	0.5216	-0.7497
			-0.6669	-0.3968	0.6307
			0.163	0.5062	0.8468
			-0.4772	0.7917	-0.3814
			-0.8635	-0.3419	0.3706
			-0.163	-0.5062	-0.8468
			0.4772	-0.7917	0.3814
			0.8635	0.3419	-0.3706
		b:
			222.8628
			-220.7934
			161.4144
			359.7735
			-35.2798
			-325.4401
			229.9554
			26.4267
			-392.6078
			-227.9554
			-22.4267
			395.6078
	==================================================================================
	Q3:
		Shape: Ellipse
		q_c:	371.0	276.5	35.5
		ub :	374.9415	281.4121	40.5872
		lb :	367.0585	271.5879	30.4128
		P^-1:
			0.182	0.0314	0.0764
			0.0314	0.0914	0.0239
			0.0764	0.0239	0.1398
	==================================================================================
	Q4:
		Shape: Ellipse
		q_c:	370.0	271.0	39.0
		ub :	372.7278	274.0454	42.2212
		lb :	367.2722	267.9546	35.7788
		P^-1:
			0.25	0.0	0.0
			0.0	0.25	-0.0
			0.0	-0.0	0.25
	==================================================================================
	Q5:
		Shape: Hybrid
		q_c:	365.5	271.5	31.0
		ub :	367.9777	274.326	33.3519
		lb :	363.0223	268.674	28.6481
		P^-1:
			0.4187	0.059	-0.0294
			0.059	0.3093	0.0673
			-0.0294	0.0673	0.4109
		A:
			-0.5649	-0.5028	-0.6542
			0.5555	0.8124	0.1773
			-0.9512	-0.0343	0.3066
			0.6064	0.3631	-0.7074
			-0.7698	0.4967	0.4008
			-0.597	-0.6202	0.5089
		b:
			-362.5359
			429.9446
			-346.7109
			299.1069
			-133.1922
			-369.9078
	==================================================================================
	Q6:
		Shape: Ellipse
		q_c:	365.5	273.5	38.0
		ub :	368.3603	275.9868	40.0847
		lb :	362.6397	271.0132	35.9153
		P^-1:
			0.2584	-0.2188	-0.15
			-0.2188	0.683	0.234
			-0.15	0.234	0.6631


===========================================================================================
===========================================================================================
S3:
	q_c:	60.0	281.5	441.5
	ub :	83.2156	299.2035	459.5376
	lb :	52.8421	257.0588	431.8096

	==================================================================================
	Q1:
		Shape: Ellipse
		q_c:	68.0	265.5	448.0
		ub :	75.5463	273.9412	454.6469
		lb :	60.4537	257.0588	441.3531
		P^-1:
			0.0426	-0.0035	-0.0128
			-0.0035	0.044	0.0222
			-0.0128	0.0222	0.0628
	==================================================================================
	Q2:
		Shape: Ellipse
		q_c:	73.0	288.5	440.0
		ub :	83.2156	298.7735	447.9357
		lb :	62.7844	278.2265	432.0643
		P^-1:
			0.0241	0.0062	0.0073
			0.0062	0.032	0.0165
			0.0073	0.0165	0.0505
	==================================================================================
	Q3:
		Shape: Hybrid
		q_c:	59.0	293.0	452.5
		ub :	65.1579	299.2035	459.5376
		lb :	52.8421	286.7965	445.4624
		P^-1:
			0.089	0.0214	0.0243
			0.0214	0.059	0.0083
			0.0243	0.0083	0.0525
		A:
			0.997	0.055	-0.054
			0.7207	-0.1039	0.6854
			0.6768	0.723	-0.1383
			-0.3483	-0.6855	0.6394
			-0.374	-0.7265	-0.5765
			-0.4822	-0.7315	-0.4822
		b:
			52.7324
			324.3
			191.3955
			70.9639
			-493.6336
			-458.9974
	==================================================================================
	Q4:
		Shape: Hybrid
		q_c:	74.0	279.5	440.5
		ub :	80.8747	285.5439	449.1904
		lb :	67.1253	273.4561	431.8096
		P^-1:
			0.0937	0.0141	0.0326
			0.0141	0.0437	0.0076
			0.0326	0.0076	0.0294
		A:
			-0.9762	-0.1997	-0.085
			-0.8707	-0.251	0.4228
			0.7268	-0.3473	0.5926
			-0.9181	0.3851	-0.0939
			-0.5982	-0.7429	0.3004
			-0.5733	-0.6839	-0.4513
		b:
			-163.2474
			56.3766
			220.5408
			1.0106
			-115.4817
			-430.0292
	==================================================================================
	Q5:
		Shape: Ellipse
		q_c:	67.0	271.5	442.0
		ub :	74.2083	279.5473	449.8209
		lb :	59.7917	263.4527	434.1791
		P^-1:
			0.0553	0.0073	-0.0097
			0.0073	0.0366	-0.0005
			-0.0097	-0.0005	0.0437
	==================================================================================
	Q6:
		Shape: Ellipse
		q_c:	66.5	271.0	443.5
		ub :	76.0633	281.7595	452.1687
		lb :	56.9367	260.2405	434.8313
		P^-1:
			0.0423	-0.0004	-0.0265
			-0.0004	0.0188	-0.0105
			-0.0265	-0.0105	0.0621


===========================================================================================
===========================================================================================
S4:
	q_c:	281.0	393.5	202.5
	ub :	302.6637	411.2523	224.8027
	lb :	257.2442	378.2364	175.0855

	==================================================================================
	Q1:
		Shape: Ellipse
		q_c:	266.0	399.0	204.0
		ub :	274.7558	407.5729	212.3715
		lb :	257.2442	390.4271	195.6285
		P^-1:
			0.0462	0.0038	0.0171
			0.0038	0.0335	0.008
			0.0171	0.008	0.0395
	==================================================================================
	Q2:
		Shape: Hybrid
		q_c:	275.0	392.5	209.5
		ub :	280.7236	398.6567	214.3497
		lb :	269.2764	386.3433	204.6503
		P^-1:
			0.0607	0.006	-0.0006
			0.006	0.0419	0.002
			-0.0006	0.002	0.0623
		A:
			0.0043	-0.9993	-0.0366
			0.49	0.5341	0.689
			-0.5423	0.1534	-0.8261
			-0.7642	-0.4761	0.4352
			0.9151	-0.3939	0.0862
			-0.0332	-0.2926	0.9557
		b:
			-395.7917
			490.8214
			-259.8315
			-303.7261
			117.5406
			78.386
	==================================================================================
	Q3:
		Shape: Polyhedra
		q_c:	277.0	398.5	192.0
		ub :	286.8231	409.1171	201.1039
		lb :	267.1769	387.8829	182.8961
		A:
			0.4992	-0.5227	0.6911
			0.6999	-0.4813	-0.5277
			0.1403	0.7772	0.6134
			-0.6069	0.1274	-0.7845
			-0.9629	0.2691	-0.0213
			0.3719	-0.881	-0.2925
			0.3424	0.5472	0.7637
			0.8242	-0.5652	0.0354
			0.4511	0.6173	-0.6445
			-0.3424	-0.5472	-0.7637
			-0.8242	0.5652	-0.0354
			-0.4511	-0.6173	0.6445
		b:
			68.7
			-93.1168
			473.2353
			-261.4487
			-157.5865
			-297.8632
			466.5532
			15.8517
			252.7025
			-452.5532
			-3.8517
			-241.7025
	==================================================================================
	Q4:
		Shape: Polyhedra
		q_c:	296.0	386.0	184.0
		ub :	302.6637	393.7636	192.9145
		lb :	289.3363	378.2364	175.0855
		A:
			0.8982	-0.4324	0.0789
			-0.7536	0.6085	0.2485
			-0.8619	-0.156	0.4824
			0.8199	-0.5517	0.1533
			0.5613	-0.4478	0.696
			0.2714	-0.74	0.6154
			0.1637	0.508	0.8457
			-0.4434	0.8037	-0.3969
			-0.8812	-0.31	0.3568
			-0.1637	-0.508	-0.8457
			0.4434	-0.8037	0.3969
			0.8812	0.31	-0.3568
		b:
			117.4026
			62.0601
			-221.9779
			61.7079
			125.8278
			-88.3284
			407.1433
			109.4333
			-310.3515
			-393.1433
			-102.4333
			319.3515
	==================================================================================
	Q5:
		Shape: Ellipse
		q_c:	282.5	399.5	195.5
		ub :	290.3403	410.5289	206.55
		lb :	274.6597	388.4711	184.45
		P^-1:
			0.0792	-0.0381	-0.0251
			-0.0381	0.0391	0.0114
			-0.0251	0.0114	0.0271
	==================================================================================
	Q6:
		Shape: Polyhedra
		q_c:	285.0	405.5	219.5
		ub :	291.3488	411.2523	224.8027
		lb :	278.6512	399.7477	214.1973
		A:
			0.7301	0.2738	0.6261
			-0.3114	-0.7466	-0.5879
			0.2147	0.7954	0.5668
			-0.3801	-0.5146	-0.7686
			-0.6649	-0.2774	-0.6935
			-0.2258	-0.8275	0.514
			0.5903	0.4109	0.6947
			0.4993	-0.8622	0.0856
			0.6342	0.2964	-0.7141
			-0.5903	-0.4109	-0.6947
			-0.4993	0.8622	-0.0856
			-0.6342	-0.2964	0.7141
		b:
			458.6699
			-518.0303
			510.8518
			-483.4621
			-452.1414
			-282.503
			489.358
			-184.5089
			149.1598
			-485.358
			192.5089
			-139.1598


===========================================================================================
===========================================================================================
S5:
	q_c:	80.0	409.0	113.5
	ub :	91.7316	423.7272	128.6395
	lb :	65.2265	397.31	105.1673

	==================================================================================
	Q1:
		Shape: Ellipse
		q_c:	77.5	415.5	118.5
		ub :	81.967	420.0022	123.3464
		lb :	73.033	410.9978	113.6536
		P^-1:
			0.1638	0.1514	0.0739
			0.1514	0.2955	0.1012
			0.0739	0.1012	0.1293
	==================================================================================
	Q2:
		Shape: Polyhedra
		q_c:	74.0	404.0	113.5
		ub :	80.7286	410.69	119.562
		lb :	67.2714	397.31	107.438
		A:
			-0.3917	-0.9105	0.1325
			0.5777	-0.231	0.7829
			-0.4244	0.5466	-0.7219
			0.3685	-0.8508	-0.3747
			-0.7273	-0.652	0.2141
			0.3829	0.9006	-0.2059
			0.5165	0.3335	0.7887
			0.2858	0.8011	-0.5259
			-0.8072	0.497	0.3185
			-0.5165	-0.3335	-0.7887
			-0.2858	-0.8011	0.5259
			0.8072	-0.497	-0.3185
		b:
			-377.9278
			41.761
			111.3316
			-354.3548
			-288.9823
			372.6993
			265.4729
			289.0908
			182.2158
			-259.4729
			-281.0908
			-172.2158
	==================================================================================
	Q3:
		Shape: Ellipse
		q_c:	75.0	407.0	111.0
		ub :	80.1942	413.1257	116.8327
		lb :	69.8058	400.8743	105.1673
		P^-1:
			0.1028	0.0297	-0.0377
			0.0297	0.0844	-0.0278
			-0.0377	-0.0278	0.0978
	==================================================================================
	Q4:
		Shape: Ellipse
		q_c:	71.5	413.5	116.5
		ub :	77.7735	418.8079	122.7527
		lb :	65.2265	408.1921	110.2473
		P^-1:
			0.0816	0.0159	-0.0264
			0.0159	0.0572	-0.013
			-0.0264	-0.013	0.0711
	==================================================================================
	Q5:
		Shape: Hybrid
		q_c:	87.0	413.0	113.0
		ub :	91.7316	418.3311	117.9336
		lb :	82.2684	407.6689	108.0664
		P^-1:
			0.1901	-0.077	-0.0263
			-0.077	0.1039	0.0421
			-0.0263	0.0421	0.1166
		A:
			0.696	-0.1873	-0.6931
			-0.7908	0.6086	0.0654
			0.4787	-0.5989	0.642
			0.6141	-0.7312	-0.2969
			0.7615	-0.4322	0.4831
			-0.0674	0.7251	0.6853
		b:
			-93.5117
			191.0939
			-130.8095
			-280.8395
			-55.918
			372.9117
	==================================================================================
	Q6:
		Shape: Ellipse
		q_c:	85.0	419.0	124.0
		ub :	88.0627	423.7272	128.6395
		lb :	81.9373	414.2728	119.3605
		P^-1:
			0.1671	0.0151	0.0193
			0.0151	0.15	0.0901
			0.0193	0.0901	0.1554


===========================================================================================
===========================================================================================
S6:
	q_c:	116.5	30.5	238.5
	ub :	133.166	48.8185	257.216
	lb :	102.9113	9.0325	219.1112

	==================================================================================
	Q1:
		Shape: Polyhedra
		q_c:	112.0	38.0	246.0
		ub :	121.0887	48.8185	257.216
		lb :	102.9113	27.1815	234.784
		A:
			0.3789	-0.1801	-0.9077
			-0.8705	0.468	0.1522
			-0.0079	0.4929	0.87
			-0.1304	-0.5892	-0.7974
			-0.0455	-0.7896	-0.612
			0.8413	-0.5159	0.1612
			0.754	0.3164	0.5757
			-0.6519	0.4675	0.597
			-0.0803	-0.8254	0.5588
			-0.754	-0.3164	-0.5757
			0.6519	-0.4675	-0.597
			0.0803	0.8254	-0.5588
		b:
			-181.7763
			-36.4571
			237.8288
			-227.066
			-179.5078
			120.5472
			244.5818
			97.107
			104.6041
			-231.5818
			-86.107
			-89.6041
	==================================================================================
	Q2:
		Shape: Ellipse
		q_c:	115.0	17.5	246.0
		ub :	123.8422	25.9675	251.9874
		lb :	106.1578	9.0325	240.0126
		P^-1:
			0.0361	0.0043	0.0159
			0.0043	0.031	0.0043
			0.0159	0.0043	0.0754
	==================================================================================
	Q3:
		Shape: Polyhedra
		q_c:	124.0	33.5	245.5
		ub :	133.166	40.7832	254.4703
		lb :	114.834	26.2168	236.5297
		A:
			0.0084	-0.3161	0.9487
			0.5744	-0.5839	-0.5737
			-0.2879	0.9257	0.2452
			-0.3864	0.8426	0.3751
			-0.0758	0.8279	0.5557
			0.7885	0.2607	-0.5571
			0.9752	0.1367	0.1743
			-0.145	-0.2011	0.9688
			0.1675	-0.97	-0.1763
			-0.9752	-0.1367	-0.1743
			0.145	0.2011	-0.9688
			-0.1675	0.97	0.1763
		b:
			230.3297
			-83.1804
			60.5789
			77.6548
			160.1617
			-23.0051
			175.7923
			220.1218
			-50.0027
			-160.7923
			-206.1218
			60.0027
	==================================================================================
	Q4:
		Shape: Hybrid
		q_c:	114.5	25.0	248.0
		ub :	121.0433	30.8483	252.0182
		lb :	107.9567	19.1517	243.9818
		P^-1:
			0.0624	-0.0197	-0.0264
			-0.0197	0.0664	-0.0039
			-0.0264	-0.0039	0.1528
		A:
			0.4613	-0.2918	-0.8379
			0.8436	-0.3911	-0.368
			-0.3312	-0.9419	0.0554
			-0.4834	0.2283	-0.8451
			0.3418	0.4103	-0.8455
			0.6108	0.777	-0.1524
		b:
			-160.8703
			-2.2897
			-44.4503
			-257.078
			-158.5471
			55.0431
	==================================================================================
	Q5:
		Shape: Hybrid
		q_c:	116.5	31.5	228.5
		ub :	125.1707	38.8283	237.8888
		lb :	107.8293	24.1717	219.1112
		P^-1:
			0.0394	0.026	0.0154
			0.026	0.072	0.0366
			0.0154	0.0366	0.0478
		A:
			0.9782	-0.0015	0.2077
			-0.0177	-0.7337	-0.6793
			0.5724	0.4212	0.7035
			-0.4363	-0.4518	-0.7782
			0.1024	-0.6491	-0.7538
			0.2955	-0.4823	-0.8247
		b:
			165.5777
			-178.2632
			243.1495
			-240.5063
			-178.1915
			-165.8564
	==================================================================================
	Q6:
		Shape: Polyhedra
		q_c:	116.0	39.5	248.5
		ub :	123.7246	47.3556	256.7173
		lb :	108.2754	31.6444	240.2827
		A:
			0.0563	-0.0604	0.9966
			-0.5461	0.1175	-0.8295
			0.6999	0.4822	0.5269
			0.0467	0.1217	-0.9915
			-0.2923	-0.2513	0.9227
			0.0572	-0.1267	-0.9903
			0.2022	0.6929	0.6921
			-0.5583	0.6622	-0.4998
			-0.8046	-0.2853	0.5208
			-0.2022	-0.6929	-0.6921
			0.5583	-0.6622	0.4998
			0.8046	0.2853	-0.5208
		b:
			256.589
			-260.003
			235.8153
			-231.3243
			190.3882
			-239.7438
			227.3149
			-157.8095
			29.8012
			-218.3149
			167.8095
			-19.8012


===========================================================================================
===========================================================================================
S7:
	q_c:	36.5	220.0	417.5
	ub :	47.1471	232.5491	431.3033
	lb :	23.7106	206.1037	405.8729

	==================================================================================
	Q1:
		Shape: Ellipse
		q_c:	36.0	222.0	420.0
		ub :	39.4608	224.3718	423.6699
		lb :	32.5392	219.6282	416.3301
		P^-1:
			0.3222	0.0192	0.1595
			0.0192	0.4414	-0.0251
			0.1595	-0.0251	0.2364
	==================================================================================
	Q2:
		Shape: Hybrid
		q_c:	31.0	221.5	413.0
		ub :	37.6196	229.1302	420.1271
		lb :	24.3804	213.8698	405.8729
		P^-1:
			0.0578	0.0027	0.0149
			0.0027	0.0404	0.0146
			0.0149	0.0146	0.0659
		A:
			0.4621	-0.8121	-0.3564
			0.1202	-0.3664	0.9227
			-0.2601	-0.0939	-0.961
			0.7451	-0.2991	0.5962
			0.7165	-0.6565	-0.2359
			0.6973	0.1163	-0.7073
		b:
			-309.8527
			306.5454
			-423.7053
			205.4549
			-217.7724
			-241.6461
	==================================================================================
	Q3:
		Shape: Polyhedra
		q_c:	43.0	214.5	426.5
		ub :	47.1471	218.3184	431.3033
		lb :	38.8529	210.6816	421.6967
		A:
			-0.391	-0.7767	-0.4938
			-0.5324	0.469	0.7047
			-0.6431	0.3209	0.6953
			-0.5359	-0.2262	-0.8134
			0.9002	-0.3599	0.2452
			0.9091	-0.1365	0.3935
			0.3222	0.2698	0.9074
			0.0753	0.9482	-0.3087
			-0.9437	0.1678	0.2852
			-0.3222	-0.2698	-0.9074
			-0.0753	-0.9482	0.3087
			0.9437	-0.1678	-0.2852
		b:
			-390.8512
			381.4159
			340.8642
			-415.0038
			69.1053
			180.8256
			462.2373
			77.449
			120.0653
			-455.2373
			-72.449
			-114.0653
	==================================================================================
	Q4:
		Shape: Polyhedra
		q_c:	38.0	224.0	416.0
		ub :	42.0398	227.5429	419.8412
		lb :	33.9602	220.4571	412.1588
		A:
			0.0147	-0.7011	0.7129
			-0.2671	-0.7707	0.5785
			-0.6541	0.5448	0.5247
			0.0208	0.9724	0.2325
			-0.5921	0.2526	-0.7653
			0.7096	0.6897	-0.1443
			0.4933	0.7333	0.468
			0.6616	0.033	-0.7491
			-0.5648	0.6791	-0.4689
			-0.4933	-0.7333	-0.468
			-0.6616	-0.033	0.7491
			0.5648	-0.6791	0.4689
		b:
			143.154
			60.5388
			317.872
			317.6184
			-281.1394
			123.1645
			379.1771
			-277.0892
			-60.8835
			-376.1771
			281.0892
			67.8835
	==================================================================================
	Q5:
		Shape: Ellipse
		q_c:	38.0	212.0	416.5
		ub :	44.068	217.8963	421.1717
		lb :	31.932	206.1037	411.8283
		P^-1:
			0.1847	0.1357	0.1297
			0.1357	0.1682	0.1274
			0.1297	0.1274	0.194
	==================================================================================
	Q6:
		Shape: Hybrid
		q_c:	29.0	226.0	414.5
		ub :	34.2894	232.5491	421.1492
		lb :	23.7106	219.4509	407.8508
		P^-1:
			0.0971	-0.0142	-0.0213
			-0.0142	0.0591	-0.0003
			-0.0213	-0.0003	0.0668
		A:
			-0.8248	0.5654	0.0019
			0.907	-0.0308	-0.4201
			0.9493	-0.2305	-0.2137
			0.1626	-0.9006	0.403
			0.7739	-0.249	0.5823
			-0.6885	0.7204	0.0832
		b:
			106.4426
			-153.211
			-111.5522
			-29.2392
			209.9735
			179.2383


===========================================================================================
===========================================================================================
S8:
	q_c:	255.0	314.0	148.5
	ub :	274.5995	333.6397	173.287
	lb :	245.7365	297.113	131.3224

	==================================================================================
	Q1:
		Shape: Polyhedra
		q_c:	265.5	324.5	165.0
		ub :	274.5995	333.6397	173.287
		lb :	256.4005	315.3603	156.713
		A:
			-0.7244	-0.0982	-0.6824
			0.1194	0.9893	-0.0833
			-0.8737	-0.3376	0.3502
			0.7101	0.375	-0.5959
			-0.5123	-0.8154	-0.2695
			0.7688	0.1459	-0.6226
			0.7267	0.6869	0.0038
			0.681	-0.7212	0.1272
			0.0902	-0.0899	-0.9919
			-0.7267	-0.6869	-0.0038
			-0.681	0.7212	-0.1272
			-0.0902	0.0899	0.9919
		b:
			-330.1877
			344.9376
			-277.7895
			218.2541
			-439.3407
			155.3191
			421.9773
			-25.7209
			-161.3905
			-410.9773
			38.7209
			176.3905
	==================================================================================
	Q2:
		Shape: Hybrid
		q_c:	255.5	313.5	147.5
		ub :	262.7593	320.3055	155.4346
		lb :	248.2407	306.6945	139.5654
		P^-1:
			0.0343	-0.0006	0.0026
			-0.0006	0.0334	-0.0013
			0.0026	-0.0013	0.0384
		A:
			0.4661	0.2894	0.836
			-0.4839	0.2628	-0.8347
			0.7265	0.6364	0.2592
			-0.8978	0.4395	-0.0292
			0.8552	0.5017	-0.1304
			-0.5408	0.6586	0.5232
		b:
			335.7659
			-161.8624
			426.289
			-93.0373
			359.5327
			148.4509
	==================================================================================
	Q3:
		Shape: Polyhedra
		q_c:	263.5	308.0	137.0
		ub :	266.9809	314.4355	142.6776
		lb :	260.0191	301.5645	131.3224
		A:
			-0.9565	0.2324	0.1766
			0.544	-0.2235	-0.8088
			-0.1691	0.4298	0.8869
			-0.3428	0.365	0.8656
			0.9433	0.1422	-0.3
			0.8412	0.0028	-0.5408
			0.0257	0.599	0.8003
			-0.3339	0.7598	-0.5579
			-0.9423	-0.2529	0.2195
			-0.0257	-0.599	-0.8003
			0.3339	-0.7598	0.5579
			0.9423	0.2529	-0.2195
		b:
			-153.4484
			-34.0836
			211.8482
			143.0745
			252.7894
			150.146
			303.4101
			75.6069
			-294.5967
			-298.4101
			-63.6069
			297.5967
	==================================================================================
	Q4:
		Shape: Hybrid
		q_c:	250.5	316.5	160.0
		ub :	255.2635	325.2639	169.1353
		lb :	245.7365	307.7361	150.8647
		P^-1:
			0.0801	0.0015	-0.0092
			0.0015	0.0237	-0.0002
			-0.0092	-0.0002	0.0252
		A:
			0.5253	-0.2547	-0.8119
			0.7888	0.2941	0.5397
			-0.9608	0.1278	-0.2459
			-0.6707	0.6852	0.2842
			-0.9188	0.3926	-0.0404
			-0.0347	0.3135	0.9489
		b:
			-75.1846
			380.5309
			-237.1303
			97.8679
			-109.8349
			247.0392
	==================================================================================
	Q5:
		Shape: Hybrid
		q_c:	262.0	304.0	142.0
		ub :	268.2979	310.887	147.5944
		lb :	255.7021	297.113	136.4056
		P^-1:
			0.1349	-0.0209	-0.0922
			-0.0209	0.0484	-0.0158
			-0.0922	-0.0158	0.1762
		A:
			0.8933	-0.0333	-0.4482
			-0.6005	0.6018	0.5266
			0.7195	-0.3453	-0.6025
			-0.4781	0.3547	-0.8035
			0.8456	0.5313	-0.0506
			0.2848	0.1292	-0.9498
		b:
			161.8804
			102.6416
			-0.6108
			-128.9303
			379.9129
			-19.5977
	==================================================================================
	Q6:
		Shape: Polyhedra
		q_c:	268.5	318.5	150.5
		ub :	273.2325	326.7748	157.5805
		lb :	263.7675	310.2252	143.4195
		A:
			-0.4971	0.1401	0.8563
			0.2057	0.7099	0.6736
			0.8984	-0.3892	0.2033
			-0.756	0.36	0.5467
			0.7631	-0.056	-0.6438
			0.1584	0.1206	-0.98
			0.6395	0.2416	0.7299
			-0.7688	0.19	0.6107
			0.0089	-0.9516	0.3072
			-0.6395	-0.2416	-0.7299
			0.7688	-0.19	-0.6107
			-0.0089	0.9516	-0.3072
		b:
			42.5522
			388.1978
			152.6029
			-4.0971
			91.9417
			-62.088
			363.9851
			-52.5017
			-247.474
			-352.9851
			55.5017
			261.474


===========================================================================================
===========================================================================================
S9:
	q_c:	226.5	155.0	14.5
	ub :	246.6854	179.9322	39.4519
	lb :	210.5653	135.6451	-5.334

	==================================================================================
	Q1:
		Shape: Ellipse
		q_c:	221.5	168.0	30.0
		ub :	229.914	175.6395	36.9255
		lb :	213.086	160.3605	23.0745
		P^-1:
			0.0438	0.022	-0.0371
			0.022	0.058	-0.051
			-0.0371	-0.051	0.1138
	==================================================================================
	Q2:
		Shape: Polyhedra
		q_c:	232.5	156.0	29.5
		ub :	242.4136	167.269	39.4519
		lb :	222.5864	144.731	19.5481
		A:
			-0.9375	-0.3315	0.1061
			0.2288	0.7546	0.615
			0.9527	0.3021	0.0339
			-0.601	-0.7985	0.0355
			0.7761	0.6275	-0.0621
			0.7002	0.5784	-0.4186
			0.0929	0.4269	0.8995
			-0.7451	0.629	-0.2216
			-0.6604	-0.6497	0.3766
			-0.0929	-0.4269	-0.8995
			0.7451	-0.629	0.2216
			0.6604	0.6497	-0.3766
		b:
			-260.7271
			195.7923
			275.7363
			-257.9179
			281.8036
			245.69
			121.7392
			-73.6524
			-238.7833
			-107.7392
			89.6524
			248.7833
	==================================================================================
	Q3:
		Shape: Hybrid
		q_c:	219.5	144.0	4.0
		ub :	228.4347	152.3549	13.334
		lb :	210.5653	135.6451	-5.334
		P^-1:
			0.0569	-0.0442	0.0237
			-0.0442	0.0825	-0.059
			0.0237	-0.059	0.0729
		A:
			0.5428	-0.4304	0.7212
			-0.6788	0.2516	0.6898
			0.4723	-0.5328	0.7022
			0.4413	-0.6862	0.5783
			0.0559	0.5089	-0.859
			0.5498	-0.8327	0.0661
		b:
			62.4604
			-105.9049
			31.5263
			1.6068
			84.381
			3.9731
	==================================================================================
	Q4:
		Shape: Ellipse
		q_c:	224.0	171.5	24.5
		ub :	233.7697	179.9322	34.028
		lb :	214.2303	163.0678	14.972
		P^-1:
			0.0188	-0.0029	0.0062
			-0.0029	0.0427	0.0092
			0.0062	0.0092	0.0366
	==================================================================================
	Q5:
		Shape: Hybrid
		q_c:	227.0	154.5	23.5
		ub :	236.9552	164.548	28.3164
		lb :	217.0448	144.452	18.6836
		P^-1:
			0.0256	0.0099	-0.0067
			0.0099	0.0256	-0.0084
			-0.0067	-0.0084	0.0791
		A:
			-0.0928	-0.9634	0.2516
			0.0736	-0.2954	-0.9525
			0.9794	0.0993	0.1756
			-0.0284	0.379	-0.925
			-0.0763	0.4691	0.8798
			-0.8236	-0.2073	-0.528
		b:
			-159.4198
			-48.7402
			246.5969
			32.6235
			79.0513
			-227.3239
	==================================================================================
	Q6:
		Shape: Hybrid
		q_c:	238.0	158.5	13.5
		ub :	246.6854	164.9308	22.0921
		lb :	229.3146	152.0692	4.9079
		P^-1:
			0.0385	-0.0285	-0.0128
			-0.0285	0.0921	0.0187
			-0.0128	0.0187	0.0373
		A:
			-0.3322	0.161	-0.9294
			-0.2606	0.4561	0.8509
			0.5843	-0.2227	0.7804
			-0.1872	0.9169	-0.3524
			-0.5796	0.6761	0.455
			-0.7017	0.677	-0.2222
		b:
			-61.5666
			24.6641
			118.9384
			98.7343
			-22.7885
			-59.6932


===========================================================================================
===========================================================================================
S10:
	q_c:	527.5	280.0	185.0
	ub :	550.0737	308.6687	208.4669
	lb :	498.7955	256.5474	162.9072

	==================================================================================
	Q1:
		Shape: Polyhedra
		q_c:	522.5	273.0	168.0
		ub :	534.3011	282.9575	173.0928
		lb :	510.6989	263.0425	162.9072
		A:
			0.077	-0.035	0.9964
			-0.0353	0.0777	0.9964
			-0.3141	-0.2348	0.9199
			-0.7021	-0.6665	0.2506
			-0.0205	0.5971	-0.8019
			-0.1471	0.1006	0.984
			0.3517	0.8757	0.3308
			0.1506	0.2959	-0.9433
			-0.9239	0.3816	-0.0278
			-0.3517	-0.8757	-0.3308
			-0.1506	-0.2959	0.9433
			0.9239	-0.3816	0.0278
		b:
			201.7016
			173.7602
			-70.2387
			-500.548
			21.7033
			119.7192
			484.4076
			3.984
			-373.255
			-472.4076
			2.016
			393.255
	==================================================================================
	Q2:
		Shape: Hybrid
		q_c:	532.5	300.5	188.0
		ub :	541.8962	308.6687	197.817
		lb :	523.1038	292.3313	178.183
		P^-1:
			0.0379	0.0255	0.0217
			0.0255	0.0556	0.0396
			0.0217	0.0396	0.057
		A:
			0.8052	0.3455	0.4819
			-0.2285	-0.545	-0.8067
			-0.3725	-0.442	-0.816
			-0.0217	-0.6344	-0.7727
			0.2608	0.2524	0.9318
			0.7138	0.3337	0.6158
		b:
			626.0616
			-435.1866
			-482.5045
			-345.1656
			392.967
			598.7776
	==================================================================================
	Q3:
		Shape: Polyhedra
		q_c:	541.0	268.5	177.0
		ub :	550.0737	280.4526	185.7192
		lb :	531.9263	256.5474	168.2808
		A:
			-0.3854	0.6256	0.6783
			-0.5007	0.851	-0.1588
			-0.8139	0.576	-0.0769
			0.1731	0.6202	0.7651
			0.7988	-0.0542	-0.5992
			0.6471	-0.7418	-0.1758
			0.0484	0.984	0.1717
			0.9988	-0.0496	0.0024
			0.0108	0.1714	-0.9851
			-0.0484	-0.984	-0.1717
			-0.9988	0.0496	-0.0024
			-0.0108	-0.1714	0.9851
		b:
			88.6992
			-60.8052
			-290.2179
			404.7618
			319.5746
			129.4048
			331.2802
			535.9462
			-115.4861
			-310.2802
			-518.9462
			129.4861
	==================================================================================
	Q4:
		Shape: Hybrid
		q_c:	534.5	289.5	187.5
		ub :	547.1439	293.7986	199.8347
		lb :	521.8561	285.2014	175.1653
		P^-1:
			0.3685	-1.1082	0.2625
			-1.1082	3.4472	-0.8198
			0.2625	-0.8198	0.2082
		A:
			-0.5108	0.8488	-0.1363
			-0.1796	0.9443	-0.2756
			-0.0008	-0.9442	0.3295
			0.1495	-0.3453	-0.9265
			0.3151	-0.9293	0.1926
			-0.2718	0.9345	-0.2298
		b:
			-50.8629
			126.749
			-209.3593
			-185.2193
			-64.1986
			82.5185
	==================================================================================
	Q5:
		Shape: Polyhedra
		q_c:	520.0	292.5	201.0
		ub :	527.9366	299.9992	208.4669
		lb :	512.0634	285.0008	193.5331
		A:
			0.7932	0.0867	0.6027
			-0.4597	-0.7176	-0.5232
			-0.4407	0.1794	-0.8796
			0.5843	-0.2456	0.7735
			0.4186	-0.1911	0.8878
			0.5584	0.8233	-0.1015
			0.6445	0.2692	0.7156
			-0.7392	0.4584	0.4933
			-0.1953	-0.847	0.4945
			-0.6445	-0.2692	-0.7156
			0.7392	-0.4584	-0.4933
			0.1953	0.847	-0.4945
		b:
			562.049
			-550.755
			-350.486
			390.6086
			343.2286
			514.5266
			560.2357
			-143.6588
			-245.8784
			-555.2357
			158.6588
			253.8784
	==================================================================================
	Q6:
		Shape: Polyhedra
		q_c:	509.5	286.5	196.0
		ub :	520.2045	296.4385	206.3442
		lb :	498.7955	276.5615	185.6558
		A:
			0.5589	0.6988	0.4465
			0.7713	-0.086	0.6306
			0.2497	-0.2503	-0.9354
			-0.6218	0.7684	-0.1515
			-0.6586	0.4947	-0.567
			-0.8663	-0.0643	-0.4954
			0.2822	0.6123	0.7385
			-0.7206	0.6435	-0.2582
			-0.6333	-0.4594	0.6228
			-0.2822	-0.6123	-0.7385
			0.7206	-0.6435	0.2582
			0.6333	0.4594	-0.6228
		b:
			577.8831
			496.2879
			-120.8572
			-121.8167
			-300.292
			-551.9539
			467.9588
			-228.9085
			-322.1915
			-459.9588
			237.9085
			342.1915


===========================================================================================
===========================================================================================
S11:
	q_c:	487.5	346.5	273.5
	ub :	503.0949	358.938	287.8453
	lb :	477.3018	335.3007	260.162

	==================================================================================
	Q1:
		Shape: Hybrid
		q_c:	483.5	348.5	276.5
		ub :	489.6982	352.6278	282.9065
		lb :	477.3018	344.3722	270.0935
		P^-1:
			0.0816	0.0017	0.035
			0.0017	0.111	-0.002
			0.035	-0.002	0.0696
		A:
			0.5411	-0.0646	0.8385
			-0.4683	0.1006	-0.8778
			-0.8721	0.3984	-0.2841
			0.5221	0.4806	0.7045
			-0.9868	-0.1386	-0.0834
			-0.2916	-0.9541	-0.0674
		b:
			472.6406
			-432.2546
			-359.5375
			616.3778
			-546.234
			-490.6505
	==================================================================================
	Q2:
		Shape: Ellipse
		q_c:	487.0	353.0	274.0
		ub :	494.2199	358.938	281.123
		lb :	479.7801	347.062	266.877
		P^-1:
			0.0564	-0.0125	0.0046
			-0.0125	0.0716	-0.0082
			0.0046	-0.0082	0.0524
	==================================================================================
	Q3:
		Shape: Polyhedra
		q_c:	488.0	349.0	282.5
		ub :	494.1099	353.8305	287.8453
		lb :	481.8901	344.1695	277.1547
		A:
			-0.9224	0.2481	-0.296
			-0.1468	-0.885	0.4418
			-0.4539	-0.6573	0.6016
			0.0799	0.9782	-0.1915
			-0.9778	-0.1047	-0.1814
			0.6424	0.7641	-0.0588
			0.5684	0.5329	0.6269
			0.0046	-0.764	0.6453
			0.8227	-0.3639	-0.4367
			-0.5684	-0.5329	-0.6269
			-0.0046	0.764	-0.6453
			-0.8227	0.3639	0.4367
		b:
			-443.0042
			-253.9756
			-278.4078
			328.5812
			-560.6983
			566.6092
			643.9489
			-80.6105
			156.1103
			-636.9489
			83.6105
			-146.1103
	==================================================================================
	Q4:
		Shape: Polyhedra
		q_c:	493.0	350.0	281.5
		ub :	499.9679	355.7077	287.6903
		lb :	486.0321	344.2923	275.3097
		A:
			0.9164	-0.3999	-0.0156
			-0.673	0.4518	0.5857
			0.1969	0.7745	0.6011
			0.4327	-0.6353	-0.6397
			-0.8572	-0.3701	-0.358
			-0.3991	0.6276	0.6684
			0.3731	0.8761	0.3054
			0.5216	0.0741	-0.85
			-0.7673	0.4764	-0.4293
			-0.3731	-0.8761	-0.3054
			-0.5216	-0.0741	0.85
			0.7673	-0.4764	0.4293
		b:
			312.1789
			-4.8972
			540.861
			-185.346
			-648.7664
			214.7657
			580.0217
			47.3417
			-327.4032
			-573.0217
			-40.3417
			337.4032
	==================================================================================
	Q5:
		Shape: Hybrid
		q_c:	497.0	342.0	266.5
		ub :	503.0949	348.6993	272.838
		lb :	490.9051	335.3007	260.162
		P^-1:
			0.0609	-0.0005	0.0063
			-0.0005	0.0681	0.0145
			0.0063	0.0145	0.0646
		A:
			0.1778	-0.8673	-0.4649
			-0.2389	0.0542	0.9695
			-0.0409	0.3492	0.9362
			-0.0664	-0.9608	-0.2691
			-0.5096	-0.3822	0.7708
			-0.602	-0.7331	0.3165
		b:
			-330.2951
			160.559
			350.5654
			-431.3667
			-175.8783
			-462.9743
	==================================================================================
	Q6:
		Shape: Ellipse
		q_c:	496.0	344.0	277.0
		ub :	501.2152	348.7323	282.4761
		lb :	490.7848	339.2677	271.5239
		P^-1:
			0.0829	0.0086	-0.0052
			0.0086	0.1377	-0.0343
			-0.0052	-0.0343	0.1026


===========================================================================================
===========================================================================================
