3D_50_20_6_f                l = 3

===========================================================================================
===========================================================================================
S1:
	q_c:    473.0000    326.0000    174.5000
	ub :    502.0000    338.0000    188.0000
	lb :    444.0000    314.0000    161.0000

	==================================================================================
	Q1:
		Shape: Hybrid
		q_c:    467.0000    318.0000    179.0000
		ub :    469.7410    322.0390    181.8986
		lb :    464.2590    313.9610    176.1014
		P^-1: 
			    0.2464    0.0238    0.0044
			    0.0238    0.0907    -0.0297
			    0.0044    -0.0297    0.2445
		A:
			    -0.3801    0.5483    -0.7449
			    0.5602    -0.1472    0.8152
			    0.4539    -0.0609    -0.8890
			    -0.7085    -0.4944    0.5036
			    -0.8108    -0.2843    0.5116
			    -0.8455    0.2931    0.4463
		b:
			    -135.0941
			    361.7239
			    34.6659
			    -396.7628
			    -376.4992
			    -220.3203
	==================================================================================
	Q2:
		Shape: Polyhedra
		q_c:    472.5000    322.0000    181.0000
		ub :    478.4129    328.2446    186.4680
		lb :    466.5871    315.7554    175.5320
		A:
			    0.5508    0.8061    -0.2166
			    0.3637    -0.4395    -0.8213
			    0.9084    -0.0293    -0.4171
			    -0.9914    -0.1258    -0.0374
			    -0.7425    -0.1458    0.6538
			    0.4783    0.2840    -0.8310
			    0.6109    0.5121    0.6038
			    0.4191    -0.8562    0.3021
			    0.6717    0.0685    -0.7377
			    -0.6109    -0.5121    -0.6038
			    -0.4191    0.8562    -0.3021
			    -0.6717    -0.0685    0.7377
		b:
			    484.2992
			    -115.2811
			    347.1470
			    -512.3664
			    -276.8905
			    169.8622
			    566.3221
			    -17.9751
			    208.4240
			    -559.3221
			    27.9751
			    -203.4240
	==================================================================================
	Q3:
		Shape: Ellipse
		q_c:    473.0000    328.0000    169.0000
		ub :    478.0426    336.1831    177.3464
		lb :    467.9574    319.8169    160.6536
		P^-1: 
			    0.1100    -0.0069    0.0075
			    -0.0069    0.0685    0.0460
			    0.0075    0.0460    0.0615
	==================================================================================
	Q4:
		Shape: Polyhedra
		q_c:    475.5000    325.0000    176.0000
		ub :    482.6681    330.1341    183.1299
		lb :    468.3319    319.8659    168.8701
		A:
			    0.1722    -0.8150    -0.5532
			    0.3017    -0.9343    -0.1901
			    0.2037    -0.6192    -0.7584
			    0.7185    -0.6807    -0.1431
			    0.5887    -0.0429    0.8072
			    0.6930    -0.6930    -0.1987
			    0.5959    0.1255    0.7932
			    -0.4868    0.8420    0.2325
			    -0.6388    -0.5246    0.5628
			    -0.5959    -0.1255    -0.7932
			    0.4868    -0.8420    -0.2325
			    0.6388    0.5246    -0.5628
		b:
			    -277.7021
			    -191.4074
			    -234.5989
			    97.6135
			    412.5343
			    71.6553
			    468.2177
			    85.1229
			    -369.6770
			    -459.2177
			    -81.1229
			    380.6770
	==================================================================================
	Q5:
		Shape: Hybrid
		q_c:    485.0000    339.0000    175.5000
		ub :    492.0091    348.6245    184.9250
		lb :    477.9909    329.3755    166.0750
		P^-1: 
			    0.0884    0.0179    0.0346
			    0.0179    0.0281    0.0053
			    0.0346    0.0053    0.0427
		A:
			    -0.5293    -0.7078    -0.4679
			    0.6985    0.0103    0.7155
			    -0.0160    -0.9998    0.0099
			    0.9397    -0.1262    0.3179
			    -0.9248    -0.3681    0.0959
			    -0.6265    0.5183    -0.5821
		b:
			    -575.6653
			    469.9123
			    -340.0625
			    471.0397
			    -553.7769
			    -226.8909
	==================================================================================
	Q6:
		Shape: Ellipse
		q_c:    471.0000    319.0000    173.5000
		ub :    478.5126    326.3200    179.4570
		lb :    463.4874    311.6800    167.5430
		P^-1: 
			    0.0546    0.0107    -0.0009
			    0.0107    0.0480    0.0013
			    -0.0009    0.0013    0.0624


===========================================================================================
===========================================================================================
S2:
	q_c:    534.5000    60.0000    66.5000
	ub :    560.0000    88.0000    84.0000
	lb :    509.0000    32.0000    49.0000

	==================================================================================
	Q1:
		Shape: Hybrid
		q_c:    546.5000    52.5000    49.0000
		ub :    552.9470    59.3128    52.7624
		lb :    540.0530    45.6872    45.2376
		P^-1: 
			    0.1443    0.0772    -0.1487
			    0.0772    0.0867    -0.1062
			    -0.1487    -0.1062    0.3090
		A:
			    -0.2858    -0.1310    0.9493
			    -0.7209    0.6387    0.2691
			    -0.7436    -0.1924    0.6403
			    -0.4582    -0.4388    0.7730
			    -0.4071    -0.3926    0.8247
			    -0.6174    -0.2745    0.7372
		b:
			    -115.3686
			    -342.8122
			    -383.6871
			    -234.7039
			    -201.8415
			    -314.7676
	==================================================================================
	Q2:
		Shape: Polyhedra
		q_c:    540.0000    41.5000    81.5000
		ub :    548.5386    47.2094    91.1288
		lb :    531.4614    35.7906    71.8712
		A:
			    -0.0973    0.9829    0.1561
			    0.4129    0.8134    -0.4098
			    -0.5490    -0.7810    0.2978
			    0.4809    0.7676    -0.4236
			    0.0618    0.9722    -0.2258
			    -0.1689    -0.9686    -0.1826
			    0.1768    0.0023    0.9843
			    -0.8704    0.4672    0.1552
			    -0.4595    -0.8841    0.0846
			    -0.1768    -0.0023    -0.9843
			    0.8704    -0.4672    -0.1552
			    0.4595    0.8841    -0.0846
		b:
			    5.5529
			    227.3177
			    -301.1105
			    261.0991
			    59.3411
			    -142.3688
			    184.2594
			    -431.4779
			    -274.9361
			    -167.2594
			    444.4779
			    280.9361
	==================================================================================
	Q3:
		Shape: Hybrid
		q_c:    524.0000    52.5000    76.5000
		ub :    539.3390    65.9078    89.1523
		lb :    508.6610    39.0922    63.8477
		P^-1: 
			    0.0123    -0.0031    -0.0004
			    -0.0031    0.0125    -0.0011
			    -0.0004    -0.0011    0.0137
		A:
			    -0.4712    -0.0691    0.8793
			    0.5504    0.3038    0.7776
			    -0.9860    0.0722    -0.1503
			    0.0281    -0.6920    0.7214
			    0.4674    -0.8828    0.0468
			    0.0440    -0.5603    0.8271
		b:
			    -178.7050
			    369.5494
			    -519.1860
			    38.0413
			    206.3703
			    61.2549
	==================================================================================
	Q4:
		Shape: Hybrid
		q_c:    553.0000    64.0000    72.0000
		ub :    563.8228    77.3799    84.9998
		lb :    542.1772    50.6201    59.0002
		P^-1: 
			    0.0299    0.0145    0.0140
			    0.0145    0.0219    0.0065
			    0.0140    0.0065    0.0223
		A:
			    0.2894    -0.6585    -0.6947
			    0.3846    0.8794    0.2807
			    0.1638    -0.5494    0.8194
			    -0.2763    -0.9174    -0.2863
			    0.5269    0.7460    0.4073
			    0.2367    -0.9547    -0.1802
		b:
			    75.2006
			    293.1012
			    119.9869
			    -227.6162
			    371.4337
			    63.7943
	==================================================================================
	Q5:
		Shape: Hybrid
		q_c:    549.5000    64.0000    53.0000
		ub :    564.3424    79.8434    64.5935
		lb :    534.6576    48.1566    41.4065
		P^-1: 
			    0.0112    -0.0002    0.0028
			    -0.0002    0.0102    0.0036
			    0.0028    0.0036    0.0183
		A:
			    0.7310    0.5134    -0.4495
			    -0.9955    -0.0946    -0.0094
			    -0.7942    -0.2571    -0.5506
			    0.0064    0.8018    0.5976
			    0.6590    -0.6448    0.3873
			    0.4520    -0.1185    -0.8841
		b:
			    417.9904
			    -547.3526
			    -477.3396
			    91.3006
			    347.3744
			    199.1200
	==================================================================================
	Q6:
		Shape: Ellipse
		q_c:    555.0000    44.0000    68.0000
		ub :    568.6323    55.3157    80.3702
		lb :    541.3677    32.6843    55.6298
		P^-1: 
			    0.0153    0.0046    -0.0012
			    0.0046    0.0198    -0.0028
			    -0.0012    -0.0028    0.0147


===========================================================================================
===========================================================================================
S3:
	q_c:    134.5000    363.5000    481.5000
	ub :    143.0000    379.0000    512.0000
	lb :    126.0000    348.0000    451.0000

	==================================================================================
	Q1:
		Shape: Polyhedra
		q_c:    131.0000    357.0000    479.5000
		ub :    133.6791    359.8056    482.2994
		lb :    128.3209    354.1944    476.7006
		A:
			    -0.7412    0.1884    -0.6443
			    0.5144    -0.8489    0.1216
			    -0.7373    -0.5871    -0.3343
			    -0.7912    0.2564    -0.5552
			    0.4981    0.7498    -0.4355
			    0.6082    0.7812    -0.1407
			    0.7724    0.5580    0.3034
			    0.2185    -0.6819    0.6980
			    0.5964    -0.4729    -0.6486
			    -0.7724    -0.5580    -0.3034
			    -0.2185    0.6819    -0.6980
			    -0.5964    0.4729    0.6486
		b:
			    -337.2936
			    -175.6340
			    -464.9859
			    -276.8253
			    125.6283
			    292.6222
			    447.3568
			    121.3765
			    -399.7109
			    -444.3568
			    -118.3765
			    403.7109
	==================================================================================
	Q2:
		Shape: Polyhedra
		q_c:    133.5000    367.0000    480.5000
		ub :    139.2341    371.5715    485.5162
		lb :    127.7659    362.4285    475.4838
		A:
			    0.7070    0.6409    0.2991
			    0.2523    -0.8892    0.3817
			    -0.9232    -0.2689    -0.2745
			    -0.4613    -0.8819    -0.0971
			    0.5511    0.7709    0.3192
			    0.7510    -0.3777    0.5416
			    0.5373    0.1214    0.8346
			    -0.7231    0.5756    0.3819
			    -0.4340    -0.8087    0.3970
			    -0.5373    -0.1214    -0.8346
			    0.7231    -0.5756    -0.3819
			    0.4340    0.8087    -0.3970
		b:
			    475.8564
			    -106.1568
			    -350.7304
			    -429.5413
			    512.4706
			    225.4141
			    520.3018
			    302.6736
			    -161.9600
			    -514.3018
			    -293.6736
			    165.9600
	==================================================================================
	Q3:
		Shape: Polyhedra
		q_c:    127.5000    367.5000    486.5000
		ub :    130.6357    370.7399    490.0815
		lb :    124.3643    364.2601    482.9185
		A:
			    0.1963    0.9603    0.1983
			    0.7613    0.4196    0.4942
			    -0.9202    -0.0875    -0.3814
			    0.4487    0.7358    0.5071
			    -0.3823    -0.8389    -0.3874
			    -0.6512    -0.6909    0.3141
			    0.7075    0.5993    0.3745
			    0.1954    -0.6752    0.7113
			    0.6792    -0.4301    -0.5948
			    -0.7075    -0.5993    -0.3745
			    -0.1954    0.6752    -0.7113
			    -0.6792    0.4301    0.5948
		b:
			    476.1300
			    492.8018
			    -333.4829
			    575.6888
			    -544.1061
			    -182.4407
			    493.6565
			    124.8328
			    -357.8274
			    -491.6565
			    -120.8328
			    363.8274
	==================================================================================
	Q4:
		Shape: Polyhedra
		q_c:    136.5000    359.5000    484.5000
		ub :    140.8226    362.9944    489.0835
		lb :    132.1774    356.0056    479.9165
		A:
			    0.3210    0.8818    -0.3457
			    -0.4230    0.8964    0.1327
			    0.3703    0.5097    0.7766
			    -0.6390    0.3141    -0.7022
			    -0.3977    0.9134    0.0871
			    -0.0160    0.1068    0.9942
			    0.3545    0.6047    0.7132
			    0.8849    0.0295    -0.4649
			    -0.3022    0.7959    -0.5246
			    -0.3545    -0.6047    -0.7132
			    -0.8849    -0.0295    0.4649
			    0.3022    -0.7959    0.5246
		b:
			    195.7402
			    331.2404
			    613.0268
			    -312.1265
			    318.6699
			    520.7151
			    614.3245
			    -90.8545
			    -7.2989
			    -608.3245
			    96.8545
			    11.2989
	==================================================================================
	Q5:
		Shape: Ellipse
		q_c:    133.0000    361.0000    489.5000
		ub :    137.8439    365.4709    494.8515
		lb :    128.1561    356.5291    484.1485
		P^-1: 
			    0.1311    -0.0455    -0.0300
			    -0.0455    0.1903    -0.0779
			    -0.0300    -0.0779    0.1379
	==================================================================================
	Q6:
		Shape: Polyhedra
		q_c:    129.5000    358.0000    487.5000
		ub :    132.5822    361.4333    490.4675
		lb :    126.4178    354.5667    484.5325
		A:
			    0.4087    0.2498    -0.8778
			    -0.9221    0.2877    0.2586
			    -0.3737    -0.4051    -0.8344
			    -0.2243    0.7985    -0.5587
			    -0.1348    0.9269    0.3504
			    0.2377    -0.1671    0.9569
			    0.9997    0.0245    0.0069
			    -0.0029    -0.1597    0.9872
			    0.0253    -0.9869    -0.1596
			    -0.9997    -0.0245    -0.0069
			    0.0029    0.1597    -0.9872
			    -0.0253    0.9869    0.1596
		b:
			    -283.0078
			    112.6222
			    -597.4618
			    -12.7924
			    488.1468
			    439.9458
			    144.5991
			    426.1718
			    -424.8345
			    -138.5991
			    -421.1718
			    430.8345


===========================================================================================
===========================================================================================
S4:
	q_c:    407.5000    206.0000    319.5000
	ub :    425.0000    240.0000    343.0000
	lb :    390.0000    172.0000    296.0000

	==================================================================================
	Q1:
		Shape: Ellipse
		q_c:    418.5000    190.5000    310.5000
		ub :    424.4358    199.9283    320.3277
		lb :    412.5642    181.0717    300.6723
		P^-1: 
			    0.0945    0.0152    0.0317
			    0.0152    0.0259    0.0050
			    0.0317    0.0050    0.0348
	==================================================================================
	Q2:
		Shape: Polyhedra
		q_c:    408.0000    195.5000    322.0000
		ub :    412.4347    206.1045    329.9910
		lb :    403.5653    184.8955    314.0090
		A:
			    0.8233    -0.0823    -0.5616
			    -0.9707    -0.2368    -0.0408
			    -0.9718    0.1491    0.1827
			    -0.2492    -0.1631    -0.9546
			    0.6759    -0.2468    -0.6945
			    0.7464    -0.2461    -0.6182
			    0.4752    0.3929    0.7873
			    -0.8737    0.1052    0.4749
			    0.1037    -0.9136    0.3933
			    -0.4752    -0.3929    -0.7873
			    0.8737    -0.1052    -0.4749
			    -0.1037    0.9136    -0.3933
		b:
			    140.6540
			    -452.4270
			    -306.1153
			    -436.0921
			    5.9486
			    59.2257
			    528.7044
			    -181.4889
			    -0.1466
			    -519.7044
			    184.4889
			    19.1466
	==================================================================================
	Q3:
		Shape: Ellipse
		q_c:    398.0000    191.0000    328.5000
		ub :    410.9561    203.2137    339.4633
		lb :    385.0439    178.7863    317.5367
		P^-1: 
			    0.0159    -0.0051    -0.0006
			    -0.0051    0.0145    0.0006
			    -0.0006    0.0006    0.0112
	==================================================================================
	Q4:
		Shape: Hybrid
		q_c:    422.0000    215.5000    332.0000
		ub :    434.6747    228.5578    345.2919
		lb :    409.3253    202.4422    318.7081
		P^-1: 
			    0.0121    -0.0022    -0.0055
			    -0.0022    0.0123    0.0032
			    -0.0055    0.0032    0.0194
		A:
			    0.5033    -0.2203    -0.8356
			    0.8115    0.1094    -0.5740
			    -0.2826    -0.2520    -0.9255
			    0.5534    -0.7521    0.3580
			    -0.5526    -0.7706    0.3176
			    -0.7623    -0.6397    0.0983
		b:
			    -109.1840
			    180.2636
			    -475.4776
			    196.6980
			    -287.4363
			    -420.1465
	==================================================================================
	Q5:
		Shape: Ellipse
		q_c:    406.0000    201.0000    301.5000
		ub :    418.4649    208.1753    312.9314
		lb :    393.5351    193.8247    290.0686
		P^-1: 
			    0.0107    0.0033    0.0006
			    0.0033    0.0391    -0.0036
			    0.0006    -0.0036    0.0140
	==================================================================================
	Q6:
		Shape: Polyhedra
		q_c:    425.0000    208.5000    313.5000
		ub :    435.6406    219.6594    324.7043
		lb :    414.3594    197.3406    302.2957
		A:
			    -0.1049    0.0556    0.9929
			    -0.4465    0.8812    0.1554
			    0.8118    0.0615    0.5807
			    -0.2362    0.4723    -0.8492
			    0.3365    -0.5405    0.7711
			    -0.6071    -0.7839    0.1301
			    0.1014    0.4698    0.8769
			    -0.5822    0.7428    -0.3306
			    -0.8067    -0.4770    0.3488
			    -0.1014    -0.4698    -0.8769
			    0.5822    -0.7428    0.3306
			    0.8067    0.4770    -0.3488
		b:
			    285.9513
			    48.0966
			    546.8194
			    -261.9870
			    277.7092
			    -372.0449
			    423.4654
			    -191.7216
			    -323.9405
			    -408.4654
			    200.7216
			    341.9405


===========================================================================================
===========================================================================================
S5:
	q_c:    505.5000    243.0000    51.0000
	ub :    520.0000    250.0000    73.0000
	lb :    491.0000    236.0000    29.0000

	==================================================================================
	Q1:
		Shape: Hybrid
		q_c:    501.0000    238.0000    49.0000
		ub :    506.1371    243.0054    53.9783
		lb :    495.8629    232.9946    44.0217
		P^-1: 
			    0.0648    0.0008    0.0085
			    0.0008    0.0865    -0.0119
			    0.0085    -0.0119    0.1040
		A:
			    0.0083    -0.2632    0.9647
			    -0.4344    0.5993    0.6724
			    -0.2238    0.9745    -0.0170
			    -0.5070    -0.3148    0.8024
			    -0.1018    -0.5981    0.7949
			    0.8840    -0.4674    -0.0042
		b:
			    -9.6774
			    -39.8655
			    120.9562
			    -287.6860
			    -152.8329
			    333.8388
	==================================================================================
	Q2:
		Shape: Ellipse
		q_c:    511.5000    246.5000    45.0000
		ub :    516.5397    249.2724    49.9669
		lb :    506.4603    243.7276    40.0331
		P^-1: 
			    0.0807    -0.0002    -0.0236
			    -0.0002    0.1598    -0.0038
			    -0.0236    -0.0038    0.0931
	==================================================================================
	Q3:
		Shape: Hybrid
		q_c:    502.5000    243.5000    48.5000
		ub :    505.8568    248.0248    52.9814
		lb :    499.1432    238.9752    44.0186
		P^-1: 
			    0.1831    0.0269    0.0293
			    0.0269    0.1303    0.0683
			    0.0293    0.0683    0.1783
		A:
			    0.8440    -0.0920    0.5284
			    0.5266    -0.4768    -0.7039
			    -0.1060    -0.0754    -0.9915
			    -0.7897    0.1464    -0.5958
			    0.9280    0.3272    -0.1782
			    -0.5700    -0.7701    -0.2865
		b:
			    428.7819
			    115.7731
			    -118.1737
			    -388.5045
			    538.8455
			    -486.4491
	==================================================================================
	Q4:
		Shape: Ellipse
		q_c:    501.5000    237.5000    57.5000
		ub :    505.5733    241.8748    62.0586
		lb :    497.4267    233.1252    52.9414
		P^-1: 
			    0.1447    -0.0120    -0.0192
			    -0.0120    0.1505    -0.0151
			    -0.0192    -0.0151    0.1359
	==================================================================================
	Q5:
		Shape: Hybrid
		q_c:    504.5000    242.0000    45.5000
		ub :    508.4782    246.6687    50.3911
		lb :    500.5218    237.3313    40.6089
		P^-1: 
			    0.1432    -0.0147    0.0180
			    -0.0147    0.1178    -0.0082
			    0.0180    -0.0082    0.1212
		A:
			    -0.3139    0.9008    -0.3000
			    -0.5529    0.6507    -0.5204
			    0.8130    0.5812    -0.0350
			    0.7920    -0.3798    -0.4780
			    0.4224    0.6132    -0.6675
			    -0.2806    0.9071    -0.3138
		b:
			    47.4655
			    -143.8434
			    550.8848
			    287.5256
			    332.8460
			    65.1589
	==================================================================================
	Q6:
		Shape: Polyhedra
		q_c:    506.5000    241.0000    47.0000
		ub :    510.8045    243.4236    49.9335
		lb :    502.1955    238.5764    44.0665
		A:
			    -0.4648    0.6196    -0.6325
			    -0.3059    -0.8957    -0.3228
			    -0.3956    0.6342    0.6643
			    -0.4873    0.4021    -0.7751
			    -0.2300    -0.9596    -0.1619
			    0.1997    0.0799    0.9766
			    0.1013    0.3936    0.9137
			    -0.2414    0.9007    -0.3612
			    -0.9651    -0.1840    0.1862
			    -0.1013    -0.3936    -0.9137
			    0.2414    -0.9007    0.3612
			    0.9651    0.1840    -0.1862
		b:
			    -114.3676
			    -383.7882
			    -14.0042
			    -184.5956
			    -353.3980
			    168.2142
			    191.0919
			    78.8413
			    -520.4209
			    -187.0919
			    -76.8413
			    528.4209


===========================================================================================
===========================================================================================
S6:
	q_c:    360.5000    18.0000    37.0000
	ub :    392.0000    36.0000    50.0000
	lb :    329.0000    0.0000    24.0000

	==================================================================================
	Q1:
		Shape: Polyhedra
		q_c:    371.0000    23.0000    34.0000
		ub :    378.9664    29.8367    42.5125
		lb :    363.0336    16.1633    25.4875
		A:
			    0.5890    -0.1659    0.7909
			    -0.4671    -0.7672    -0.4396
			    -0.8347    -0.5496    -0.0359
			    0.2488    -0.7064    0.6627
			    -0.6384    0.6795    -0.3615
			    0.9266    -0.2075    0.3137
			    0.4432    0.8879    0.1235
			    0.7399    -0.4401    0.5089
			    0.5062    -0.1341    -0.8519
			    -0.4432    -0.8879    -0.1235
			    -0.7399    0.4401    -0.5089
			    -0.5062    0.1341    0.8519
		b:
			    245.1527
			    -200.3426
			    -318.0860
			    102.6061
			    -230.9168
			    352.6546
			    194.5336
			    283.6719
			    163.7344
			    -183.5336
			    -279.6719
			    -147.7344
	==================================================================================
	Q2:
		Shape: Ellipse
		q_c:    357.0000    31.5000    31.0000
		ub :    361.1918    40.2988    39.0138
		lb :    352.8082    22.7012    22.9862
		P^-1: 
			    0.4019    0.0303    -0.1224
			    0.0303    0.0251    -0.0047
			    -0.1224    -0.0047    0.0709
	==================================================================================
	Q3:
		Shape: Hybrid
		q_c:    371.0000    22.5000    46.5000
		ub :    380.5471    31.2179    54.7992
		lb :    361.4529    13.7821    38.2008
		P^-1: 
			    0.0272    -0.0119    -0.0083
			    -0.0119    0.0430    -0.0044
			    -0.0083    -0.0044    0.0463
		A:
			    0.5547    -0.7342    -0.3915
			    -0.6615    0.5813    -0.4739
			    0.1326    -0.9612    -0.2420
			    -0.2440    -0.0335    -0.9692
			    0.5558    0.0399    -0.8303
			    0.4224    -0.8250    0.3754
		b:
			    173.3177
			    -251.3889
			    19.1482
			    -133.1244
			    170.9387
			    157.9091
	==================================================================================
	Q4:
		Shape: Ellipse
		q_c:    372.0000    6.5000    25.5000
		ub :    380.5167    14.0166    32.0409
		lb :    363.4833    -1.0166    18.9591
		P^-1: 
			    0.0730    0.0623    0.0193
			    0.0623    0.0915    0.0333
			    0.0193    0.0333    0.0626
	==================================================================================
	Q5:
		Shape: Hybrid
		q_c:    361.5000    27.0000    25.5000
		ub :    367.5684    31.8602    30.9753
		lb :    355.4316    22.1398    20.0247
		P^-1: 
			    0.0800    0.0203    -0.0015
			    0.0203    0.0948    0.0108
			    -0.0015    0.0108    0.0804
		A:
			    -0.9537    -0.1823    -0.2393
			    -0.6449    -0.0760    -0.7604
			    -0.9472    0.3174    0.0458
			    0.3629    0.7815    0.5076
			    0.8125    0.5608    -0.1594
			    -0.2957    -0.5064    -0.8100
		b:
			    -353.7724
			    -252.4776
			    -330.3353
			    166.7845
			    306.4648
			    -139.4750
	==================================================================================
	Q6:
		Shape: Polyhedra
		q_c:    366.0000    6.5000    29.0000
		ub :    371.5853    16.3240    39.1184
		lb :    360.4147    -3.3240    18.8816
		A:
			    0.1638    -0.6334    0.7563
			    -0.7902    0.5964    -0.1411
			    0.5800    -0.0311    0.8140
			    -0.9644    -0.2535    -0.0753
			    -0.7687    0.2116    -0.6036
			    0.7514    -0.2273    -0.6195
			    0.1466    0.7102    0.6886
			    0.3440    0.6161    -0.7086
			    -0.9274    0.3408    -0.1540
			    -0.1466    -0.7102    -0.6886
			    -0.3440    -0.6161    0.7086
			    0.9274    -0.3408    0.1540
		b:
			    85.2234
			    -286.6335
			    240.6875
			    -352.2646
			    -293.7821
			    261.1405
			    83.7364
			    117.8655
			    -339.6980
			    -72.7364
			    -100.8655
			    343.6980


===========================================================================================
===========================================================================================
S7:
	q_c:    189.0000    195.5000    348.5000
	ub :    200.0000    213.0000    359.0000
	lb :    178.0000    178.0000    338.0000

	==================================================================================
	Q1:
		Shape: Polyhedra
		q_c:    186.0000    196.5000    356.0000
		ub :    190.5279    199.4779    360.5404
		lb :    181.4721    193.5221    351.4596
		A:
			    -0.1386    -0.9753    0.1718
			    -0.3112    0.6160    -0.7237
			    0.0209    -0.8885    0.4584
			    -0.2929    0.3317    -0.8967
			    -0.8446    0.2755    -0.4591
			    -0.0199    -0.9430    0.3323
			    0.5593    0.7354    0.3826
			    0.6685    -0.1272    -0.7328
			    -0.4902    0.6656    -0.5627
			    -0.5593    -0.7354    -0.3826
			    -0.6685    0.1272    0.7328
			    0.4902    -0.6656    0.5627
		b:
			    -154.4331
			    -192.7326
			    -5.7066
			    -306.3551
			    -264.5025
			    -68.9259
			    386.7452
			    -157.5112
			    -159.2155
			    -382.7452
			    165.5112
			    162.2155
	==================================================================================
	Q2:
		Shape: Ellipse
		q_c:    184.0000    191.0000    354.0000
		ub :    186.6322    196.5822    359.1820
		lb :    181.3678    185.4178    348.8180
		P^-1: 
			    0.8084    0.1845    0.3244
			    0.1845    0.1019    0.0947
			    0.3244    0.0947    0.2207
	==================================================================================
	Q3:
		Shape: Polyhedra
		q_c:    182.5000    185.5000    353.0000
		ub :    185.4444    188.8255    356.0621
		lb :    179.5556    182.1745    349.9379
		A:
			    0.8380    0.5024    -0.2129
			    0.6191    0.4085    -0.6707
			    -0.8299    -0.3078    0.4653
			    0.6584    0.6904    -0.2998
			    -0.4761    -0.5634    0.6752
			    0.5247    0.7031    -0.4799
			    0.1237    0.4955    0.8597
			    -0.7751    0.5892    -0.2281
			    -0.6196    -0.6382    0.4570
			    -0.1237    -0.4955    -0.8597
			    0.7751    -0.5892    0.2281
			    0.6196    0.6382    -0.4570
		b:
			    172.1074
			    -47.0812
			    -43.0864
			    143.0397
			    47.8159
			    57.3812
			    420.4808
			    -109.6815
			    -69.6456
			    -415.4808
			    115.6815
			    70.6456
	==================================================================================
	Q4:
		Shape: Polyhedra
		q_c:    188.5000    190.0000    346.0000
		ub :    193.8429    195.0604    351.3670
		lb :    183.1571    184.9396    340.6330
		A:
			    -0.6157    0.7468    0.2513
			    0.3174    0.1432    0.9374
			    0.8945    0.2028    -0.3985
			    -0.6663    0.6542    0.3579
			    -0.4625    0.8819    -0.0911
			    -0.9861    -0.1594    -0.0480
			    0.6575    0.5887    0.4703
			    0.1995    -0.7379    0.6448
			    0.7266    -0.3301    -0.6026
			    -0.6575    -0.5887    -0.4703
			    -0.1995    0.7379    -0.6448
			    -0.7266    0.3301    0.6026
		b:
			    116.0408
			    414.6021
			    72.7010
			    125.8982
			    51.7548
			    -229.2713
			    402.0122
			    122.9826
			    -130.7395
			    -395.0122
			    -117.9826
			    137.7395
	==================================================================================
	Q5:
		Shape: Polyhedra
		q_c:    183.5000    198.5000    354.5000
		ub :    189.9229    202.7980    358.6185
		lb :    177.0771    194.2020    350.3815
		A:
			    0.3248    -0.5149    -0.7933
			    0.2357    -0.3595    0.9029
			    0.4033    -0.2162    -0.8891
			    0.0151    0.8713    -0.4904
			    0.5691    -0.7689    -0.2916
			    -0.1231    -0.8993    -0.4196
			    0.9645    0.2124    0.1568
			    0.1979    -0.9748    0.1031
			    0.1748    -0.0684    -0.9822
			    -0.9645    -0.2124    -0.1568
			    -0.1979    0.9748    -0.1031
			    -0.1748    0.0684    0.9822
		b:
			    -320.8289
			    295.2531
			    -280.9611
			    4.9317
			    -148.1764
			    -346.3928
			    280.2432
			    -117.6172
			    -326.7156
			    -269.2432
			    123.6172
			    332.7156
	==================================================================================
	Q6:
		Shape: Hybrid
		q_c:    192.5000    192.0000    343.0000
		ub :    197.4017    196.6813    348.4436
		lb :    187.5983    187.3187    337.5564
		P^-1: 
			    0.0817    0.0011    -0.0007
			    0.0011    0.1387    -0.0349
			    -0.0007    -0.0349    0.1029
		A:
			    0.3710    0.9220    -0.1111
			    0.3148    0.9095    -0.2713
			    -0.7364    -0.5657    0.3711
			    0.6941    0.2895    -0.6591
			    0.9257    0.2914    -0.2413
			    -0.3191    0.7075    -0.6305
		b:
			    211.8912
			    143.5889
			    -121.2863
			    -34.9334
			    153.5026
			    -140.4514


===========================================================================================
===========================================================================================
S8:
	q_c:    216.5000    53.0000    296.5000
	ub :    234.0000    73.0000    310.0000
	lb :    199.0000    33.0000    283.0000

	==================================================================================
	Q1:
		Shape: Hybrid
		q_c:    226.0000    54.5000    289.5000
		ub :    232.0002    60.8804    295.4262
		lb :    219.9998    48.1196    283.5738
		P^-1: 
			    0.0408    0.0046    0.0019
			    0.0046    0.0680    0.0157
			    0.0019    0.0157    0.0623
		A:
			    0.7049    0.5726    -0.4187
			    -0.2582    -0.9658    0.0249
			    0.1483    -0.9799    0.1337
			    -0.3187    0.6289    0.7091
			    0.8466    0.4255    -0.3196
			    0.5800    0.1777    -0.7950
		b:
			    72.1649
			    -101.5518
			    21.2471
			    169.6101
			    124.9935
			    -86.6049
	==================================================================================
	Q2:
		Shape: Ellipse
		q_c:    205.0000    43.5000    313.0000
		ub :    215.1829    54.3010    322.1762
		lb :    194.8171    32.6990    303.8238
		P^-1: 
			    0.0339    -0.0099    -0.0114
			    -0.0099    0.0243    0.0053
			    -0.0114    0.0053    0.0326
	==================================================================================
	Q3:
		Shape: Hybrid
		q_c:    205.5000    49.0000    302.5000
		ub :    213.4454    56.7639    311.1049
		lb :    197.5546    41.2361    293.8951
		P^-1: 
			    0.0292    -0.0014    0.0037
			    -0.0014    0.0398    0.0005
			    0.0037    0.0005    0.0387
		A:
			    0.8585    -0.4188    -0.2959
			    0.3040    -0.8531    -0.4239
			    -0.5160    0.8213    0.2432
			    0.1720    0.9781    0.1173
			    -0.3718    -0.8177    -0.4396
			    0.3066    0.3212    -0.8960
		b:
			    69.6410
			    -104.9717
			    10.5136
			    121.3234
			    -246.8263
			    -189.4056
	==================================================================================
	Q4:
		Shape: Polyhedra
		q_c:    217.5000    54.0000    285.0000
		ub :    221.1916    59.9527    291.1286
		lb :    213.8084    48.0473    278.8714
		A:
			    0.7782    -0.0975    0.6204
			    -0.5560    -0.8294    -0.0545
			    -0.9665    -0.0062    0.2565
			    -0.8809    0.0468    -0.4711
			    -0.8418    -0.1877    0.5062
			    -0.6675    -0.5443    -0.5082
			    0.9576    0.2262    0.1786
			    -0.1191    -0.2536    0.9599
			    0.2624    -0.9405    -0.2159
			    -0.9576    -0.2262    -0.1786
			    0.1191    0.2536    -0.9599
			    -0.2624    0.9405    0.2159
		b:
			    344.0076
			    -177.8122
			    -134.5712
			    -320.6322
			    -45.3875
			    -316.4396
			    273.3855
			    238.9750
			    -50.7524
			    -269.3855
			    -228.9750
			    59.7524
	==================================================================================
	Q5:
		Shape: Hybrid
		q_c:    203.5000    44.0000    305.0000
		ub :    213.0757    53.7779    314.9488
		lb :    193.9243    34.2221    295.0512
		P^-1: 
			    0.0766    -0.0444    -0.0160
			    -0.0444    0.0414    0.0119
			    -0.0160    0.0119    0.0198
		A:
			    0.5568    -0.5061    -0.6587
			    -0.9116    0.3967    -0.1081
			    0.8413    -0.3914    -0.3729
			    -0.5989    0.7207    0.3493
			    -0.7195    0.6170    0.3188
			    -0.3746    0.8379    -0.3970
		b:
			    -106.6078
			    -198.4173
			    42.2888
			    18.7825
			    -20.2922
			    -155.0703
	==================================================================================
	Q6:
		Shape: Ellipse
		q_c:    230.5000    56.0000    303.0000
		ub :    238.9399    66.1661    312.0143
		lb :    222.0601    45.8339    293.9857
		P^-1: 
			    0.0372    -0.0052    0.0053
			    -0.0052    0.0306    0.0097
			    0.0053    0.0097    0.0300


===========================================================================================
===========================================================================================
S9:
	q_c:    30.5000    314.0000    290.0000
	ub :    49.0000    316.0000    302.0000
	lb :    12.0000    312.0000    278.0000

	==================================================================================
	Q1:
		Shape: Hybrid
		q_c:    32.0000    313.5000    289.5000
		ub :    34.2906    316.0412    292.0160
		lb :    29.7094    310.9588    286.9840
		P^-1: 
			    0.4444    -0.0000    0.0000
			    -0.0000    0.4444    -0.0000
			    0.0000    -0.0000    0.4444
		A:
			    -0.6862    -0.4277    0.5884
			    -0.1137    0.9234    -0.3665
			    0.2983    0.4146    -0.8597
			    -0.7473    -0.4510    0.4880
			    0.7684    0.0529    0.6378
			    -0.5282    -0.1533    -0.8352
		b:
			    15.0541
			    180.4984
			    -108.5975
			    -23.2786
			    226.5706
			    -305.9997
	==================================================================================
	Q2:
		Shape: Hybrid
		q_c:    30.5000    316.0000    289.0000
		ub :    31.9679    317.6738    290.4271
		lb :    29.0321    314.3262    287.5729
		P^-1: 
			    1.0000    -0.0000    -0.0000
			    -0.0000    1.0000    0.0000
			    -0.0000    0.0000    1.0000
		A:
			    -0.9642    0.0358    -0.2628
			    -0.3612    0.8454    -0.3935
			    -0.9920    0.0502    -0.1157
			    0.0713    -0.9776    -0.1981
			    -0.1194    -0.8859    -0.4483
			    0.8632    0.1555    -0.4804
		b:
			    -93.5401
			    142.9273
			    -47.3403
			    -363.4872
			    -412.6300
			    -62.8739
	==================================================================================
	Q3:
		Shape: Polyhedra
		q_c:    32.0000    314.0000    292.0000
		ub :    33.0075    315.7745    293.7655
		lb :    30.9925    312.2255    290.2345
		A:
			    0.5710    0.8206    0.0229
			    -0.9650    0.2337    0.1187
			    0.0709    0.2709    -0.9600
			    0.2236    -0.8989    0.3768
			    0.5596    -0.7018    0.4408
			    -0.6707    -0.7236    -0.1630
			    0.0029    0.7121    0.7020
			    -1.0000    0.0043    -0.0003
			    -0.0032    -0.7020    0.7121
			    -0.0029    -0.7121    -0.7020
			    1.0000    -0.0043    0.0003
			    0.0032    0.7020    -0.7121
		b:
			    283.8379
			    78.1923
			    -191.8386
			    -163.9922
			    -72.7236
			    -295.0313
			    430.1966
			    -29.7343
			    -11.5938
			    -427.1966
			    31.7343
			    13.5938
	==================================================================================
	Q4:
		Shape: Ellipse
		q_c:    31.5000    313.0000    291.0000
		ub :    32.9478    314.5374    292.1905
		lb :    30.0522    311.4626    289.8095
		P^-1: 
			    1.0000    -0.0000    -0.0000
			    -0.0000    1.0000    0.0000
			    -0.0000    0.0000    1.0000
	==================================================================================
	Q5:
		Shape: Hybrid
		q_c:    32.0000    315.5000    288.5000
		ub :    33.3823    317.5249    290.4882
		lb :    30.6177    313.4751    286.5118
		P^-1: 
			    2.7840    -0.5604    -1.5908
			    -0.5604    0.5787    0.3811
			    -1.5908    0.3811    1.5262
		A:
			    0.7548    0.0962    -0.6488
			    -0.9265    -0.0404    0.3741
			    -0.6843    -0.2602    0.6812
			    -0.9098    0.1130    0.3994
			    -0.0152    -0.0774    -0.9969
			    -0.4522    0.1142    0.8846
		b:
			    -132.2534
			    65.9270
			    93.1172
			    122.0961
			    -311.4917
			    277.3585
	==================================================================================
	Q6:
		Shape: Polyhedra
		q_c:    30.0000    313.5000    289.5000
		ub :    30.8026    314.3407    290.3439
		lb :    29.1974    312.6593    288.6561
		A:
			    0.7524    -0.2891    0.5919
			    0.1596    -0.1624    -0.9737
			    -0.1249    -0.0609    -0.9903
			    0.7810    0.6091    -0.1380
			    -0.1960    0.5163    0.8337
			    -0.8861    -0.4482    0.1184
			    0.6480    0.3844    0.6575
			    -0.2317    -0.7229    0.6509
			    0.7255    -0.5741    -0.3794
			    -0.6480    -0.3844    -0.6575
			    0.2317    0.7229    -0.6509
			    -0.7255    0.5741    0.3794
		b:
			    103.7841
			    -327.5100
			    -309.0414
			    174.9453
			    397.8270
			    -132.2984
			    330.7907
			    -44.6394
			    -267.5727
			    -329.7907
			    45.6394
			    268.5727


===========================================================================================
===========================================================================================
S10:
	q_c:    354.0000    119.5000    411.0000
	ub :    365.0000    122.0000    421.0000
	lb :    343.0000    117.0000    401.0000

	==================================================================================
	Q1:
		Shape: Polyhedra
		q_c:    356.0000    118.5000    413.0000
		ub :    358.3763    121.2208    415.6843
		lb :    353.6237    115.7792    410.3157
		A:
			    0.5480    -0.1945    0.8135
			    -0.9339    0.2522    0.2534
			    -0.5659    -0.5371    0.6255
			    -0.6620    0.5489    0.5104
			    0.4004    -0.0378    -0.9156
			    -0.5940    0.5994    0.5365
			    0.6813    0.3643    0.6350
			    0.7168    -0.1560    -0.6796
			    -0.1485    0.9181    -0.3674
			    -0.6813    -0.3643    -0.6350
			    -0.7168    0.1560    0.6796
			    0.1485    -0.9181    0.3674
		b:
			    510.0277
			    -196.6267
			    -5.2297
			    41.4225
			    -238.8684
			    82.4037
			    549.9386
			    -42.9690
			    -93.7981
			    -545.9386
			    44.9690
			    97.7981
	==================================================================================
	Q2:
		Shape: Hybrid
		q_c:    356.5000    120.5000    412.0000
		ub :    358.6053    123.1166    414.3283
		lb :    354.3947    117.8834    409.6717
		P^-1: 
			    0.8334    -0.2962    -0.0099
			    -0.2962    0.4516    0.0953
			    -0.0099    0.0953    0.4094
		A:
			    -0.0139    0.6659    0.7459
			    0.2608    -0.9244    -0.2783
			    0.3660    -0.5706    -0.7352
			    0.7718    -0.4129    -0.4835
			    0.7701    -0.2325    -0.5941
			    -0.2862    0.7805    -0.5558
		b:
			    383.5677
			    -132.1583
			    -240.3771
			    26.8132
			    2.5164
			    -235.8121
