3D_50_7_6_d                l = 3

===========================================================================================
===========================================================================================
S1:
	q_c:	240.0	294.5	74.0
	ub :	256.7604	306.757	91.153
	lb :	221.7819	278.9742	61.1173

	==================================================================================
	Q1:
		Shape: Polyhedra
		q_c:	248.0	288.0	69.0
		ub :	255.4869	295.2741	75.5102
		lb :	240.5131	280.7259	62.4898
		A:
			-0.4251	-0.1305	0.8957
			-0.2895	0.7348	0.6134
			0.6433	-0.2601	-0.7201
			0.5578	-0.5629	0.6099
			-0.7777	-0.131	-0.6148
			-0.7888	0.0411	-0.6133
			0.1768	0.3731	0.9108
			-0.6015	0.7734	-0.2
			-0.7791	-0.5125	0.3612
			-0.1768	-0.3731	-0.9108
			0.6015	-0.7734	0.2
			0.7791	0.5125	-0.3612
		b:
			-76.0909
			185.9635
			39.7522
			21.9459
			-268.6514
			-221.9351
			218.1394
			63.2788
			-309.8794
			-210.1394
			-56.2788
			321.8794
	==================================================================================
	Q2:
		Shape: Hybrid
		q_c:	232.0	295.5	82.0
		ub :	239.9799	304.369	91.153
		lb :	224.0201	286.631	72.847
		P^-1:
			0.0427	-0.017	0.0032
			-0.017	0.0455	-0.0069
			0.0032	-0.0069	0.0225
		A:
			0.3929	-0.8284	-0.3993
			0.1038	0.9725	-0.2086
			-0.7157	0.1449	0.6832
			-0.4099	-0.8496	0.3319
			0.8609	0.04	-0.5073
			0.6913	-0.7123	0.1213
		b:
			-183.0459
			297.5312
			-63.1584
			-315.2286
			173.747
			-38.1532
	==================================================================================
	Q3:
		Shape: Hybrid
		q_c:	228.0	299.0	67.0
		ub :	234.2181	305.0936	71.3692
		lb :	221.7819	292.9064	62.6308
		P^-1:
			0.0721	0.0387	-0.0448
			0.0387	0.1158	-0.0805
			-0.0448	-0.0805	0.174
		A:
			0.9262	0.2428	0.2884
			0.0622	-0.2258	-0.9722
			0.156	-0.4443	0.8822
			0.496	0.673	-0.5487
			-0.2267	0.3933	-0.891
			-0.8056	-0.5925	0.0057
		b:
			306.2219
			-116.1358
			-36.4941
			278.8192
			8.0484
			-357.9209
	==================================================================================
	Q4:
		Shape: Polyhedra
		q_c:	249.0	286.5	72.5
		ub :	256.7604	294.0258	78.9747
		lb :	241.2396	278.9742	66.0253
		A:
			-0.365	-0.2893	-0.8849
			0.4671	0.0638	-0.8819
			-0.978	0.0961	0.1854
			-0.664	0.523	0.5344
			0.758	0.3418	-0.5555
			-0.5482	0.042	0.8353
			0.143	0.7505	0.6452
			0.3169	0.5828	-0.7482
			-0.9376	0.3115	-0.1545
			-0.143	-0.7505	-0.6452
			-0.3169	-0.5828	0.7482
			0.9376	-0.3115	0.1545
		b:
			-232.9104
			74.5167
			-196.4566
			28.9113
			250.6322
			-59.6518
			302.4168
			194.6438
			-148.92
			-292.4168
			-188.6438
			161.92
	==================================================================================
	Q5:
		Shape: Hybrid
		q_c:	234.5	292.0	80.0
		ub :	240.7787	298.5647	85.3875
		lb :	228.2213	285.4353	74.6125
		P^-1:
			0.1304	-0.0308	-0.092
			-0.0308	0.058	-0.0001
			-0.092	-0.0001	0.1763
		A:
			0.9819	-0.0884	-0.1675
			-0.5579	-0.3398	0.7572
			0.1671	0.6184	0.7679
			-0.7926	0.5247	0.3105
			-0.5099	-0.1401	0.8487
			-0.7069	0.556	0.4373
		b:
			193.3965
			-167.817
			284.8913
			-6.146
			-91.4241
			33.2048
	==================================================================================
	Q6:
		Shape: Hybrid
		q_c:	238.5	297.5	71.5
		ub :	248.3998	306.757	81.8827
		lb :	228.6002	288.243	61.1173
		P^-1:
			0.0242	-0.0023	0.0017
			-0.0023	0.034	-0.0075
			0.0017	-0.0075	0.0291
		A:
			-0.4553	0.6682	0.5884
			-0.9987	-0.0493	-0.0162
			0.2023	0.9086	-0.3653
			0.6501	-0.4452	0.6157
			0.6732	-0.7391	-0.0206
			-0.7655	-0.4939	0.4123
		b:
			136.1553
			-250.0297
			295.2711
			69.6363
			-57.4771
			-296.379


===========================================================================================
===========================================================================================
S2:
	q_c:	54.0	46.5	138.0
	ub :	62.4576	55.6561	148.215
	lb :	46.8783	42.1209	128.9255

	==================================================================================
	Q1:
		Shape: Hybrid
		q_c:	55.5	47.5	135.5
		ub :	58.9351	51.0036	137.9109
		lb :	52.0649	43.9964	133.0891
		P^-1:
			0.2573	0.1607	0.039
			0.1607	0.3064	-0.0335
			0.039	-0.0335	0.4363
		A:
			-0.1967	-0.7084	-0.6778
			0.5353	0.8409	0.0799
			0.2148	0.8343	0.5077
			-0.1215	0.6417	0.7573
			0.2085	0.9289	-0.3061
			-0.1897	-0.9108	0.3668
		b:
			-135.3145
			81.2823
			121.5036
			127.8079
			15.2901
			-3.0273
	==================================================================================
	Q2:
		Shape: Ellipse
		q_c:	59.5	50.5	144.5
		ub :	62.2785	54.2521	148.215
		lb :	56.7215	46.7479	140.785
		P^-1:
			0.2487	-0.0404	0.0029
			-0.0404	0.2268	-0.1729
			0.0029	-0.1729	0.3007
	==================================================================================
	Q3:
		Shape: Ellipse
		q_c:	54.0	51.5	141.0
		ub :	58.7155	55.6561	145.3044
		lb :	49.2845	47.3439	136.6956
		P^-1:
			0.1644	0.0718	-0.0598
			0.0718	0.1898	0.0501
			-0.0598	0.0501	0.2083
	==================================================================================
	Q4:
		Shape: Hybrid
		q_c:	61.0	52.0	134.0
		ub :	62.244	54.9676	136.437
		lb :	59.756	49.0324	131.563
		P^-1:
			1.5177	0.6126	-0.9572
			0.6126	1.2108	-1.5785
			-0.9572	-1.5785	2.3826
		A:
			0.9658	-0.2464	-0.081
			-0.1132	-0.484	0.8677
			-0.0303	0.4793	-0.8771
			-0.5873	0.3432	0.733
			0.4095	0.5712	-0.7113
			0.8002	0.4936	-0.3407
		b:
			36.1232
			84.5951
			-93.9898
			82.0994
			-40.3499
			29.5263
	==================================================================================
	Q5:
		Shape: Ellipse
		q_c:	51.0	46.5	133.5
		ub :	55.1217	50.8791	138.0745
		lb :	46.8783	42.1209	128.9255
		P^-1:
			0.1899	-0.0456	-0.0538
			-0.0456	0.1061	0.0368
			-0.0538	0.0368	0.1468
	==================================================================================
	Q6:
		Shape: Hybrid
		q_c:	59.5	47.0	134.5
		ub :	62.4576	50.6118	138.0865
		lb :	56.5424	43.3882	130.9135
		P^-1:
			0.2397	-0.0845	-0.0957
			-0.0845	0.2497	0.1016
			-0.0957	0.1016	0.275
		A:
			-0.2076	0.7826	0.5869
			0.4827	-0.254	0.8382
			0.3981	0.1527	0.9046
			0.4975	-0.8481	0.1819
			-0.8282	0.2462	-0.5035
			0.042	-0.3808	0.9237
		b:
			104.3099
			131.249
			154.1064
			15.6287
			-103.7299
			110.4915


===========================================================================================
===========================================================================================
S3:
	q_c:	106.0	514.5	477.5
	ub :	120.1842	524.1544	492.294
	lb :	95.5467	504.1543	464.786

	==================================================================================
	Q1:
		Shape: Polyhedra
		q_c:	108.5	519.5	474.5
		ub :	112.923	524.1544	479.289
		lb :	104.077	514.8456	469.711
		A:
			-0.1968	-0.9401	0.2784
			-0.3657	-0.8529	0.3727
			-0.3425	0.7507	0.565
			-0.2006	-0.6053	0.7703
			0.4037	-0.3798	0.8323
			-0.6142	-0.3934	-0.6841
			0.0685	0.8329	0.5492
			0.9954	-0.02	-0.0939
			-0.0672	0.5531	-0.8304
			-0.0685	-0.8329	-0.5492
			-0.9954	0.02	0.0939
			0.0672	-0.5531	0.8304
		b:
			-374.3901
			-302.5855
			624.4934
			32.3377
			244.5623
			-592.0445
			704.2146
			57.0633
			-110.9563
			-697.2146
			-49.0633
			116.9563
	==================================================================================
	Q2:
		Shape: Hybrid
		q_c:	115.0	517.5	486.5
		ub :	120.1842	520.6571	492.294
		lb :	109.8158	514.3429	480.706
		P^-1:
			0.1544	-0.2228	-0.0544
			-0.2228	0.8184	0.3028
			-0.0544	0.3028	0.1783
		A:
			-0.0456	-0.9233	-0.3813
			0.0008	0.9127	-0.4086
			-0.2615	0.8014	0.5379
			0.2753	-0.81	-0.5178
			-0.3885	0.802	0.4538
			0.0141	0.9923	0.1228
		b:
			-667.6391
			276.8042
			647.2545
			-638.5723
			591.9838
			576.3895
	==================================================================================
	Q3:
		Shape: Ellipse
		q_c:	101.5	510.5	473.5
		ub :	107.4533	516.8457	478.5576
		lb :	95.5467	504.1543	468.4424
		P^-1:
			0.074	-0.0338	0.0106
			-0.0338	0.0791	0.0036
			0.0106	0.0036	0.0797
	==================================================================================
	Q4:
		Shape: Ellipse
		q_c:	109.5	517.0	472.0
		ub :	116.6192	523.2157	479.214
		lb :	102.3808	510.7843	464.786
		P^-1:
			0.0584	0.0129	0.0065
			0.0129	0.0679	0.0093
			0.0065	0.0093	0.0541
	==================================================================================
	Q5:
		Shape: Hybrid
		q_c:	109.0	521.5	481.5
		ub :	113.9824	523.7599	486.5108
		lb :	104.0176	519.2401	476.4892
		P^-1:
			0.1565	-0.2364	-0.0293
			-0.2364	0.9331	0.0155
			-0.0293	0.0155	0.0839
		A:
			0.3652	-0.9064	0.2123
			0.2775	-0.6405	-0.7161
			-0.7697	0.6334	0.0796
			-0.4336	0.5681	0.6994
			0.738	0.6722	-0.0588
			0.7074	0.4511	-0.5442
		b:
			-329.783
			-646.4959
			286.347
			587.7523
			405.2572
			52.7872
	==================================================================================
	Q6:
		Shape: Hybrid
		q_c:	115.5	515.0	476.0
		ub :	119.2046	519.9698	482.1221
		lb :	111.7954	510.0302	469.8779
		P^-1:
			0.3812	0.0552	-0.1368
			0.0552	0.1358	0.0345
			-0.1368	0.0345	0.1205
		A:
			0.9134	0.0166	-0.4067
			-0.8092	0.515	0.2828
			0.694	0.7115	-0.1103
			-0.4307	-0.8006	-0.4167
			0.3679	-0.7035	-0.6081
			0.8613	0.2913	-0.4164
		b:
			-78.7912
			308.1648
			395.4394
			-658.6378
			-607.7024
			52.2194


===========================================================================================
===========================================================================================
S4:
	q_c:	155.0	264.0	292.0
	ub :	178.1659	279.5461	317.559
	lb :	136.3467	243.7051	279.7426

	==================================================================================
	Q1:
		Shape: Hybrid
		q_c:	171.0	259.0	290.0
		ub :	178.1659	265.8773	294.9819
		lb :	163.8341	252.1227	285.0181
		P^-1:
			0.0739	0.0314	-0.0706
			0.0314	0.0691	-0.0654
			-0.0706	-0.0654	0.1869
		A:
			0.224	0.6039	-0.7649
			-0.5622	-0.1554	0.8123
			0.5188	0.0906	-0.8501
			0.5788	0.7105	0.4003
			0.7212	0.349	-0.5984
			-0.7477	0.0172	0.6639
		b:
			-25.6945
			100.5224
			-132.9036
			403.0182
			41.8847
			71.2542
	==================================================================================
	Q2:
		Shape: Ellipse
		q_c:	152.5	267.5	286.0
		ub :	157.0284	273.6344	292.2574
		lb :	147.9716	261.3656	279.7426
		P^-1:
			0.0817	0.0008	-0.0072
			0.0008	0.0865	-0.0355
			-0.0072	-0.0355	0.0575
	==================================================================================
	Q3:
		Shape: Polyhedra
		q_c:	143.5	252.0	306.0
		ub :	150.6533	260.2949	313.4181
		lb :	136.3467	243.7051	298.5819
		A:
			0.1222	-0.2065	-0.9708
			-0.6333	-0.7151	-0.2959
			0.7501	-0.4453	0.4889
			-0.8444	-0.4078	-0.3474
			-0.5224	0.8419	-0.1351
			-0.7183	-0.2062	-0.6645
			0.5511	0.3511	0.757
			0.14	0.8554	-0.4987
			-0.8226	0.3808	0.4223
			-0.5511	-0.3511	-0.757
			-0.14	-0.8554	0.4987
			0.8226	-0.3808	-0.4223
		b:
			-327.12
			-357.6631
			149.9445
			-326.5671
			101.8188
			-355.5503
			401.6934
			89.0655
			113.1308
			-396.6934
			-77.0655
			-101.1308
	==================================================================================
	Q4:
		Shape: Hybrid
		q_c:	149.0	267.0	308.0
		ub :	156.5132	276.5351	317.559
		lb :	141.4868	257.4649	298.441
		P^-1:
			0.0399	0.0006	-0.0012
			0.0006	0.0354	0.0083
			-0.0012	0.0083	0.0251
		A:
			-0.9901	0.0231	-0.1388
			-0.9472	-0.037	0.3185
			-0.8501	-0.5078	-0.1392
			0.2406	0.2358	-0.9416
			-0.1221	0.9903	0.0662
			0.6747	0.7052	-0.2177
		b:
			-181.5142
			-50.284
			-302.6325
			-186.9704
			269.5389
			224.8134
	==================================================================================
	Q5:
		Shape: Hybrid
		q_c:	155.0	273.0	292.5
		ub :	164.9407	279.5461	301.8
		lb :	145.0593	266.4539	283.2
		P^-1:
			0.0259	-0.0058	0.0034
			-0.0058	0.048	0.0013
			0.0034	0.0013	0.0237
		A:
			0.2754	0.9189	0.2825
			-0.6015	-0.2607	0.7551
			0.2805	-0.7204	-0.6343
			0.9644	0.2489	0.0893
			0.5868	-0.4246	0.6895
			0.5983	-0.5437	0.5886
		b:
			378.9601
			61.1745
			-335.4794
			247.691
			180.126
			119.6276
	==================================================================================
	Q6:
		Shape: Polyhedra
		q_c:	158.0	257.5	307.5
		ub :	166.7933	266.7265	315.907
		lb :	149.2067	248.2735	299.093
		A:
			-0.0104	-0.1057	0.9943
			0.5278	0.6184	0.5822
			0.7413	0.4355	0.5108
			0.3461	-0.4168	-0.8405
			-0.1741	0.4848	0.8571
			-0.5715	-0.7002	0.4279
			0.3153	0.6108	0.7263
			-0.5333	0.7471	-0.3968
			-0.785	-0.2623	0.5613
			-0.3153	-0.6108	-0.7263
			0.5333	-0.7471	0.3968
			0.785	0.2623	-0.5613
		b:
			282.0303
			425.7178
			390.7587
			-306.778
			365.0927
			-134.0049
			434.4341
			-6.4061
			-14.4624
			-426.4341
			21.4061
			23.4624


===========================================================================================
===========================================================================================
S5:
	q_c:	354.0	132.5	91.0
	ub :	381.825	168.4867	126.5996
	lb :	324.8711	100.6191	60.4132

	==================================================================================
	Q1:
		Shape: Polyhedra
		q_c:	368.0	114.0	78.0
		ub :	377.9823	124.6905	92.1365
		lb :	358.0177	103.3095	63.8635
		A:
			-0.6722	0.6557	-0.3438
			0.7894	-0.6128	0.0369
			-0.817	0.5763	-0.0173
			-0.7673	0.6412	-0.0081
			0.5766	-0.817	0.0006
			0.8008	-0.5981	0.0317
			0.4788	0.562	0.6745
			0.7333	-0.6785	0.0449
			0.4828	0.4731	-0.7369
			-0.4788	-0.562	-0.6745
			-0.7333	0.6785	-0.0449
			-0.4828	-0.4731	0.7369
		b:
			-196.3715
			224.5125
			-234.884
			-209.0974
			121.2933
			230.1396
			302.8618
			196.4976
			184.1289
			-282.8618
			-195.4976
			-164.1289
	==================================================================================
	Q2:
		Shape: Ellipse
		q_c:	359.5	117.5	112.5
		ub :	374.2022	125.2216	126.5996
		lb :	344.7978	109.7784	98.4004
		P^-1:
			0.0087	0.0005	-0.0021
			0.0005	0.0235	-0.0013
			-0.0021	-0.0013	0.0114
	==================================================================================
	Q3:
		Shape: Polyhedra
		q_c:	364.5	148.5	99.0
		ub :	381.825	166.9463	115.2854
		lb :	347.175	130.0537	82.7146
		A:
			0.1734	-0.9769	0.125
			-0.1485	0.9038	-0.4014
			0.7468	0.4638	0.4766
			-0.0552	-0.6128	-0.7883
			0.6791	0.0106	-0.734
			-0.2142	0.8203	0.5304
			0.1899	0.8687	0.4575
			0.1258	0.4407	-0.8888
			-0.9737	0.2263	-0.0256
			-0.1899	-0.8687	-0.4575
			-0.1258	-0.4407	0.8888
			0.9737	-0.2263	0.0256
		b:
			-57.4326
			52.4524
			400.8417
			-177.5548
			189.2769
			108.1566
			255.0157
			35.2833
			-309.8387
			-232.0157
			-11.2833
			337.8387
	==================================================================================
	Q4:
		Shape: Hybrid
		q_c:	338.0	155.0	76.5
		ub :	351.1289	168.4867	91.5459
		lb :	324.8711	141.5133	61.4541
		P^-1:
			0.0309	-0.0191	0.0056
			-0.0191	0.0268	-0.0044
			0.0056	-0.0044	0.0108
		A:
			-0.0878	0.8234	0.5607
			-0.9459	0.0853	-0.3132
			-0.6888	0.6533	0.3142
			0.4447	-0.8037	0.3954
			-0.9411	0.3374	-0.0219
			0.9888	-0.0708	0.131
		b:
			147.5272
			-325.6984
			-103.4431
			59.4857
			-263.8542
			338.1807
	==================================================================================
	Q5:
		Shape: Polyhedra
		q_c:	350.5	120.5	75.5
		ub :	370.8455	140.3809	90.5868
		lb :	330.1545	100.6191	60.4132
		A:
			-0.1463	0.0917	0.985
			0.1796	-0.1726	-0.9685
			-0.5569	0.0219	0.8303
			-0.3929	0.0687	-0.917
			0.735	0.6542	-0.1782
			-0.887	-0.1521	-0.4361
			0.5273	0.6987	0.4835
			-0.8431	0.5009	0.1955
			-0.1056	-0.5107	0.8533
			-0.5273	-0.6987	-0.4835
			0.8431	-0.5009	-0.1955
			0.1056	0.5107	-0.8533
		b:
			44.089
			-20.4135
			-118.045
			-189.1447
			334.0129
			-349.0251
			317.0041
			-204.3917
			-26.6392
			-294.0041
			236.3917
			41.6392
	==================================================================================
	Q6:
		Shape: Polyhedra
		q_c:	354.5	148.0	79.0
		ub :	370.3244	166.6035	96.5732
		lb :	338.6756	129.3965	61.4268
		A:
			-0.8877	-0.2176	0.4058
			0.0974	-0.9952	-0.0033
			-0.9575	0.2076	0.2004
			-0.9343	0.3421	-0.1002
			0.9673	-0.1476	0.2063
			-0.9465	-0.1107	0.3032
			0.734	0.5755	0.3606
			-0.1122	0.6265	-0.7713
			-0.6698	0.5257	0.5245
			-0.734	-0.5755	-0.3606
			0.1122	-0.6265	0.7713
			0.6698	-0.5257	-0.5245
		b:
			-304.3938
			-102.3167
			-283.4487
			-278.4912
			348.2279
			-317.6833
			386.372
			3.4976
			-110.1986
			-361.372
			19.5024
			126.1986


===========================================================================================
===========================================================================================
S6:
	q_c:	520.5	366.0	411.0
	ub :	528.1162	371.3162	418.712
	lb :	510.6642	358.3021	401.2793

	==================================================================================
	Q1:
		Shape: Hybrid
		q_c:	516.0	365.5	410.5
		ub :	519.8238	368.918	414.6585
		lb :	512.1762	362.082	406.3415
		P^-1:
			0.16	0.0	0.0
			0.0	0.16	0.0
			0.0	0.0	0.16
		A:
			0.345	-0.3893	0.8541
			0.6744	-0.5746	0.4637
			0.9823	0.1643	-0.0899
			-0.8457	0.5255	-0.0926
			-0.5514	-0.7609	-0.3421
			-0.6662	-0.7267	0.1677
		b:
			387.5612
			329.5952
			531.2648
			-281.0631
			-701.7933
			-539.2747
	==================================================================================
	Q2:
		Shape: Polyhedra
		q_c:	525.0	365.5	412.0
		ub :	528.1162	368.9769	415.0809
		lb :	521.8838	362.0231	408.9191
		A:
			0.4756	0.2667	-0.8382
			0.6942	-0.0195	0.7195
			-0.5243	0.8469	-0.0892
			0.2286	-0.9692	0.091
			-0.5567	-0.6943	-0.4562
			0.3452	0.364	-0.8651
			0.0024	0.581	0.8139
			-0.6128	0.644	-0.4579
			-0.7902	-0.4977	0.3577
			-0.0024	-0.581	-0.8139
			0.6128	-0.644	0.4579
			0.7902	0.4977	-0.3577
		b:
			3.739
			655.9505
			-0.1053
			-194.4912
			-732.2295
			-40.1436
			550.4637
			-272.5291
			-447.3964
			-547.4637
			277.5291
			451.3964
	==================================================================================
	Q3:
		Shape: Ellipse
		q_c:	521.5	367.0	405.0
		ub :	526.1769	371.3162	408.7207
		lb :	516.8231	362.6838	401.2793
		P^-1:
			0.1111	-0.0	0.0
			-0.0	0.1111	-0.0
			0.0	-0.0	0.1111
	==================================================================================
	Q4:
		Shape: Hybrid
		q_c:	524.5	363.5	408.5
		ub :	526.6432	366.3276	411.3742
		lb :	522.3568	360.6724	405.6258
		P^-1:
			0.4439	-0.0076	-0.007
			-0.0076	0.3396	-0.0966
			-0.007	-0.0966	0.3554
		A:
			-0.394	-0.9008	0.1826
			-0.5465	0.2782	0.7899
			0.1655	0.9443	-0.2843
			-0.6629	0.0815	-0.7442
			0.1298	0.2841	0.95
			-0.5597	0.1838	0.808
		b:
			-458.5582
			138.2113
			314.8347
			-621.2178
			560.5442
			104.3095
	==================================================================================
	Q5:
		Shape: Ellipse
		q_c:	515.0	363.0	414.5
		ub :	519.3358	367.6979	418.712
		lb :	510.6642	358.3021	410.288
		P^-1:
			0.2656	0.0264	0.1719
			0.0264	0.0953	0.0063
			0.1719	0.0063	0.2762
	==================================================================================
	Q6:
		Shape: Ellipse
		q_c:	523.0	366.0	406.5
		ub :	526.3795	368.0591	409.6251
		lb :	519.6205	363.9409	403.3749
		P^-1:
			0.1908	-0.041	-0.0424
			-0.041	0.4362	0.0118
			-0.0424	0.0118	0.2275


===========================================================================================
===========================================================================================
S7:
	q_c:	182.5	427.5	267.0
	ub :	204.3085	454.9456	297.0861
	lb :	153.7681	402.3361	251.1996

	==================================================================================
	Q1:
		Shape: Ellipse
		q_c:	178.5	429.0	265.5
		ub :	193.0133	440.2477	279.8004
		lb :	163.9867	417.7523	251.1996
		P^-1:
			0.0132	-0.0039	-0.003
			-0.0039	0.021	0.0022
			-0.003	0.0022	0.0133
	==================================================================================
	Q2:
		Shape: Hybrid
		q_c:	177.5	442.5	274.5
		ub :	186.0263	452.4603	284.1848
		lb :	168.9737	432.5397	264.8152
		P^-1:
			0.0242	0.0063	0.0045
			0.0063	0.0318	0.006
			0.0045	0.006	0.028
		A:
			0.8608	-0.304	0.4081
			-0.8435	0.528	0.0987
			0.2441	0.8908	-0.3833
			-0.6612	-0.7393	0.1276
			-0.3954	-0.8976	0.1951
			-0.633	-0.4076	-0.6582
		b:
			134.4141
			115.4762
			335.8695
			-406.2148
			-410.5282
			-470.5917
	==================================================================================
	Q3:
		Shape: Hybrid
		q_c:	171.5	410.0	274.5
		ub :	181.2866	417.6639	284.0802
		lb :	161.7134	402.3361	264.9198
		P^-1:
			0.0253	-0.0016	0.0022
			-0.0016	0.0325	-0.0008
			0.0022	-0.0008	0.0267
		A:
			-0.3879	0.1283	0.9127
			-0.3922	0.0051	-0.9199
			-0.1289	0.9893	-0.069
			0.2423	-0.8614	-0.4464
			0.3435	0.0431	0.9382
			0.6791	-0.2913	0.6738
		b:
			240.183
			-314.4256
			367.3053
			-431.1267
			337.3591
			185.0852
	==================================================================================
	Q4:
		Shape: Polyhedra
		q_c:	181.0	437.0	271.5
		ub :	194.5415	449.7432	280.926
		lb :	167.4585	424.2568	262.074
		A:
			-0.2572	0.4958	0.8295
			-0.63	-0.6389	0.4414
			0.0711	0.2725	-0.9595
			-0.4549	-0.2787	-0.8458
			0.361	0.5795	0.7307
			-0.5994	0.1263	0.7904
			0.5747	0.7757	0.2608
			0.7949	-0.6049	0.0476
			0.1946	0.18	-0.9642
			-0.5747	-0.7757	-0.2608
			-0.7949	0.6049	-0.0476
			-0.1946	-0.18	0.9642
		b:
			403.3963
			-266.3935
			-120.9794
			-426.5255
			523.749
			169.6949
			520.3009
			-97.0643
			-140.4216
			-507.3009
			118.0643
			155.4216
	==================================================================================
	Q5:
		Shape: Ellipse
		q_c:	163.0	445.5	264.0
		ub :	172.2319	453.0145	269.1467
		lb :	153.7681	437.9855	258.8533
		P^-1:
			0.0205	0.0158	-0.0092
			0.0158	0.0662	-0.028
			-0.0092	-0.028	0.0894
	==================================================================================
	Q6:
		Shape: Hybrid
		q_c:	189.5	441.5	283.0
		ub :	204.3085	454.9456	297.0861
		lb :	174.6915	428.0544	268.9139
		P^-1:
			0.0133	0.0023	-0.0028
			0.0023	0.0166	-0.0036
			-0.0028	-0.0036	0.0129
		A:
			-0.2493	0.241	0.938
			-0.7659	0.3486	0.5402
			0.8843	0.4487	-0.1289
			-0.164	-0.586	0.7935
			0.1318	-0.9913	0.0015
			0.8394	0.4326	-0.329
		b:
			330.3074
			166.9624
			333.8044
			-61.1694
			-407.5632
			261.1225


===========================================================================================
===========================================================================================
