3D_50_13_6_d                l = 3

===========================================================================================
===========================================================================================
S1:
	q_c:	475.5	408.5	495.0
	ub :	485.439	428.6656	513.9361
	lb :	459.4153	396.1483	481.8236

	==================================================================================
	Q1:
		Shape: Ellipse
		q_c:	472.0	409.5	508.0
		ub :	476.0978	413.0456	510.9459
		lb :	467.9022	405.9544	505.0541
		P^-1:
			0.3669	0.2822	-0.3208
			0.2822	0.4495	-0.1067
			-0.3208	-0.1067	0.6905
	==================================================================================
	Q2:
		Shape: Polyhedra
		q_c:	471.5	404.0	492.5
		ub :	475.5232	410.9418	499.7225
		lb :	467.4768	397.0582	485.2775
		A:
			0.6603	-0.6615	-0.3555
			-0.8088	-0.328	0.4881
			-0.1974	0.4482	-0.8719
			-0.0729	-0.9056	0.4178
			-0.2794	0.4161	-0.8654
			-0.9351	0.1305	0.3295
			0.0742	0.5893	0.8045
			0.3572	0.7375	-0.5732
			-0.9311	0.3299	-0.1558
			-0.0742	-0.5893	-0.8045
			-0.3572	-0.7375	0.5732
			0.9311	-0.3299	0.1558
		b:
			-126.7403
			-270.2159
			-337.4206
			-190.912
			-385.8361
			-222.785
			675.2859
			187.5741
			-379.9364
			-663.2859
			-180.5741
			384.9364
	==================================================================================
	Q3:
		Shape: Polyhedra
		q_c:	477.5	413.0	504.5
		ub :	485.439	422.3968	513.9361
		lb :	469.561	403.6032	495.0639
		A:
			0.4523	-0.2844	0.8453
			-0.1191	0.8426	0.5252
			0.1047	0.992	0.07
			-0.4689	-0.8549	-0.222
			0.1199	0.0102	0.9927
			0.4665	-0.7495	-0.4697
			0.5443	0.3406	0.7667
			-0.0836	0.9313	-0.3545
			-0.8347	0.1289	0.5353
			-0.5443	-0.3406	-0.7667
			0.0836	-0.9313	0.3545
			0.8347	-0.1289	-0.5353
		b:
			531.0042
			562.2067
			502.0939
			-682.7098
			567.752
			-317.5505
			792.3365
			173.4182
			-69.7854
			-782.3365
			-158.4182
			80.7854
	==================================================================================
	Q4:
		Shape: Ellipse
		q_c:	474.5	400.5	487.0
		ub :	479.497	404.8517	492.1764
		lb :	469.503	396.1483	481.8236
		P^-1:
			0.0831	0.0137	-0.0197
			0.0137	0.202	0.0731
			-0.0197	0.0731	0.1385
	==================================================================================
	Q5:
		Shape: Ellipse
		q_c:	476.0	421.0	497.5
		ub :	483.2707	428.6656	504.7351
		lb :	468.7293	413.3344	490.2649
		P^-1:
			0.0634	-0.0206	-0.0074
			-0.0206	0.058	-0.0042
			-0.0074	-0.0042	0.0427
	==================================================================================
	Q6:
		Shape: Ellipse
		q_c:	467.0	410.5	503.0
		ub :	474.5847	416.1699	510.4133
		lb :	459.4153	404.8301	495.5867
		P^-1:
			0.0532	-0.0342	0.0053
			-0.0342	0.0899	-0.0064
			0.0053	-0.0064	0.0289


===========================================================================================
===========================================================================================
S2:
	q_c:	114.0	258.0	18.0
	ub :	130.1714	278.5574	38.0968
	lb :	95.1487	246.6048	1.7619

	==================================================================================
	Q1:
		Shape: Ellipse
		q_c:	112.5	256.5	31.5
		ub :	121.6034	265.2873	38.0968
		lb :	103.3966	247.7127	24.9032
		P^-1:
			0.0465	0.0279	0.0063
			0.0279	0.0461	0.0131
			0.0063	0.0131	0.0562
	==================================================================================
	Q2:
		Shape: Ellipse
		q_c:	118.0	263.0	22.0
		ub :	121.8771	269.0408	27.3303
		lb :	114.1229	256.9592	16.6697
		P^-1:
			0.1976	0.0137	0.067
			0.0137	0.0573	0.0412
			0.067	0.0412	0.1461
	==================================================================================
	Q3:
		Shape: Ellipse
		q_c:	101.5	273.5	30.0
		ub :	107.8513	278.5574	36.6336
		lb :	95.1487	268.4426	23.3664
		P^-1:
			0.0866	0.0001	0.0443
			0.0001	0.136	0.0351
			0.0443	0.0351	0.0816
	==================================================================================
	Q4:
		Shape: Polyhedra
		q_c:	116.5	260.5	18.5
		ub :	122.2937	262.9218	23.1896
		lb :	110.7063	258.0782	13.8104
		A:
			-0.049	0.9523	-0.3013
			0.4758	0.8794	-0.0145
			-0.1008	0.863	-0.495
			-0.2333	0.91	-0.3427
			-0.027	-0.8797	0.4747
			-0.0167	-0.93	0.3671
			0.0643	0.4256	0.9026
			-0.9971	-0.0099	0.0756
			0.0411	-0.9049	0.4237
			-0.0643	-0.4256	-0.9026
			0.9971	0.0099	-0.0756
			-0.0411	0.9049	-0.4237
		b:
			237.5486
			287.4728
			204.6156
			204.7652
			-222.8547
			-236.7752
			139.5553
			-111.8276
			-222.5898
			-130.5553
			122.8276
			223.5898
	==================================================================================
	Q5:
		Shape: Polyhedra
		q_c:	118.5	254.5	18.0
		ub :	126.0301	262.3952	26.685
		lb :	110.9699	246.6048	9.315
		A:
			-0.8165	0.0595	0.5743
			-0.7922	-0.5879	0.1635
			0.2112	-0.2233	0.9516
			0.7392	-0.2736	0.6155
			-0.3162	-0.9214	0.2258
			-0.2159	-0.9429	-0.2537
			0.465	0.6232	0.6288
			-0.8566	0.1373	0.4973
			0.2236	-0.7699	0.5977
			-0.465	-0.6232	-0.6288
			0.8566	-0.1373	-0.4973
			-0.2236	0.7699	-0.5977
		b:
			-66.7643
			-235.5653
			-9.5531
			34.1415
			-262.7677
			-264.7575
			230.5295
			-53.1044
			-153.682
			-219.5295
			62.1044
			163.682
	==================================================================================
	Q6:
		Shape: Hybrid
		q_c:	125.0	258.5	8.0
		ub :	130.1714	264.9699	14.2381
		lb :	119.8286	252.0301	1.7619
		P^-1:
			0.0775	-0.0061	-0.005
			-0.0061	0.0649	0.002
			-0.005	0.002	0.0642
		A:
			-0.9593	-0.0366	0.2798
			-0.6694	-0.7056	0.2323
			0.9676	-0.2305	-0.1029
			-0.447	0.0538	0.8929
			-0.1528	0.6019	0.7838
			-0.0431	-0.2114	-0.9765
		b:
			-125.3218
			-262.0472
			62.3133
			-32.7798
			144.8337
			-65.6392


===========================================================================================
===========================================================================================
S3:
	q_c:	257.0	505.0	136.0
	ub :	271.7961	514.2159	147.4044
	lb :	251.7264	494.068	121.3969

	==================================================================================
	Q1:
		Shape: Ellipse
		q_c:	265.5	501.0	140.0
		ub :	271.7961	505.4443	146.3466
		lb :	259.2039	496.5557	133.6534
		P^-1:
			0.1392	0.1647	0.036
			0.1647	0.3455	0.0425
			0.036	0.0425	0.0623
	==================================================================================
	Q2:
		Shape: Hybrid
		q_c:	264.5	498.0	132.0
		ub :	267.7876	501.932	135.557
		lb :	261.2124	494.068	128.443
		P^-1:
			0.6136	-0.2833	-0.3496
			-0.2833	0.293	0.1032
			-0.3496	0.1032	0.425
		A:
			0.3614	0.2927	-0.8853
			0.7529	-0.6067	0.2549
			0.0331	-0.4072	0.9127
			0.4879	-0.3523	-0.7986
			0.3954	-0.0122	-0.9184
			-0.9318	-0.3266	-0.1586
		b:
			125.6549
			-68.0956
			-72.0561
			-150.8678
			-21.696
			-427.4535
	==================================================================================
	Q3:
		Shape: Hybrid
		q_c:	258.0	506.5	142.0
		ub :	262.7757	511.9532	147.4044
		lb :	253.2243	501.0468	136.5956
		P^-1:
			0.1102	0.0037	-0.0035
			0.0037	0.0961	0.0143
			-0.0035	0.0143	0.0975
		A:
			-0.7872	-0.6091	0.0965
			0.3225	-0.9182	0.2298
			0.9778	-0.0494	0.2034
			-0.1367	0.6884	-0.7124
			-0.8578	-0.4033	-0.3185
			-0.7856	-0.2427	0.5691
		b:
			-496.3303
			-347.3625
			257.7059
			214.2194
			-469.3296
			-243.1929
	==================================================================================
	Q4:
		Shape: Polyhedra
		q_c:	264.0	501.0	139.5
		ub :	268.4438	504.6423	145.7675
		lb :	259.5562	497.3577	133.2325
		A:
			-0.7907	0.6118	-0.0219
			0.578	-0.7697	0.2712
			0.4985	-0.8584	0.1211
			-0.7436	0.5585	-0.3675
			-0.7932	0.6056	-0.0635
			-0.7285	0.6276	-0.2746
			0.5642	0.7553	0.3335
			0.7403	-0.6417	0.2008
			0.3656	0.1336	-0.9211
			-0.5642	-0.7553	-0.3335
			-0.7403	0.6417	-0.2008
			-0.3656	-0.1336	0.9211
		b:
			96.1153
			-193.8429
			-280.1644
			33.5532
			86.4424
			84.8468
			576.8674
			-97.0353
			40.4639
			-570.8674
			99.0353
			-29.4639
	==================================================================================
	Q5:
		Shape: Polyhedra
		q_c:	264.0	507.0	128.5
		ub :	270.1973	514.2159	135.6031
		lb :	257.8027	499.7841	121.3969
		A:
			-0.2644	-0.6475	-0.7147
			0.8095	-0.4975	0.3117
			-0.4039	0.445	0.7993
			0.91	0.0619	0.41
			-0.5618	0.7029	0.4363
			-0.418	0.9048	-0.081
			0.5811	0.568	0.5828
			0.7871	-0.5742	-0.2252
			0.2068	0.5896	-0.7808
			-0.5811	-0.568	-0.5828
			-0.7871	0.5742	0.2252
			-0.2068	-0.5896	0.7808
		b:
			-485.1139
			5.0918
			225.551
			328.7053
			267.4197
			341.5605
			521.2924
			-109.2729
			257.6684
			-511.2924
			115.2729
			-248.6684
	==================================================================================
	Q6:
		Shape: Hybrid
		q_c:	256.5	507.0	139.5
		ub :	261.2736	510.5798	144.2466
		lb :	251.7264	503.4202	134.7534
		P^-1:
			0.0877	0.0218	0.0056
			0.0218	0.1526	0.0073
			0.0056	0.0073	0.0638
		A:
			-0.2253	-0.9496	-0.2178
			0.2828	0.608	-0.7419
			-0.5509	-0.7172	0.4267
			0.8762	0.4447	-0.186
			-0.2139	-0.865	0.4539
			0.2358	-0.9612	-0.1432
		b:
			-568.3509
			279.6001
			-443.5979
			426.1923
			-428.3711
			-445.253


===========================================================================================
===========================================================================================
S4:
	q_c:	274.5	317.0	102.5
	ub :	287.6655	332.0116	120.0438
	lb :	261.6772	309.9487	83.1563

	==================================================================================
	Q1:
		Shape: Hybrid
		q_c:	274.5	328.0	106.5
		ub :	278.2235	330.8809	110.4422
		lb :	270.7765	325.1191	102.5578
		P^-1:
			0.1716	0.0148	0.0673
			0.0148	0.2472	-0.0127
			0.0673	-0.0127	0.1923
		A:
			-0.2643	0.6332	-0.7275
			0.6376	0.0748	0.7667
			-0.4391	-0.3473	0.8286
			0.5686	-0.8223	-0.0239
			-0.7895	0.5307	-0.3084
			-0.2265	0.0545	-0.9725
		b:
			58.692
			282.2231
			-144.5044
			-114.8052
			-74.2254
			-146.649
	==================================================================================
	Q2:
		Shape: Ellipse
		q_c:	274.0	320.5	113.0
		ub :	278.4549	327.5434	120.0438
		lb :	269.5451	313.4566	105.9562
		P^-1:
			0.3658	-0.158	-0.0229
			-0.158	0.1159	0.02
			-0.0229	0.02	0.0451
	==================================================================================
	Q3:
		Shape: Hybrid
		q_c:	280.0	321.0	89.0
		ub :	287.6655	328.3607	94.8437
		lb :	272.3345	313.6393	83.1563
		P^-1:
			0.0615	-0.0202	-0.0269
			-0.0202	0.0617	-0.0226
			-0.0269	-0.0226	0.0932
		A:
			-0.7396	-0.0943	0.6664
			0.3624	0.4384	-0.8225
			-0.505	-0.3407	0.793
			0.0746	-0.8006	0.5945
			-0.1852	0.3426	-0.9211
			0.7858	0.3181	0.5305
		b:
			-176.1914
			170.6067
			-178.5147
			-181.2821
			-21.7185
			374.0749
	==================================================================================
	Q4:
		Shape: Hybrid
		q_c:	269.0	324.5	106.0
		ub :	276.3228	332.0116	111.6381
		lb :	261.6772	316.9884	100.3619
		P^-1:
			0.0754	0.0234	-0.0501
			0.0234	0.0479	-0.0206
			-0.0501	-0.0206	0.1192
		A:
			-0.2578	0.6377	0.7259
			-0.3165	-0.2068	0.9258
			0.6422	-0.0859	-0.7617
			-0.0217	-0.659	0.7518
			-0.4012	0.1387	0.9054
			0.8736	-0.4376	-0.2128
		b:
			217.5522
			-52.6659
			65.9186
			-137.3085
			34.8407
			74.0525
	==================================================================================
	Q5:
		Shape: Polyhedra
		q_c:	276.5	318.0	100.0
		ub :	281.9214	323.6946	105.8147
		lb :	271.0786	312.3054	94.1853
		A:
			-0.9563	0.2756	-0.0977
			0.759	0.5844	-0.2871
			0.9391	-0.3365	0.0695
			-0.968	-0.1559	-0.1968
			-0.8062	0.4533	-0.3802
			0.6543	-0.0052	-0.7562
			0.7841	0.4838	0.3887
			0.2847	-0.8369	0.4674
			0.5515	-0.2558	-0.794
			-0.7841	-0.4838	-0.3887
			-0.2847	0.8369	-0.4674
			-0.5515	0.2558	0.794
		b:
			-183.0957
			370.2866
			163.1168
			-333.7898
			-113.1267
			107.1425
			412.5333
			-136.6781
			-4.7674
			-406.5333
			144.6781
			11.7674
	==================================================================================
	Q6:
		Shape: Ellipse
		q_c:	280.0	313.5	107.0
		ub :	283.5489	317.0513	111.1965
		lb :	276.4511	309.9487	102.8035
		P^-1:
			0.1731	0.0633	0.0337
			0.0633	0.2666	0.1699
			0.0337	0.1699	0.2464


===========================================================================================
===========================================================================================
S5:
	q_c:	151.0	405.0	502.5
	ub :	169.7082	424.7122	519.8826
	lb :	126.7217	387.0416	480.1442

	==================================================================================
	Q1:
		Shape: Ellipse
		q_c:	134.0	415.0	497.0
		ub :	141.2783	424.7122	507.7587
		lb :	126.7217	405.2878	486.2413
		P^-1:
			0.068	-0.0098	-0.019
			-0.0098	0.0385	0.0179
			-0.019	0.0179	0.0275
	==================================================================================
	Q2:
		Shape: Polyhedra
		q_c:	157.5	404.5	495.5
		ub :	164.9071	412.2441	500.423
		lb :	150.0929	396.7559	490.577
		A:
			0.0782	0.0756	-0.9941
			-0.4416	-0.3729	-0.816
			-0.7092	0.1795	0.6817
			0.5933	0.0836	0.8006
			-0.3066	0.9178	0.2523
			-0.7283	-0.1101	0.6764
			0.589	0.8076	0.0306
			0.7797	-0.5778	0.2411
			0.2124	-0.1181	-0.97
			-0.589	-0.8076	-0.0306
			-0.7797	0.5778	-0.2411
			-0.2124	0.1181	0.97
		b:
			-445.6748
			-619.7743
			302.8188
			528.4058
			452.7106
			180.6181
			441.099
			12.0339
			-490.9724
			-428.099
			-5.0339
			498.9724
	==================================================================================
	Q3:
		Shape: Ellipse
		q_c:	160.0	415.0	505.5
		ub :	169.7082	424.3992	512.8242
		lb :	150.2918	405.6008	498.1758
		P^-1:
			0.0269	-0.006	-0.0125
			-0.006	0.028	0.0067
			-0.0125	0.0067	0.0558
	==================================================================================
	Q4:
		Shape: Polyhedra
		q_c:	137.5	397.0	510.0
		ub :	146.735	406.9584	519.8826
		lb :	128.265	387.0416	500.1174
		A:
			0.7726	0.5046	-0.3854
			-0.7947	0.0222	0.6066
			-0.7656	0.3659	0.5291
			0.5751	-0.2862	0.7664
			0.9581	-0.1328	0.2536
			-0.0357	0.6934	-0.7197
			0.0462	0.2035	0.978
			-0.8467	0.5275	-0.0697
			-0.53	-0.8249	0.1967
			-0.0462	-0.2035	-0.978
			0.8467	-0.5275	0.0697
			0.53	0.8249	-0.1967
		b:
			115.9277
			216.028
			317.2734
			364.1367
			215.3418
			-89.7643
			594.4058
			64.421
			-294.5541
			-577.4058
			-50.421
			305.5541
	==================================================================================
	Q5:
		Shape: Ellipse
		q_c:	152.0	398.5	499.0
		ub :	162.3313	408.4191	505.7463
		lb :	141.6687	388.5809	492.2537
		P^-1:
			0.0303	0.0211	0.007
			0.0211	0.0409	0.0087
			0.007	0.0087	0.0382
	==================================================================================
	Q6:
		Shape: Hybrid
		q_c:	141.5	408.5	491.5
		ub :	155.0075	421.5831	502.8558
		lb :	127.9925	395.4169	480.1442
		P^-1:
			0.0165	-0.0059	0.0043
			-0.0059	0.0186	-0.0079
			0.0043	-0.0079	0.0247
		A:
			-0.9855	-0.0072	0.1695
			0.2835	0.0173	0.9588
			-0.9456	0.2175	-0.2419
			-0.5535	0.7148	0.4274
			0.5893	0.42	-0.6902
			0.0687	-0.1717	0.9827
		b:
			-53.4056
			522.5191
			-159.1524
			428.9589
			-79.1326
			426.213


===========================================================================================
===========================================================================================
S6:
	q_c:	411.0	168.5	497.0
	ub :	425.1877	177.5332	505.1199
	lb :	404.2883	157.8843	484.1041

	==================================================================================
	Q1:
		Shape: Polyhedra
		q_c:	408.5	162.5	492.0
		ub :	412.7117	166.9225	496.1442
		lb :	404.2883	158.0775	487.8558
		A:
			0.9078	-0.2177	-0.3584
			0.2997	0.2416	-0.9229
			-0.8083	-0.0764	0.5838
			-0.8853	0.1567	-0.4379
			-0.7621	-0.6231	0.1761
			-0.7222	0.2904	0.6278
			0.5841	0.0556	0.8098
			-0.7991	-0.1354	0.5857
			0.1423	-0.9892	-0.0346
			-0.5841	-0.0556	-0.8098
			0.7991	0.1354	-0.5857
			-0.1423	0.9892	0.0346
		b:
			161.5523
			-289.7567
			-53.3937
			-548.2915
			-323.1005
			63.5407
			649.5556
			-58.2548
			-115.6828
			-642.5556
			62.2548
			123.6828
	==================================================================================
	Q2:
		Shape: Ellipse
		q_c:	416.5	172.0	490.0
		ub :	421.539	177.5332	495.8959
		lb :	411.461	166.4668	484.1041
		P^-1:
			0.0806	0.0038	-0.0022
			0.0038	0.0681	0.0078
			-0.0022	0.0078	0.0771
	==================================================================================
	Q3:
		Shape: Polyhedra
		q_c:	414.5	168.0	500.0
		ub :	420.0594	173.1744	505.1199
		lb :	408.9406	162.8256	494.8801
		A:
			0.0474	0.0984	0.994
			0.6452	0.1835	0.7416
			-0.2851	-0.9064	0.3118
			-0.1966	-0.8537	0.4822
			0.9902	0.0863	-0.1094
			-0.5303	0.1803	0.8284
			0.2246	0.5373	0.8129
			-0.4269	0.8042	-0.4136
			-0.876	-0.2541	0.41
			-0.2246	-0.5373	-0.8129
			0.4269	-0.8042	0.4136
			0.876	0.2541	-0.41
		b:
			536.0449
			671.971
			-110.9046
			19.8262
			374.2001
			228.1096
			592.3198
			-245.1517
			-196.7965
			-587.3198
			252.1517
			204.7965
	==================================================================================
	Q4:
		Shape: Polyhedra
		q_c:	418.5	164.0	492.5
		ub :	423.5552	169.5418	496.9458
		lb :	413.4448	158.4582	488.0542
		A:
			-0.5704	-0.6974	-0.4338
			0.6519	-0.6012	0.4621
			0.2642	-0.9498	0.1677
			0.9721	-0.2316	0.0378
			-0.9601	0.0523	0.2748
			0.0048	0.9296	-0.3685
			0.75	0.6056	0.2659
			0.6596	-0.6554	-0.3679
			-0.0486	0.4513	-0.891
			-0.75	-0.6056	-0.2659
			-0.6596	0.6554	0.3679
			0.0486	-0.4513	0.891
		b:
			-563.2627
			404.8708
			40.613
			390.9097
			-254.4009
			-24.0261
			547.6494
			-9.1143
			-382.6452
			-540.6494
			16.1143
			387.6452
	==================================================================================
	Q5:
		Shape: Ellipse
		q_c:	419.5	165.5	499.5
		ub :	423.4729	170.1438	503.9232
		lb :	415.5271	160.8562	495.0768
		P^-1:
			0.6147	-0.4413	0.1424
			-0.4413	0.4334	-0.0563
			0.1424	-0.0563	0.1613
	==================================================================================
	Q6:
		Shape: Ellipse
		q_c:	419.5	163.5	496.5
		ub :	425.1877	169.1157	501.7531
		lb :	413.8123	157.8843	491.2469
		P^-1:
			0.0853	0.0058	-0.0078
			0.0058	0.091	-0.0124
			-0.0078	-0.0124	0.0981


===========================================================================================
===========================================================================================
S7:
	q_c:	327.0	218.5	17.5
	ub :	343.3724	230.4574	31.8842
	lb :	320.4126	213.6451	5.8329

	==================================================================================
	Q1:
		Shape: Polyhedra
		q_c:	325.5	220.5	25.0
		ub :	330.5874	225.7015	29.63
		lb :	320.4126	215.2985	20.37
		A:
			0.4992	-0.5404	0.6773
			0.5284	-0.8197	-0.2211
			0.6368	0.0712	0.7678
			-0.3805	0.9243	0.0297
			0.3549	-0.4963	-0.7923
			-0.4157	-0.6727	0.6121
			0.6566	0.7137	0.2438
			-0.3936	0.6	-0.6965
			-0.6434	0.3614	0.6749
			-0.6566	-0.7137	-0.2438
			0.3936	-0.6	0.6965
			0.6434	-0.3614	-0.6749
		b:
			63.2592
			-11.5261
			245.3651
			83.6402
			-11.0826
			-265.2244
			380.7048
			-10.2071
			-110.3612
			-373.7048
			16.2071
			115.3612
	==================================================================================
	Q2:
		Shape: Ellipse
		q_c:	333.5	226.0	16.5
		ub :	338.1476	229.6459	21.0667
		lb :	328.8524	222.3541	11.9333
		P^-1:
			0.2061	0.1601	0.0368
			0.1601	0.3071	0.0721
			0.0368	0.0721	0.124
	==================================================================================
	Q3:
		Shape: Ellipse
		q_c:	327.0	218.0	26.5
		ub :	330.5141	222.3549	30.7179
		lb :	323.4859	213.6451	22.2821
		P^-1:
			0.1913	0.0263	0.0351
			0.0263	0.167	0.053
			0.0351	0.053	0.1628
	==================================================================================
	Q4:
		Shape: Polyhedra
		q_c:	337.0	220.5	11.5
		ub :	343.3724	225.7519	17.1671
		lb :	330.6276	215.2481	5.8329
		A:
			0.5262	0.826	0.2022
			-0.9408	0.2217	-0.2566
			-0.5009	-0.8603	0.0944
			-0.2047	-0.0077	-0.9788
			-0.2068	0.6536	0.728
			0.5061	0.827	0.245
			0.819	0.2498	0.5166
			-0.5089	-0.1001	0.855
			0.2653	-0.9631	0.0451
			-0.819	-0.2498	-0.5166
			0.5089	0.1001	-0.855
			-0.2653	0.9631	-0.0451
		b:
			365.7827
			-267.1132
			-353.423
			-77.9529
			86.8026
			359.7137
			341.0054
			-179.7235
			-118.452
			-333.0054
			187.7235
			126.452
	==================================================================================
	Q5:
		Shape: Ellipse
		q_c:	330.0	222.5	24.5
		ub :	337.0716	230.4574	31.8842
		lb :	322.9284	214.5426	17.1158
		P^-1:
			0.0529	-0.0107	-0.0031
			-0.0107	0.0489	0.0026
			-0.0031	0.0026	0.0407
	==================================================================================
	Q6:
		Shape: Polyhedra
		q_c:	335.0	223.5	12.0
		ub :	341.6714	228.996	15.8446
		lb :	328.3286	218.004	8.1554
		A:
			-0.3293	0.9378	0.1097
			0.4587	-0.075	-0.8854
			0.6042	-0.7168	-0.3479
			-0.1098	-0.0822	-0.9906
			0.0968	0.3113	0.9454
			-0.4425	0.7232	-0.5302
			0.9	0.4157	0.1312
			0.2428	-0.7279	0.6412
			0.362	-0.5452	-0.7561
			-0.9	-0.4157	-0.1312
			-0.2428	0.7279	-0.6412
			-0.362	0.5452	0.7561
		b:
			103.0246
			128.6801
			40.2625
			-64.3824
			116.0385
			10.1275
			401.9834
			-70.6566
			-8.1475
			-389.9834
			76.6566
			11.1475


===========================================================================================
===========================================================================================
S8:
	q_c:	218.0	473.0	480.5
	ub :	239.5306	490.3395	497.082
	lb :	202.8446	450.5578	460.6377

	==================================================================================
	Q1:
		Shape: Hybrid
		q_c:	218.0	456.5	481.5
		ub :	223.3786	462.4422	487.4209
		lb :	212.6214	450.5578	475.5791
		P^-1:
			0.0995	-0.0204	0.0081
			-0.0204	0.0717	0.0006
			0.0081	0.0006	0.0518
		A:
			0.6664	-0.6822	0.3008
			-0.8411	0.1734	-0.5123
			0.3631	-0.733	-0.5752
			-0.5142	0.2039	-0.8331
			-0.7158	0.0906	-0.6924
			0.8511	0.4035	0.3359
		b:
			-19.6305
			-349.1053
			-530.1099
			-417.7288
			-445.9638
			533.6438
	==================================================================================
	Q2:
		Shape: Polyhedra
		q_c:	226.0	467.0	488.5
		ub :	231.7536	475.9477	497.076
		lb :	220.2464	458.0523	479.924
		A:
			-0.0937	-0.7816	0.6167
			0.7907	0.0323	0.6114
			-0.9148	0.1587	0.3713
			0.9506	0.2296	-0.2088
			0.8292	-0.5586	0.0198
			0.9562	0.0665	0.285
			0.0523	0.8582	0.5107
			0.5974	0.383	-0.7046
			-0.8003	0.3419	-0.4926
			-0.0523	-0.8582	-0.5107
			-0.5974	-0.383	0.7046
			0.8003	-0.3419	0.4926
		b:
			-80.0009
			496.3062
			53.3625
			224.526
			-59.6192
			390.133
			669.0641
			-25.3683
			-258.8131
			-655.0641
			35.3683
			264.8131
	==================================================================================
	Q3:
		Shape: Hybrid
		q_c:	215.5	464.5	481.0
		ub :	219.7711	471.0604	487.3136
		lb :	211.2289	457.9396	474.6864
		P^-1:
			0.0811	-0.0039	0.0012
			-0.0039	0.0499	-0.0001
			0.0012	-0.0001	0.0494
		A:
			-0.8941	0.3266	-0.3065
			0.07	0.1724	0.9825
			-0.6105	0.6248	0.4867
			0.3949	0.723	0.5668
			0.4766	-0.6849	0.5511
			0.3274	0.8968	-0.2976
		b:
			-186.5393
			570.4873
			395.0809
			696.2461
			52.0813
			346.7118
	==================================================================================
	Q4:
		Shape: Polyhedra
		q_c:	217.0	463.0	467.0
		ub :	225.9589	470.1228	473.3623
		lb :	208.0411	455.8772	460.6377
		A:
			0.5508	0.4068	0.7288
			0.1278	-0.6898	0.7126
			-0.207	-0.7854	-0.5833
			-0.5704	-0.6888	0.4475
			0.5874	-0.721	0.3676
			0.0284	-0.9912	0.1294
			0.9185	0.3781	0.1154
			-0.0474	-0.1845	0.9817
			0.3925	-0.9072	-0.1516
			-0.9185	-0.3781	-0.1154
			0.0474	0.1845	-0.9817
			-0.3925	0.9072	0.1516
		b:
			654.9844
			45.7234
			-675.4674
			-227.052
			-30.2488
			-387.9503
			436.2897
			367.7196
			-402.1469
			-420.2897
			-357.7196
			409.1469
	==================================================================================
	Q5:
		Shape: Ellipse
		q_c:	229.5	466.5	477.0
		ub :	239.5306	476.2071	485.4311
		lb :	219.4694	456.7929	468.5689
		P^-1:
			0.0318	0.0317	-0.0291
			0.0317	0.0891	-0.065
			-0.0291	-0.065	0.0707
	==================================================================================
	Q6:
		Shape: Polyhedra
		q_c:	210.5	485.0	489.0
		ub :	218.1554	490.3395	497.082
		lb :	202.8446	479.6605	480.918
		A:
			-0.143	-0.928	0.3441
			0.108	-0.9314	0.3477
			-0.1614	-0.961	0.2246
			-0.8438	-0.3256	-0.4266
			0.574	-0.814	0.0894
			-0.1034	-0.261	-0.9598
			0.5457	0.418	0.7263
			0.4109	-0.8888	0.2027
			0.7303	0.1878	-0.6568
			-0.5457	-0.418	-0.7263
			-0.4109	0.8888	-0.2027
			-0.7303	-0.1878	0.6568
		b:
			-308.7318
			-256.512
			-386.8429
			-537.9734
			-228.0897
			-611.6405
			679.2364
			-243.4539
			-71.8829
			-666.2364
			247.4539
			80.8829


===========================================================================================
===========================================================================================
S9:
	q_c:	192.0	140.5	130.5
	ub :	220.7257	167.2295	158.9663
	lb :	160.2327	111.6866	114.7385

	==================================================================================
	Q1:
		Shape: Ellipse
		q_c:	210.5	120.0	137.0
		ub :	220.7257	128.3134	145.5009
		lb :	200.2743	111.6866	128.4991
		P^-1:
			0.028	-0.0125	-0.0045
			-0.0125	0.0419	-0.0041
			-0.0045	-0.0041	0.0303
	==================================================================================
	Q2:
		Shape: Polyhedra
		q_c:	181.0	147.0	120.0
		ub :	187.2355	153.6936	125.2615
		lb :	174.7645	140.3064	114.7385
		A:
			-0.4549	-0.5958	0.6619
			-0.9113	-0.3944	-0.1183
			-0.3486	-0.6617	-0.6638
			-0.5299	-0.7458	-0.4037
			-0.3627	-0.5798	-0.7295
			-0.1221	0.0966	-0.9878
			0.7026	0.5842	0.4062
			-0.6594	0.7492	0.0631
			-0.2675	-0.3122	0.9116
			-0.7026	-0.5842	-0.4062
			0.6594	-0.7492	-0.0631
			0.2675	0.3122	-0.9116
		b:
			-86.2724
			-234.3956
			-237.1899
			-251.6608
			-235.6141
			-122.2725
			263.8007
			3.8447
			19.5881
			-259.8007
			7.1553
			-10.5881
	==================================================================================
	Q3:
		Shape: Polyhedra
		q_c:	173.5	139.5	127.5
		ub :	182.8306	146.8365	137.4978
		lb :	164.1694	132.1635	117.5022
		A:
			0.1695	0.4504	-0.8766
			0.4693	0.7159	-0.5169
			-0.0893	0.7876	-0.6097
			-0.2689	-0.3629	0.8922
			-0.6129	0.4466	-0.6518
			-0.7335	-0.1256	0.668
			0.5807	0.3474	0.7363
			-0.7871	0.0086	0.6168
			0.2079	-0.9377	0.2784
			-0.5807	-0.3474	-0.7363
			0.7871	-0.0086	-0.6168
			-0.2079	0.9377	-0.2784
		b:
			-14.065
			120.4463
			21.8024
			21.8863
			-120.8663
			-54.6067
			250.587
			-51.7322
			-54.2361
			-235.587
			61.7322
			64.2361
	==================================================================================
	Q4:
		Shape: Polyhedra
		q_c:	173.0	156.5	143.0
		ub :	185.7673	167.2295	153.6647
		lb :	160.2327	145.7705	132.3353
		A:
			-0.3258	0.2912	-0.8995
			0.3704	-0.1974	0.9077
			0.324	0.9452	0.0404
			0.1729	0.9465	-0.2723
			0.7879	0.319	0.5267
			0.1936	0.9729	-0.1266
			0.6459	0.6994	0.3059
			0.7256	-0.438	-0.5307
			-0.2372	0.5648	-0.7904
			-0.6459	-0.6994	-0.3059
			-0.7256	0.438	0.5307
			0.2372	-0.5648	0.7904
		b:
			-135.5364
			166.9939
			214.9848
			143.6965
			266.5997
			172.7494
			269.9492
			-6.9041
			-62.1871
			-259.9492
			30.9041
			69.1871
	==================================================================================
	Q5:
		Shape: Polyhedra
		q_c:	187.5	156.5	135.5
		ub :	202.1513	166.1763	148.6441
		lb :	172.8487	146.8237	122.3559
		A:
			-0.7769	-0.2331	0.5848
			-0.2749	0.8229	-0.4972
			0.1279	-0.9576	0.2583
			-0.1617	0.945	0.2842
			0.2495	-0.5198	0.817
			0.4203	-0.8556	0.3023
			0.1614	0.4866	0.8586
			-0.3038	0.8523	-0.4259
			-0.939	-0.1921	0.2854
			-0.1614	-0.4866	-0.8586
			0.3038	-0.8523	0.4259
			0.939	0.1921	-0.2854
		b:
			-90.4065
			12.9856
			-86.8633
			162.9186
			81.5993
			-10.5365
			232.2514
			21.7186
			-154.452
			-213.2514
			-15.7186
			180.452
	==================================================================================
	Q6:
		Shape: Hybrid
		q_c:	198.5	149.5	148.5
		ub :	207.7788	159.9764	158.9663
		lb :	189.2212	139.0236	138.0337
		P^-1:
			0.0218	-0.0022	0.0018
			-0.0022	0.0256	-0.0013
			0.0018	-0.0013	0.0245
		A:
			-0.5503	0.4005	0.7327
			0.1648	0.4595	-0.8728
			0.9515	0.283	-0.1205
			-0.1536	-0.985	0.0781
			-0.6995	-0.3056	-0.6459
			-0.7817	-0.5591	0.2764
		b:
			63.1236
			-24.7968
			217.2603
			-162.7801
			-276.9129
			-193.7537


===========================================================================================
===========================================================================================
S10:
	q_c:	459.5	458.0	495.5
	ub :	469.1496	466.2217	505.5247
	lb :	450.887	452.8194	489.9941

	==================================================================================
	Q1:
		Shape: Hybrid
		q_c:	455.0	456.5	500.0
		ub :	459.113	460.1806	504.1058
		lb :	450.887	452.8194	495.8942
		P^-1:
			0.2267	-0.0956	0.1024
			-0.0956	0.2901	-0.1147
			0.1024	-0.1147	0.1692
		A:
			0.6499	-0.7393	0.1766
			0.8412	-0.339	-0.4212
			-0.3799	0.5554	0.7398
			-0.222	0.635	-0.7399
			0.675	-0.1438	0.7236
			-0.3106	-0.8402	0.4446
		b:
			47.5981
			19.6657
			453.2168
			-179.9465
			604.5918
			-301.0776
	==================================================================================
	Q2:
		Shape: Hybrid
		q_c:	456.5	462.5	495.0
		ub :	460.7872	466.2217	500.0059
		lb :	452.2128	458.7783	489.9941
		P^-1:
			1.7757	-1.9347	0.2343
			-1.9347	2.2572	-0.2773
			0.2343	-0.2773	0.1112
		A:
			-0.5483	0.8173	0.177
			0.6998	0.7082	-0.0935
			0.6404	-0.7674	-0.032
			-0.5916	0.8062	0.0033
			-0.7434	0.6517	0.1502
			0.8167	-0.4736	-0.3298
		b:
			216.323
			604.3348
			-77.97
			104.9094
			37.2228
			-7.8866
	==================================================================================
	Q3:
		Shape: Hybrid
		q_c:	454.0	459.0	493.0
		ub :	456.5963	460.9419	495.6093
		lb :	451.4037	457.0581	490.3907
		P^-1:
			0.6492	-0.0213	-0.4077
			-0.0213	0.4456	0.0707
			-0.4077	0.0707	0.5097
		A:
			-0.8157	0.4598	0.3511
			0.3154	0.8937	-0.3192
			-0.8478	-0.5029	0.1686
			-0.8909	-0.2093	0.4032
			0.8856	-0.1955	-0.4213
			0.3764	-0.6052	-0.7015
		b:
			14.5862
			397.019
			-531.6297
			-301.0352
			105.2501
			-451.9824
	==================================================================================
	Q4:
		Shape: Hybrid
		q_c:	465.5	459.5	496.5
		ub :	469.1496	463.8388	500.631
		lb :	461.8504	455.1612	492.369
		P^-1:
			0.2189	-0.0492	-0.0256
			-0.0492	0.1644	-0.0136
			-0.0256	-0.0136	0.1379
		A:
			-0.3846	-0.9019	0.1966
			-0.7752	0.2346	-0.5865
			0.8601	-0.1542	0.4862
			0.5498	-0.1763	-0.8165
			-0.666	-0.7159	0.2096
			0.1611	-0.9512	0.2633
		b:
			-494.169
			-542.7666
			572.4084
			-229.0217
			-533.2639
			-229.9182
	==================================================================================
	Q5:
		Shape: Hybrid
		q_c:	461.5	456.5	494.5
		ub :	466.0714	459.5454	498.9185
		lb :	456.9286	453.4546	490.0815
		P^-1:
			0.2693	0.2825	0.2225
			0.2825	0.5771	0.3427
			0.2225	0.3427	0.3464
		A:
			-0.8256	0.1142	0.5525
			0.6319	0.7491	0.1986
			0.6176	0.5025	0.605
			0.3975	0.9175	-0.0094
			0.1085	0.755	0.6467
			0.7634	0.3561	0.5389
		b:
			-52.6787
			732.9462
			814.3987
			599.1506
			715.5518
			782.5749
	==================================================================================
	Q6:
		Shape: Ellipse
		q_c:	462.5	461.5	501.5
		ub :	466.4239	465.6204	505.5247
		lb :	458.5761	457.3796	497.4753
		P^-1:
			0.1706	0.0005	0.0841
			0.0005	0.0625	0.0013
			0.0841	0.0013	0.161


===========================================================================================
===========================================================================================
S11:
	q_c:	259.5	50.0	203.0
	ub :	280.5196	68.6156	221.5889
	lb :	244.5341	30.9639	185.0871

	==================================================================================
	Q1:
		Shape: Polyhedra
		q_c:	252.5	44.5	215.0
		ub :	260.4659	52.3428	217.8911
		lb :	244.5341	36.6572	212.1089
		A:
			0.2603	0.1291	-0.9568
			0.1132	-0.0436	-0.9926
			0.5258	-0.2762	-0.8045
			0.2348	-0.0046	-0.972
			-0.6907	0.7195	0.0726
			0.1995	-0.2998	0.9329
			0.7244	0.6794	0.1166
			0.0472	-0.2176	0.9749
			0.6878	-0.7007	-0.1897
			-0.7244	-0.6794	-0.1166
			-0.0472	0.2176	-0.9749
			-0.6878	0.7007	0.1897
		b:
			-132.1169
			-185.1286
			-50.5176
			-148.2715
			-124.7802
			239.1787
			247.2177
			213.3291
			103.6969
			-229.2177
			-210.3291
			-99.6969
	==================================================================================
	Q2:
		Shape: Polyhedra
		q_c:	268.0	47.5	211.5
		ub :	277.3381	54.6521	221.5889
		lb :	258.6619	40.3479	201.4111
		A:
			0.6907	-0.3917	-0.6079
			-0.3748	0.9237	-0.0788
			0.2676	-0.8597	-0.4352
			0.589	-0.674	0.4459
			-0.7228	-0.3101	-0.6176
			0.0426	0.7764	0.6289
			0.6955	0.5365	0.478
			0.6494	-0.1846	-0.7377
			-0.3076	0.8235	-0.4768
			-0.6955	-0.5365	-0.478
			-0.6494	0.1846	0.7377
			0.3076	-0.8235	0.4768
		b:
			46.2354
			-68.0905
			-54.7878
			224.7563
			-335.4609
			187.0529
			316.4685
			17.7528
			-139.6443
			-309.4685
			-0.7528
			148.6443
	==================================================================================
	Q3:
		Shape: Polyhedra
		q_c:	273.0	43.5	211.5
		ub :	280.5196	50.55	216.3251
		lb :	265.4804	36.45	206.6749
		A:
			-0.0949	0.4331	0.8963
			0.2812	0.6516	-0.7045
			-0.308	-0.7825	0.5412
			-0.405	0.1809	0.8962
			0.1146	-0.1745	0.978
			-0.2237	-0.6731	0.7049
			0.6363	0.7354	0.2332
			0.6877	-0.6776	0.2607
			0.3497	-0.0055	-0.9368
			-0.6363	-0.7354	-0.2332
			-0.6877	0.6776	-0.2607
			-0.3497	0.0055	0.9368
		b:
			185.6155
			-40.1473
			0.4777
			89.517
			233.9383
			62.6059
			259.5082
			218.8846
			-100.4142
			-250.5082
			-207.8846
			105.4142
	==================================================================================
	Q4:
		Shape: Polyhedra
		q_c:	254.0	62.5	211.5
		ub :	260.6507	68.6156	217.2685
		lb :	247.3493	56.3844	205.7315
		A:
			0.0011	-0.4161	-0.9093
			-0.2236	0.4589	-0.8599
			-0.6833	-0.7193	-0.1251
			0.3675	0.4234	0.8281
			-0.7949	0.4041	0.4526
			0.2243	-0.3961	0.8904
			0.5715	0.551	0.6081
			0.5855	-0.793	0.1682
			0.5749	0.2599	-0.7758
			-0.5715	-0.551	-0.6081
			-0.5855	0.793	-0.1682
			-0.5749	-0.2599	0.7758
		b:
			-214.6328
			-205.7338
			-241.8356
			297.7114
			-76.4161
			224.6946
			310.7163
			139.2365
			2.6802
			-305.7163
			-130.2365
			6.3198
	==================================================================================
	Q5:
		Shape: Ellipse
		q_c:	260.5	39.5	191.0
		ub :	269.6094	48.0361	196.9129
		lb :	251.3906	30.9639	185.0871
		P^-1:
			0.0398	0.018	0.0514
			0.018	0.068	0.0824
			0.0514	0.0824	0.1957
	==================================================================================
	Q6:
		Shape: Hybrid
		q_c:	271.0	53.5	193.0
		ub :	278.146	59.8714	200.7806
		lb :	263.854	47.1286	185.2194
		P^-1:
			0.0727	0.0467	0.0183
			0.0467	0.1027	0.0455
			0.0183	0.0455	0.0618
		A:
			-0.5327	-0.8337	0.1451
			0.8757	0.0138	-0.4827
			0.7074	0.6854	-0.1728
			0.9693	-0.1216	-0.2135
			0.6564	0.7412	-0.1406
			-0.3107	-0.6842	-0.6598
		b:
			-158.5496
			148.0654
			197.3214
			218.2943
			192.6642
			-246.6269


===========================================================================================
===========================================================================================
S12:
	q_c:	286.0	179.0	224.5
	ub :	297.9438	194.9941	242.0194
	lb :	273.6961	165.7338	210.4312

	==================================================================================
	Q1:
		Shape: Polyhedra
		q_c:	285.5	174.0	231.0
		ub :	291.6707	180.6104	236.0439
		lb :	279.3293	167.3896	225.9561
		A:
			-0.0541	0.9024	-0.4275
			0.419	-0.5447	0.7265
			0.2213	-0.8325	0.5079
			0.3395	-0.8708	0.3556
			0.9442	0.1004	-0.3137
			0.2557	0.1621	-0.9531
			0.5719	0.6809	0.4575
			0.0847	0.5057	-0.8585
			-0.8159	0.5298	0.2315
			-0.5719	-0.6809	-0.4575
			-0.0847	-0.5057	0.8585
			0.8159	-0.5298	-0.2315
		b:
			45.88
			195.2911
			38.3417
			30.5688
			218.4126
			-116.5442
			392.9427
			-84.1235
			-83.7819
			-381.9427
			88.1235
			90.7819
	==================================================================================
	Q2:
		Shape: Ellipse
		q_c:	284.0	188.0	221.5
		ub :	290.0598	194.9941	227.5334
		lb :	277.9402	181.0059	215.4666
		P^-1:
			0.0865	0.0268	0.0194
			0.0268	0.0578	0.0042
			0.0194	0.0042	0.0694
	==================================================================================
	Q3:
		Shape: Polyhedra
		q_c:	286.0	174.5	235.5
		ub :	291.1976	180.2094	242.0194
		lb :	280.8024	168.7906	228.9806
		A:
			0.3385	-0.5946	-0.7293
			0.3255	-0.8922	-0.313
			-0.8479	0.3661	0.3835
			-0.0056	-0.64	0.7683
			-0.8997	0.3297	0.286
			0.2713	-0.4587	-0.8461
			0.6533	0.2744	0.7056
			0.7571	-0.2486	-0.6042
			0.0097	0.9289	-0.3702
			-0.6533	-0.2744	-0.7056
			-0.7571	0.2486	0.6042
			-0.0097	-0.9289	0.3702
		b:
			-175.4029
			-132.8067
			-85.5906
			71.6889
			-129.5647
			-198.271
			405.9009
			33.3466
			81.6751
			-395.9009
			-28.3466
			-73.6751
	==================================================================================
	Q4:
		Shape: Hybrid
		q_c:	293.0	170.5	216.0
		ub :	297.9438	175.2662	221.5688
		lb :	288.0562	165.7338	210.4312
		P^-1:
			0.0844	0.0061	0.0061
			0.0061	0.0951	0.0133
			0.0061	0.0133	0.0949
		A:
			-0.4823	0.4653	-0.7422
			0.3204	-0.3691	-0.8724
			-0.2507	-0.7101	-0.658
			0.861	0.0057	0.5086
			0.1691	0.9851	-0.0308
			-0.5298	0.846	0.0607
		b:
			-220.349
			-155.7556
			-335.1405
			364.9267
			212.6315
			4.0259
	==================================================================================
	Q5:
		Shape: Polyhedra
		q_c:	281.5	179.0	221.0
		ub :	289.0421	185.0118	224.4545
		lb :	273.9579	172.9882	217.5455
		A:
			0.4197	-0.068	0.9051
			0.0087	0.9312	-0.3644
			-0.0908	0.8203	0.5646
			0.9891	-0.147	0.0058
			0.0005	0.6179	-0.7863
			-0.2613	-0.7095	-0.6545
			0.9027	0.4279	0.0457
			-0.0613	0.0227	0.9979
			0.4259	-0.9036	0.0468
			-0.9027	-0.4279	-0.0457
			0.0613	-0.0227	-0.9979
			-0.4259	0.9036	-0.0468
		b:
			309.7894
			92.6456
			249.7752
			259.1323
			-59.5878
			-340.6678
			347.3008
			210.3323
			-28.0028
			-334.3008
			-204.3323
			35.0028
	==================================================================================
	Q6:
		Shape: Hybrid
		q_c:	280.0	182.0	224.5
		ub :	286.3039	187.3015	225.9406
		lb :	273.6961	176.6985	223.0594
		P^-1:
			0.0329	-0.0005	0.0703
			-0.0005	0.04	0.0021
			0.0703	0.0021	0.9949
		A:
			-0.0187	0.2034	-0.9789
			-0.1275	-0.0273	-0.9915
			0.0719	-0.1067	-0.9917
			0.0733	0.1373	0.9878
			0.0293	0.095	-0.995
			0.2089	-0.0539	0.9764
		b:
			-187.0363
			-262.6868
			-221.0057
			267.9761
			-197.1445
			268.7096


===========================================================================================
===========================================================================================
S13:
	q_c:	152.0	278.5	67.0
	ub :	173.3148	301.1055	84.6689
	lb :	136.5382	256.8082	53.7622

	==================================================================================
	Q1:
		Shape: Polyhedra
		q_c:	144.0	282.5	59.0
		ub :	150.6858	289.525	64.2378
		lb :	137.3142	275.475	53.7622
		A:
			-0.1829	0.7998	0.5718
			-0.2106	0.764	-0.6099
			0.4419	0.8801	-0.1737
			-0.5833	-0.5359	0.6104
			0.046	-0.5554	0.8303
			0.3295	0.5273	0.7832
			0.7836	0.615	0.0881
			0.0753	-0.2347	0.9692
			0.6167	-0.7528	-0.2302
			-0.7836	-0.615	-0.0881
			-0.0753	0.2347	-0.9692
			-0.6167	0.7528	0.2302
		b:
			237.5059
			153.5954
			306.7884
			-194.8186
			-97.2375
			247.0575
			296.775
			5.7142
			-133.4323
			-286.775
			2.2858
			141.4323
	==================================================================================
	Q2:
		Shape: Ellipse
		q_c:	147.5	280.0	69.0
		ub :	156.5032	288.16	78.1162
		lb :	138.4968	271.84	59.8838
		P^-1:
