3D_50_11_6_e                l = 3

===========================================================================================
===========================================================================================
S1:
	q_c:	350.5	134.0	407.5
	ub :	367.2591	155.3451	425.9509
	lb :	327.9609	109.9289	386.9777

	==================================================================================
	Q1:
		Shape: Ellipse
		q_c:	351.5	148.5	413.5
		ub :	359.4262	155.3451	422.1019
		lb :	343.5738	141.6549	404.8981
		P^-1:
			0.0588	-0.0517	0.0216
			-0.0517	0.1139	-0.036
			0.0216	-0.036	0.0428
	==================================================================================
	Q2:
		Shape: Ellipse
		q_c:	355.0	122.5	405.5
		ub :	366.433	135.0711	418.0908
		lb :	343.567	109.9289	392.9092
		P^-1:
			0.0173	0.0009	0.0004
			0.0009	0.0144	0.0009
			0.0004	0.0009	0.0155
	==================================================================================
	Q3:
		Shape: Polyhedra
		q_c:	345.0	132.0	410.5
		ub :	352.2536	136.5965	416.9225
		lb :	337.7464	127.4035	404.0775
		A:
			-0.6336	-0.7635	0.1251
			-0.2497	0.6279	-0.7371
			0.8602	0.2041	0.4674
			-0.787	0.0539	-0.6146
			-0.7472	-0.4906	-0.4483
			-0.5843	-0.7496	-0.3109
			0.6206	0.1478	0.7701
			-0.7634	0.3383	0.5502
			-0.1792	-0.9293	0.3228
			-0.6206	-0.1478	-0.7701
			0.7634	-0.3383	-0.5502
			0.1792	0.9293	-0.3228
		b:
			-265.1308
			-303.631
			518.8514
			-513.5965
			-503.9576
			-425.8825
			552.231
			14.1621
			-49.9975
			-547.231
			-0.1621
			53.9975
	==================================================================================
	Q4:
		Shape: Polyhedra
		q_c:	358.0	120.5	396.5
		ub :	367.2591	130.7961	406.0223
		lb :	348.7409	110.2039	386.9777
		A:
			0.4907	0.1493	-0.8584
			-0.629	-0.7606	0.1609
			0.9453	0.3146	-0.0864
			0.628	-0.7072	-0.3248
			0.6904	-0.2341	-0.6846
			0.9045	-0.4243	0.0429
			0.3946	0.8294	0.3955
			0.5255	-0.5568	0.6433
			0.7538	-0.046	-0.6555
			-0.3946	-0.8294	-0.3955
			-0.5255	0.5568	-0.6433
			-0.7538	0.046	0.6555
		b:
			-142.4355
			-245.7018
			348.1715
			16.4592
			-48.2255
			294.5852
			406.5226
			381.6052
			8.4052
			-389.5226
			-370.6052
			-0.4052
	==================================================================================
	Q5:
		Shape: Hybrid
		q_c:	338.0	137.5	407.0
		ub :	348.0391	147.5941	414.5585
		lb :	327.9609	127.4059	399.4415
		P^-1:
			0.0281	0.0127	0.0058
			0.0127	0.0335	0.0053
			0.0058	0.0053	0.0386
		A:
			0.1503	0.9749	-0.164
			-0.1607	-0.9245	-0.3458
			0.4405	0.8716	-0.2153
			-0.009	-0.1975	-0.9803
			-0.1271	-0.3054	-0.9437
			-0.2652	0.5286	-0.8064
		b:
			121.5806
			-319.0693
			184.0334
			-426.2987
			-466.3606
			-341.4619
	==================================================================================
	Q6:
		Shape: Polyhedra
		q_c:	347.0	129.5	415.5
		ub :	355.6698	139.5592	425.9509
		lb :	338.3302	119.4408	405.0491
		A:
			-0.8438	-0.226	0.4868
			-0.4509	0.2117	-0.8671
			-0.4901	0.4557	0.7431
			-0.6373	0.4952	-0.5904
			-0.6854	0.3277	-0.6503
			0.5884	-0.6072	-0.5339
			0.561	0.5723	0.5981
			-0.146	0.7796	-0.6091
			-0.8148	0.2544	0.5209
			-0.561	-0.5723	-0.5981
			0.146	-0.7796	0.6091
			0.8148	-0.2544	-0.5209
		b:
			-114.4366
			-482.8248
			202.9899
			-396.0145
			-459.1977
			-90.9993
			523.7902
			-196.2744
			-28.3601
			-510.7902
			209.2744
			38.3601


===========================================================================================
===========================================================================================
S2:
	q_c:	267.0	203.0	93.5
	ub :	285.873	224.6983	110.3937
	lb :	246.5334	184.3241	73.3397

	==================================================================================
	Q1:
		Shape: Hybrid
		q_c:	280.5	218.0	82.5
		ub :	285.873	224.6983	90.8969
		lb :	275.127	211.3017	74.1031
		P^-1:
			0.1341	0.0243	0.0484
			0.0243	0.0608	-0.0052
			0.0484	-0.0052	0.048
		A:
			0.8407	-0.4597	0.2863
			-0.2157	-0.4578	0.8625
			0.0909	-0.9697	-0.2268
			-0.6323	-0.7445	-0.2141
			-0.6361	0.612	-0.47
			-0.7385	-0.5746	-0.3528
		b:
			161.5676
			-84.9588
			-200.6765
			-355.3074
			-81.4909
			-359.7767
	==================================================================================
	Q2:
		Shape: Hybrid
		q_c:	273.5	197.5	93.0
		ub :	280.823	205.7292	100.1334
		lb :	266.177	189.2708	85.8666
		P^-1:
			0.0341	-0.0031	-0.0024
			-0.0031	0.0427	0.0074
			-0.0024	0.0074	0.0387
		A:
			0.4716	0.753	0.4588
			-0.386	0.8887	-0.2475
			-0.4358	-0.8356	0.3344
			0.1692	0.94	0.2963
			-0.9173	0.2554	0.3054
			0.374	-0.1219	0.9194
		b:
			323.126
			49.8068
			-249.968
			262.0176
			-169.1501
			166.8488
	==================================================================================
	Q3:
		Shape: Polyhedra
		q_c:	258.5	195.5	87.0
		ub :	270.4666	206.6759	98.9244
		lb :	246.5334	184.3241	75.0756
		A:
			-0.0905	-0.1215	-0.9885
			-0.8543	-0.4995	-0.1436
			0.0136	0.5607	0.8279
			0.3875	0.0093	0.9218
			-0.0061	0.9897	0.1427
			-0.6774	0.7356	0.0006
			0.7376	0.4887	0.466
			-0.2487	0.8382	-0.4854
			-0.6278	0.2421	0.7398
			-0.7376	-0.4887	-0.466
			0.2487	-0.8382	0.4854
			0.6278	-0.2421	-0.7398
		b:
			-125.9044
			-322.6972
			192.6394
			189.8032
			211.4917
			-24.684
			335.246
			63.848
			-44.0941
			-318.246
			-50.848
			57.0941
	==================================================================================
	Q4:
		Shape: Hybrid
		q_c:	268.5	204.5	98.0
		ub :	275.0921	211.4376	104.3436
		lb :	261.9079	197.5624	91.6564
		P^-1:
			0.0696	-0.0155	-0.0016
			-0.0155	0.0613	0.0012
			-0.0016	0.0012	0.0495
		A:
			0.5548	0.8199	0.1412
			-0.878	0.4378	-0.1938
			-0.4775	0.562	-0.6754
			-0.8188	-0.2461	-0.5186
			0.9292	-0.2883	0.2313
			0.3131	0.9448	-0.0964
		b:
			333.222
			-163.3418
			-77.1285
			-318.4598
			215.1746
			270.4834
	==================================================================================
	Q5:
		Shape: Hybrid
		q_c:	261.0	198.0	101.0
		ub :	271.5319	206.1579	110.3937
		lb :	250.4681	189.8421	91.6063
		P^-1:
			0.022	-0.0042	0.0003
			-0.0042	0.0314	-0.0007
			0.0003	-0.0007	0.0204
		A:
			0.8185	0.1393	0.5573
			0.1514	-0.4919	0.8574
			-0.9238	-0.3675	-0.1076
			-0.9227	-0.317	0.2194
			-0.9319	0.2183	0.2896
			-0.5968	0.5941	-0.5393
		b:
			301.7063
			32.5245
			-320.4839
			-277.1887
			-166.8795
			-89.2777
	==================================================================================
	Q6:
		Shape: Hybrid
		q_c:	274.5	198.5	80.5
		ub :	283.8058	207.852	87.6603
		lb :	265.1942	189.148	73.3397
		P^-1:
			0.033	0.0099	0.0019
			0.0099	0.0345	0.0046
			0.0019	0.0046	0.0455
		A:
			-0.5552	-0.574	0.6019
			-0.9743	-0.1035	0.2002
			-0.5448	-0.4992	0.6738
			-0.2594	0.5651	0.7832
			-0.1156	0.8175	-0.5642
			0.6667	-0.6328	0.3938
		b:
			-215.146
			-268.5414
			-191.663
			106.9162
			88.633
			93.1846


===========================================================================================
===========================================================================================
S3:
	q_c:	32.5	211.5	274.5
	ub :	46.5404	226.1732	286.8665
	lb :	28.1171	194.4473	263.8588

	==================================================================================
	Q1:
		Shape: Polyhedra
		q_c:	39.5	201.5	271.0
		ub :	46.5404	208.5527	278.1412
		lb :	32.4596	194.4473	263.8588
		A:
			0.7734	-0.0815	0.6287
			-0.1081	-0.7605	-0.6403
			-0.6571	-0.631	-0.4124
			-0.0211	-0.6576	-0.7531
			0.3592	-0.0849	0.9294
			0.8344	-0.24	-0.4961
			0.3124	0.495	0.8108
			-0.3712	0.8493	-0.3755
			-0.8744	-0.1836	0.449
			-0.3124	-0.495	-0.8108
			0.3712	-0.8493	0.3755
			0.8744	0.1836	-0.449
		b:
			188.9357
			-326.8808
			-260.6986
			-333.322
			253.2874
			-145.3177
			335.8076
			59.7079
			54.6426
			-327.8076
			-49.7079
			-45.6426
	==================================================================================
	Q2:
		Shape: Ellipse
		q_c:	39.5	214.5	276.0
		ub :	44.4752	221.2162	282.691
		lb :	34.5248	207.7838	269.309
		P^-1:
			0.0897	0.0169	0.0172
			0.0169	0.067	0.0172
			0.0172	0.0172	0.0663
	==================================================================================
	Q3:
		Shape: Polyhedra
		q_c:	37.5	209.0	279.0
		ub :	42.6053	214.4821	283.1292
		lb :	32.3947	203.5179	274.8708
		A:
			-0.5235	-0.8184	-0.2371
			-0.7237	-0.3269	0.6078
			0.0526	0.8885	-0.4558
			-0.5179	-0.1823	0.8358
			-0.5616	0.3172	0.7642
			0.8004	-0.0621	-0.5962
			0.6148	0.7704	0.1689
			0.6166	-0.3359	-0.712
			-0.4918	0.5419	-0.6816
			-0.6148	-0.7704	-0.1689
			-0.6166	0.3359	0.712
			0.4918	-0.5419	0.6816
		b:
			-252.8515
			76.8873
			64.2108
			177.9593
			259.9622
			-147.3485
			235.1954
			-244.2399
			-91.8353
			-227.1954
			247.2399
			98.8353
	==================================================================================
	Q4:
		Shape: Hybrid
		q_c:	35.5	220.5	272.5
		ub :	39.2319	226.1732	278.4029
		lb :	31.7681	214.8268	266.5971
		P^-1:
			0.1104	-0.004	0.0058
			-0.004	0.0879	0.0331
			0.0058	0.0331	0.0639
		A:
			-0.5012	0.1105	-0.8583
			0.731	0.6822	-0.0149
			-0.574	0.8132	0.0956
			-0.4372	0.8557	-0.2769
			-0.9676	-0.2526	0.0034
			-0.4714	-0.8739	-0.1183
		b:
			-224.6627
			174.3646
			186.7841
			100.2251
			-87.4819
			-239.666
	==================================================================================
	Q5:
		Shape: Ellipse
		q_c:	36.0	207.0	274.5
		ub :	42.1998	210.8391	280.588
		lb :	29.8002	203.1609	268.412
		P^-1:
			0.0709	-0.0018	-0.0389
			-0.0018	0.0815	-0.0021
			-0.0389	-0.0021	0.0735
	==================================================================================
	Q6:
		Shape: Ellipse
		q_c:	32.5	220.5	283.0
		ub :	36.8829	223.5967	286.8665
		lb :	28.1171	217.4033	279.1335
		P^-1:
			0.1325	-0.1382	0.1503
			-0.1382	0.5322	-0.4219
			0.1503	-0.4219	0.528


===========================================================================================
===========================================================================================
S4:
	q_c:	497.0	347.0	351.5
	ub :	504.6634	356.7486	359.6167
	lb :	490.8236	339.8268	342.5123

	==================================================================================
	Q1:
		Shape: Polyhedra
		q_c:	497.5	343.0	352.0
		ub :	500.1929	345.6207	354.3091
		lb :	494.8071	340.3793	349.6909
		A:
			-0.2879	-0.9529	0.0958
			0.0121	-0.6889	-0.7248
			0.5189	0.7456	0.4181
			0.7676	0.4558	0.4506
			0.1614	0.8268	0.5388
			0.4728	0.489	0.7331
			0.4207	0.6321	0.6507
			0.1167	0.6736	-0.7298
			-0.8997	0.383	0.2096
			-0.4207	-0.6321	-0.6507
			-0.1167	-0.6736	0.7298
			0.8997	-0.383	-0.2096
		b:
			-434.788
			-484.2398
			661.8043
			697.9832
			554.499
			661.583
			655.6747
			34.1991
			-239.9224
			-654.6747
			-30.1991
			244.9224
	==================================================================================
	Q2:
		Shape: Hybrid
		q_c:	495.5	346.5	353.0
		ub :	497.9162	349.0598	355.8601
		lb :	493.0838	343.9402	350.1399
		P^-1:
			0.4369	-0.0103	-0.0445
			-0.0103	0.4305	-0.0606
			-0.0445	-0.0606	0.1815
		A:
			0.7566	0.1866	-0.6266
			-0.8299	-0.4009	0.3881
			0.6416	0.1755	0.7467
			-0.9188	-0.1303	0.3726
			0.9183	-0.3955	0.0191
			-0.6272	-0.6174	-0.4749
		b:
			219.3647
			-412.3567
			643.8263
			-368.0737
			325.4236
			-691.0161
	==================================================================================
	Q3:
		Shape: Hybrid
		q_c:	494.0	344.5	355.0
		ub :	496.6472	349.1732	359.6167
		lb :	491.3528	339.8268	350.3833
		P^-1:
			0.3889	-0.0551	-0.1113
			-0.0551	0.0995	0.0346
			-0.1113	0.0346	0.1488
		A:
			0.9768	-0.2037	-0.0662
			0.6978	-0.5076	-0.5054
			0.0434	-0.8703	-0.4906
			-0.8661	0.4984	0.0384
			-0.5197	-0.1403	0.8428
			0.9409	-0.3107	-0.1345
		b:
			389.8136
			-8.4075
			-450.314
			-241.2298
			-4.1501
			310.9634
	==================================================================================
	Q4:
		Shape: Polyhedra
		q_c:	494.0	344.0	356.0
		ub :	497.1764	347.3813	359.3494
		lb :	490.8236	340.6187	352.6506
		A:
			-0.7402	-0.6417	-0.2009
			-0.511	0.3569	0.782
			-0.7936	-0.5937	-0.1334
			0.8846	0.3552	0.3021
			0.7599	0.5455	0.3536
			-0.7276	-0.6378	0.2526
			0.7373	0.6752	0.0205
			0.6446	-0.6941	-0.3204
			-0.2021	0.2495	-0.9471
			-0.7373	-0.6752	-0.0205
			-0.6446	0.6941	0.3204
			0.2021	-0.2495	0.9471
		b:
			-656.8276
			151.6084
			-642.6715
			668.2034
			690.1965
			-487.7268
			604.8199
			-31.4278
			-348.6755
			-602.8199
			37.4278
			353.6755
	==================================================================================
	Q5:
		Shape: Polyhedra
		q_c:	502.5	348.0	354.5
		ub :	504.6634	350.2404	356.6007
		lb :	500.3366	345.7596	352.3993
		A:
			-0.2835	-0.1263	0.9506
			-0.8918	0.0949	0.4424
			-0.2099	-0.3991	0.8926
			0.4948	-0.3083	-0.8125
			-0.5727	-0.473	0.6695
			0.766	-0.2024	-0.6102
			0.6392	0.0255	0.7686
			-0.2364	0.9576	0.1649
			-0.7318	-0.2871	0.6181
			-0.6392	-0.0255	-0.7686
			0.2364	-0.9576	-0.1649
			0.7318	0.2871	-0.6181
		b:
			151.7518
			-257.0488
			73.2466
			-145.2851
			-213.9917
			99.4544
			604.0402
			274.9049
			-247.4928
			-601.0402
			-270.9049
			249.4928
	==================================================================================
	Q6:
		Shape: Hybrid
		q_c:	496.5	352.5	348.0
		ub :	501.7441	356.7486	353.4877
		lb :	491.2559	348.2514	342.5123
		P^-1:
			0.0924	0.0215	0.0163
			0.0215	0.1246	0.0326
			0.0163	0.0326	0.1063
		A:
			0.2076	0.3329	-0.9198
			-0.766	-0.6272	0.1413
			-0.5924	-0.6965	-0.4049
			0.4727	-0.8211	-0.3199
			0.6531	-0.1244	-0.747
			-0.7689	-0.3511	-0.5343
		b:
			-97.468
			-550.3425
			-679.2051
			-164.1491
			22.6975
			-689.893


===========================================================================================
===========================================================================================
S5:
	q_c:	147.5	511.0	22.0
	ub :	171.3719	533.62	59.866
	lb :	119.2181	487.0502	-9.1727

	==================================================================================
	Q1:
		Shape: Ellipse
		q_c:	129.0	500.5	0.0
		ub :	138.7819	509.5976	9.1727
		lb :	119.2181	491.4024	-9.1727
		P^-1:
			0.0216	0.01	0.0108
			0.01	0.0402	0.0007
			0.0108	0.0007	0.0414
	==================================================================================
	Q2:
		Shape: Hybrid
		q_c:	156.0	518.5	10.5
		ub :	171.3719	532.6655	24.0222
		lb :	140.6281	504.3345	-3.0222
		P^-1:
			0.0237	0.0118	-0.0166
			0.0118	0.0162	-0.0121
			-0.0166	-0.0121	0.0246
		A:
			0.9105	0.1993	-0.3624
			0.7797	0.1505	-0.6078
			-0.264	0.9416	0.2091
			-0.3258	-0.1847	0.9272
			-0.2562	-0.5348	-0.8052
			0.4064	0.6818	0.6083
		b:
			245.9657
			196.7732
			458.3911
			-132.3112
			-316.5282
			432.3826
	==================================================================================
	Q3:
		Shape: Ellipse
		q_c:	158.0	524.0	15.0
		ub :	165.022	533.62	22.5519
		lb :	150.978	514.38	7.4481
		P^-1:
			0.0762	0.0013	-0.0429
			0.0013	0.0125	0.0003
			-0.0429	0.0003	0.0584
	==================================================================================
	Q4:
		Shape: Hybrid
		q_c:	147.5	512.5	28.0
		ub :	159.6366	527.1301	42.5916
		lb :	135.3634	497.8699	13.4084
		P^-1:
			0.0219	-0.007	0.007
			-0.007	0.0196	0.0082
			0.007	0.0082	0.0196
		A:
			0.751	-0.5596	-0.3507
			-0.5548	0.5778	0.5986
			-0.4292	0.9017	0.0515
			0.3441	-0.9348	-0.0877
			-0.456	-0.463	-0.7601
			0.2835	-0.7313	-0.6204
		b:
			-182.0531
			235.0602
			404.2596
			-426.5525
			-322.8071
			-347.2618
	==================================================================================
	Q5:
		Shape: Hybrid
		q_c:	134.5	509.0	42.5
		ub :	149.684	523.8947	59.866
		lb :	119.316	494.1053	25.134
		P^-1:
			0.0099	0.0002	-0.0002
			0.0002	0.0097	0.0004
			-0.0002	0.0004	0.0095
		A:
			0.0344	0.9912	0.1281
			-0.256	-0.8507	0.4592
			-0.0984	0.8683	0.4862
			0.8405	0.5416	-0.0172
			0.0112	0.7543	0.6564
			0.1849	0.5412	-0.8203
		b:
			519.6992
			-442.6264
			454.4287
			392.982
			418.341
			270.8191
	==================================================================================
	Q6:
		Shape: Ellipse
		q_c:	149.0	497.0	42.5
		ub :	162.6676	506.9498	56.8448
		lb :	135.3324	487.0502	28.1552
		P^-1:
			0.0363	0.0288	0.0185
			0.0288	0.0547	0.0096
			0.0185	0.0096	0.0201


===========================================================================================
===========================================================================================
S6:
	q_c:	268.0	22.0	293.0
	ub :	294.1364	35.162	315.1788
	lb :	250.449	-0.2326	281.7898

	==================================================================================
	Q1:
		Shape: Polyhedra
		q_c:	272.5	23.0	297.5
		ub :	281.684	30.2264	306.8144
		lb :	263.316	15.7736	288.1856
		A:
			-0.2126	-0.5823	-0.7847
			-0.4428	0.0152	-0.8965
			-0.0226	0.8869	0.4614
			-0.1768	-0.7176	-0.6736
			0.6811	-0.4104	0.6063
			-0.4415	0.8347	0.3291
			0.49	0.6924	0.5295
			0.8059	-0.1283	-0.578
			-0.3323	0.71	-0.6209
			-0.49	-0.6924	-0.5295
			-0.8059	0.1283	0.578
			0.3323	-0.71	0.6209
		b:
			-300.6151
			-382.2903
			156.0091
			-261.0168
			361.9232
			2.5464
			310.4902
			51.68
			-253.4444
			-303.4902
			-37.68
			264.4444
	==================================================================================
	Q2:
		Shape: Polyhedra
		q_c:	259.5	28.5	289.0
		ub :	263.8943	34.522	294.6358
		lb :	255.1057	22.478	283.3642
		A:
			0.8892	0.0979	-0.4469
			-0.0534	0.5751	0.8163
			0.0278	0.2528	0.9671
			-0.3747	-0.6618	-0.6493
			0.239	0.7107	0.6616
			-0.6408	0.0912	-0.7622
			0.0059	0.6505	0.7595
			0.0708	0.7573	-0.6492
			-0.9975	0.0576	-0.0416
			-0.0059	-0.6505	-0.7595
			-0.0708	-0.7573	0.6492
			0.9975	-0.0576	0.0416
		b:
			108.6311
			241.017
			297.2119
			-300.965
			276.1597
			-379.8405
			242.0584
			-142.1611
			-265.2238
			-237.0584
			153.1611
			273.2238
	==================================================================================
	Q3:
		Shape: Ellipse
		q_c:	281.5	13.0	303.5
		ub :	294.1364	26.2326	315.1788
		lb :	268.8636	-0.2326	291.8212
		P^-1:
			0.0164	0.001	-0.0003
			0.001	0.017	0.0002
			-0.0003	0.0002	0.0177
	==================================================================================
	Q4:
		Shape: Polyhedra
		q_c:	257.5	16.0	294.5
		ub :	264.551	23.7828	302.0245
		lb :	250.449	8.2172	286.9755
		A:
			-0.123	-0.9466	-0.298
			-0.8782	-0.0531	0.4753
			0.8345	0.1177	0.5384
			-0.2911	0.0245	0.9564
			0.0328	0.5245	-0.8508
			-0.1847	0.1553	0.9704
			0.4541	0.4047	0.7937
			-0.2258	-0.8095	0.542
			0.8618	-0.4254	-0.2762
			-0.4541	-0.4047	-0.7937
			0.2258	0.8095	-0.542
			-0.8618	0.4254	0.2762
		b:
			-129.882
			-82.3675
			379.8039
			211.7446
			-228.8202
			245.3243
			361.6616
			93.5072
			138.2707
			-352.6616
			-83.5072
			-129.2707
	==================================================================================
	Q5:
		Shape: Polyhedra
		q_c:	261.5	26.0	287.5
		ub :	271.2189	35.162	293.2102
		lb :	251.7811	16.838	281.7898
		A:
			-0.4126	0.451	0.7914
			0.4039	-0.7393	-0.5388
			-0.5385	-0.833	0.127
			-0.5314	0.394	0.75
			-0.268	-0.7889	0.553
			0.4841	0.148	-0.8624
			0.9063	0.4211	0.035
			0.4099	-0.8963	0.1693
			0.1026	-0.1391	-0.9849
			-0.9063	-0.4211	-0.035
			-0.4099	0.8963	-0.1693
			-0.1026	0.1391	0.9849
		b:
			136.2873
			-63.1323
			-118.8836
			92.0357
			74.6253
			-112.1566
			265.5061
			138.5623
			-255.4511
			-250.5061
			-126.5623
			264.4511
	==================================================================================
	Q6:
		Shape: Polyhedra
		q_c:	281.5	11.0	301.5
		ub :	291.8911	16.7718	312.2499
		lb :	271.1089	5.2282	290.7501
		A:
			0.2173	0.9445	0.2462
			-0.0908	0.9434	0.3191
			-0.6832	-0.5823	0.4405
			0.7755	-0.0554	0.629
			-0.1602	-0.7723	0.6148
			0.6712	-0.6849	-0.2834
			0.0388	0.9739	0.2238
			0.7025	0.1327	-0.6992
			-0.7107	0.1843	-0.6789
			-0.0388	-0.9739	-0.2238
			-0.7025	-0.1327	0.6992
			0.7107	-0.1843	0.6789
		b:
			149.5059
			84.6302
			-60.3996
			415.7451
			137.5945
			101.4799
			92.6097
			-5.6176
			-394.2282
			-85.6097
			17.6176
			411.2282


===========================================================================================
===========================================================================================
S7:
	q_c:	42.5	361.5	294.5
	ub :	72.4902	386.5008	297.1812
	lb :	28.4176	328.3438	265.9772

	==================================================================================
	Q1:
		Shape: Ellipse
		q_c:	60.5	341.0	283.5
		ub :	72.4902	353.6562	295.3186
		lb :	48.5098	328.3438	271.6814
		P^-1:
			0.0223	-0.0063	0.0002
			-0.0063	0.0204	0.001
			0.0002	0.001	0.0145
	==================================================================================
	Q2:
		Shape: Hybrid
		q_c:	54.5	371.5	277.0
		ub :	62.3106	381.2627	288.0228
		lb :	46.6894	361.7373	265.9772
		P^-1:
			0.0327	-0.015	0.0065
			-0.015	0.0465	-0.0154
			0.0065	-0.0154	0.0193
		A:
			0.4019	-0.172	0.8994
			0.8784	-0.2641	0.3983
			-0.2801	-0.8492	0.4476
			-0.0418	-0.983	0.1787
			0.3667	-0.9147	-0.1699
			0.7765	-0.5768	0.2537
		b:
			212.4085
			63.4963
			-203.3412
			-314.8022
			-363.0242
			-99.2599
	==================================================================================
	Q3:
		Shape: Ellipse
		q_c:	57.0	368.0	286.0
		ub :	66.1081	377.0386	296.1342
		lb :	47.8919	358.9614	275.8658
		P^-1:
			0.0305	0.0028	0.0031
			0.0028	0.03	-0.0034
			0.0031	-0.0034	0.0294
	==================================================================================
	Q4:
		Shape: Ellipse
		q_c:	42.0	375.5	283.0
		ub :	51.7768	382.981	292.5081
		lb :	32.2232	368.019	273.4919
		P^-1:
			0.0303	-0.0082	0.0043
			-0.0082	0.045	0.006
			0.0043	0.006	0.0276
	==================================================================================
	Q5:
		Shape: Polyhedra
		q_c:	62.5	378.5	287.0
		ub :	69.1614	386.5008	294.0458
		lb :	55.8386	370.4992	279.9542
		A:
			-0.4731	-0.8794	0.0535
			0.9387	0.3443	-0.0205
			-0.9279	0.1222	-0.3523
			-0.6076	-0.7246	-0.3252
			-0.2792	-0.6621	0.6955
			-0.1901	0.8182	-0.5425
			0.8305	0.2811	0.481
			0.4657	-0.8242	-0.3223
			0.3058	0.4916	-0.8153
			-0.8305	-0.2811	-0.481
			-0.4657	0.8242	0.3223
			-0.3058	-0.4916	0.8153
		b:
			-342.6189
			186.577
			-109.1416
			-401.7472
			-63.9033
			147.135
			299.3435
			-369.3505
			-24.3103
			-293.3435
			381.3505
			33.3103
	==================================================================================
	Q6:
		Shape: Hybrid
		q_c:	39.0	367.0	287.0
		ub :	49.5824	374.4344	297.1812
		lb :	28.4176	359.5656	276.8188
		P^-1:
			0.1143	0.1581	0.0829
			0.1581	0.2655	0.1433
			0.0829	0.1433	0.0994
		A:
			0.4103	0.9011	0.1404
			-0.4478	-0.878	-0.1693
			0.3262	0.6959	0.6398
			0.3621	0.7949	0.4869
			0.8797	0.4631	0.1076
			0.6244	0.7359	0.2617
		b:
			389.3782
			-386.2493
			453.2551
			446.5856
			238.7851
			370.8877


===========================================================================================
===========================================================================================
S8:
	q_c:	282.0	512.5	463.0
	ub :	295.2135	529.6614	481.8512
	lb :	263.5366	498.0523	447.4874

	==================================================================================
	Q1:
		Shape: Hybrid
		q_c:	274.5	504.0	460.5
		ub :	281.6962	509.9477	467.9478
		lb :	267.3038	498.0523	453.0522
		P^-1:
			0.0361	-0.0114	-0.003
			-0.0114	0.0756	0.0113
			-0.003	0.0113	0.036
		A:
			0.7522	0.5662	-0.337
			-0.5719	0.7304	0.3736
			0.0887	-0.983	0.1609
			-0.7396	0.3686	0.5631
			-0.4848	0.7847	0.3862
			-0.999	0.0424	0.0144
		b:
			340.3078
			385.2858
			-394.7446
			245.0496
			442.2349
			-242.6048
	==================================================================================
	Q2:
		Shape: Hybrid
		q_c:	285.0	522.5	465.5
		ub :	292.3011	529.6614	471.5072
		lb :	277.6989	515.3386	459.4928
		P^-1:
			0.0499	0.0054	-0.018
			0.0054	0.0617	-0.0272
			-0.018	-0.0272	0.0889
		A:
			-0.4399	0.25	0.8625
			0.5172	-0.8169	-0.2555
			0.6887	-0.4143	-0.595
			-0.3377	0.4726	0.814
			0.0964	0.4643	0.8804
			-0.379	0.6421	-0.6663
		b:
			409.1268
			-395.3428
			-294.4849
			532.3274
			682.9263
			-80.3988
	==================================================================================
	Q3:
		Shape: Hybrid
		q_c:	289.5	507.0	454.5
		ub :	295.2135	514.0449	461.5126
		lb :	283.7865	499.9551	447.4874
		P^-1:
			0.0599	0.0111	0.0103
			0.0111	0.061	0.0108
			0.0103	0.0108	0.0595
		A:
			0.2287	0.8122	0.5367
			-0.2533	-0.6281	-0.7358
			-0.9032	-0.4127	-0.1182
			0.6208	-0.0622	0.7815
			-0.7854	-0.6043	0.1343
			0.8391	0.3719	-0.3971
		b:
			723.8413
			-724.2753
			-522.3325
			505.5972
			-470.4717
			253.543
	==================================================================================
	Q4:
		Shape: Hybrid
		q_c:	283.0	509.5	457.0
		ub :	290.8904	518.0228	466.1352
		lb :	275.1096	500.9772	447.8648
		P^-1:
			0.0288	-0.0028	0.002
			-0.0028	0.0351	-0.0053
			0.002	-0.0053	0.0316
		A:
			-0.4401	-0.8663	-0.2364
			-0.5836	0.7936	0.1724
			0.5672	0.147	0.8104
			-0.3061	0.7712	0.5582
			0.9694	-0.1996	0.143
			-0.7919	0.0971	-0.603
		b:
			-670.6141
			320.9783
			609.0006
			564.7738
			241.2231
			-447.0857
	==================================================================================
	Q5:
		Shape: Polyhedra
		q_c:	274.5	512.5	471.0
		ub :	285.4634	523.065	481.8512
		lb :	263.5366	501.935	460.1488
		A:
			-0.0973	-0.2163	0.9715
			-0.2111	0.0918	0.9731
			0.0889	0.2936	0.9518
			0.3893	0.8618	-0.3252
			0.4961	0.8561	0.1452
			0.739	0.2314	0.6327
			0.6197	0.26	0.7405
			-0.4255	-0.6816	0.5953
			0.6595	-0.684	-0.3117
			-0.6197	-0.26	-0.7405
			0.4255	0.6816	-0.5953
			-0.6595	0.684	0.3117
		b:
			326.7527
			453.9885
			629.6375
			402.2929
			650.0076
			625.942
			658.6488
			-178.6887
			-310.3371
			-645.6488
			192.6887
			322.3371
	==================================================================================
	Q6:
		Shape: Polyhedra
		q_c:	281.5	520.0	466.0
		ub :	282.6714	526.417	473.2695
		lb :	280.3286	513.583	458.7305
		A:
			0.9834	-0.1291	0.1274
			0.9437	-0.1453	-0.2971
			-0.4702	-0.6814	0.5609
			0.8778	0.2601	0.4023
			-0.9778	-0.0098	-0.2095
			0.9882	0.0382	0.1482
			0.0045	0.9887	0.1495
			0.0226	0.1494	-0.9885
			-0.9997	0.0078	-0.0217
			-0.0045	-0.9887	-0.1495
			-0.0226	-0.1494	0.9885
			0.9997	-0.0078	0.0217
		b:
			270.4566
			54.0045
			-219.9071
			572.7741
			-376.4208
			368.4182
			590.5829
			-370.09
			-286.4998
			-579.5829
			383.09
			288.4998


===========================================================================================
===========================================================================================
S9:
	q_c:	445.0	424.0	373.5
	ub :	458.7435	447.5707	397.6832
	lb :	426.078	401.4585	352.6932

	==================================================================================
	Q1:
		Shape: Polyhedra
		q_c:	448.0	430.0	370.5
		ub :	457.3188	439.9597	373.1853
		lb :	438.6812	420.0403	367.8147
		A:
			-0.0505	0.0164	0.9986
			0.1297	0.232	-0.964
			-0.022	-0.1941	0.9807
			-0.1101	-0.1874	0.9761
			0.1614	0.3234	-0.9324
			-0.7086	-0.624	-0.3293
			0.8502	0.4923	0.1864
			-0.1235	-0.1578	0.9797
			0.5118	-0.856	-0.0734
			-0.8502	-0.4923	-0.1864
			0.1235	0.1578	-0.9797
			-0.5118	0.856	0.0734
		b:
			356.0271
			-198.183
			271.3444
			232.7665
			-132.4813
			-701.7706
			667.669
			240.8229
			-157.9922
			-655.669
			-238.8229
			173.9922
	==================================================================================
	Q2:
		Shape: Ellipse
		q_c:	436.5	436.5	388.0
		ub :	445.3201	444.7722	397.6832
		lb :	427.6799	428.2278	378.3168
		P^-1:
			0.0476	0.019	0.0279
			0.019	0.0514	0.0003
			0.0279	0.0003	0.0459
	==================================================================================
	Q3:
		Shape: Ellipse
		q_c:	443.5	426.0	362.0
		ub :	454.4419	435.0514	371.3068
		lb :	432.5581	416.9486	352.6932
		P^-1:
			0.0245	-0.0068	-0.0014
			-0.0068	0.027	-0.0031
			-0.0014	-0.0031	0.0272
	==================================================================================
	Q4:
		Shape: Ellipse
		q_c:	445.5	440.0	374.0
		ub :	453.2593	447.5707	381.8819
		lb :	437.7407	432.4293	366.1181
		P^-1:
			0.0442	0.0021	0.0042
			0.0021	0.0485	-0.0017
			0.0042	-0.0017	0.0461
	==================================================================================
	Q5:
		Shape: Hybrid
		q_c:	437.5	422.0	382.0
		ub :	448.922	432.9495	391.435
		lb :	426.078	411.0505	372.565
		P^-1:
			0.0288	0.0114	0.0111
			0.0114	0.0256	0.0101
			0.0111	0.0101	0.0285
		A:
			0.7814	-0.0181	0.6238
			0.9238	0.2439	0.2952
			0.802	0.1464	0.5791
			-0.6746	0.015	-0.738
			0.7107	0.3695	0.5987
			0.1948	0.4235	-0.8847
		b:
			576.0555
			623.1119
			636.9156
			-567.223
			697.9821
			-68.7798
	==================================================================================
	Q6:
		Shape: Polyhedra
		q_c:	452.5	412.0	382.5
		ub :	458.7435	422.5415	391.9493
		lb :	446.2565	401.4585	373.0507
		A:
			-0.8002	-0.341	-0.4933
			-0.9552	-0.207	-0.2115
			0.9266	0.0138	-0.3757
			-0.7743	-0.5541	0.3059
			-0.2244	-0.93	-0.2912
			0.5625	-0.125	0.8173
			0.9846	0.1729	0.0254
			0.1536	-0.9255	0.3463
			0.0834	-0.3371	-0.9378
			-0.9846	-0.1729	-0.0254
			-0.1536	0.9255	-0.3463
			-0.0834	0.3371	0.9378
		b:
			-686.0164
			-593.7827
			286.3394
			-455.9829
			-588.809
			522.264
			531.0059
			-171.3078
			-452.8333
			-522.0059
			187.3078
			466.8333


===========================================================================================
===========================================================================================
S10:
	q_c:	147.0	78.5	84.5
	ub :	159.4772	86.0469	100.3647
	lb :	135.9868	67.3857	71.2103

	==================================================================================
	Q1:
		Shape: Ellipse
		q_c:	151.0	75.5	89.0
		ub :	156.2203	81.8086	94.7011
		lb :	145.7797	69.1914	83.2989
		P^-1:
			0.1952	-0.0846	-0.0336
			-0.0846	0.0802	0.027
			-0.0336	0.027	0.0702
	==================================================================================
	Q2:
		Shape: Hybrid
		q_c:	154.0	75.0	92.0
		ub :	159.4772	81.9247	98.7063
		lb :	148.5228	68.0753	85.2937
		P^-1:
			0.077	-0.008	-0.0031
			-0.008	0.0594	0.0084
			-0.0031	0.0084	0.0571
		A:
			0.5528	-0.3299	0.7652
			-0.2809	-0.8613	0.4234
			-0.4442	-0.8834	-0.1495
			0.7235	0.6767	-0.1364
			0.7801	-0.5187	0.3499
			0.9359	0.3301	-0.1232
		b:
			133.2142
			-66.2095
			-146.0029
			152.0255
			115.4924
			159.6473
	==================================================================================
	Q3:
		Shape: Polyhedra
		q_c:	149.5	80.5	92.0
		ub :	155.2804	86.0469	96.6581
		lb :	143.7196	74.9531	87.3419
		A:
			-0.3422	-0.8045	0.4855
			0.1022	-0.9899	-0.0978
			0.5709	-0.4614	0.6791
			-0.5918	0.0972	-0.8002
			0.09	0.5838	-0.8069
			-0.1046	-0.4191	-0.9019
			0.6379	0.7435	0.2006
			0.7502	-0.5412	-0.3798
			-0.1738	0.3928	-0.9031
			-0.6379	-0.7435	-0.2006
			-0.7502	0.5412	0.3798
			0.1738	-0.3928	0.9031
		b:
			-68.7442
			-69.6456
			113.7789
			-151.6338
			-11.2726
			-129.0652
			176.1796
			38.647
			-74.9452
			-171.1796
			-28.647
			79.9452
	==================================================================================
	Q4:
		Shape: Hybrid
		q_c:	151.5	72.5	93.0
		ub :	158.5739	77.6143	100.3647
		lb :	144.4261	67.3857	85.6353
		P^-1:
			0.0992	-0.0846	-0.0441
			-0.0846	0.1697	0.0507
			-0.0441	0.0507	0.0635
		A:
			-0.6469	0.1141	0.754
			0.4664	0.7986	-0.3805
			0.0345	-0.9754	-0.2179
			0.3132	-0.9468	0.0735
			-0.6931	0.6799	0.2396
			-0.8052	0.5713	0.1589
		b:
			-17.0416
			96.5794
			-83.7031
			-12.5498
			-32.1758
			-64.0639
	==================================================================================
	Q5:
		Shape: Ellipse
		q_c:	146.0	76.5	75.5
		ub :	150.4265	82.1256	79.7897
		lb :	141.5735	70.8744	71.2103
		P^-1:
			0.1685	-0.0114	-0.0711
			-0.0114	0.0447	-0.0136
			-0.0711	-0.0136	0.188
	==================================================================================
	Q6:
		Shape: Ellipse
		q_c:	139.5	77.0	80.0
		ub :	143.0132	80.2746	85.1436
		lb :	135.9868	73.7254	74.8564
		P^-1:
			0.4114	-0.1919	0.2828
			-0.1919	2.9648	-1.7019
			0.2828	-1.7019	1.1013


===========================================================================================
===========================================================================================
S11:
	q_c:	16.0	390.5	278.5
	ub :	35.1265	405.5721	299.7336
	lb :	-3.4861	367.3796	265.836

	==================================================================================
	Q1:
		Shape: Polyhedra
		q_c:	28.0	388.5	291.0
		ub :	35.1265	398.248	299.7336
		lb :	20.8735	378.752	282.2664
		A:
			-0.6166	0.7766	0.1291
			0.3763	-0.8783	0.2949
			0.6372	-0.2887	0.7146
			0.489	-0.7344	-0.4707
			0.5882	-0.8044	0.0835
			0.1751	0.2339	0.9564
			0.2886	0.7502	0.5949
			0.9221	-0.3851	0.0383
			0.2579	0.5375	-0.8029
			-0.2886	-0.7502	-0.5949
			-0.9221	0.3851	-0.0383
			-0.2579	-0.5375	0.8029
		b:
			326.9078
			-239.7586
			118.6725
			-402.9349
			-267.0142
			380.5356
			479.6556
			-108.6249
			-12.095
			-465.6556
			116.6249
			23.095
	==================================================================================
	Q2:
		Shape: Ellipse
		q_c:	12.5	385.0	272.5
		ub :	19.6088	392.3773	279.164
		lb :	5.3912	377.6227	265.836
		P^-1:
			0.0661	0.0175	-0.0097
			0.0175	0.0619	0.011
			-0.0097	0.011	0.0492
	==================================================================================
	Q3:
		Shape: Polyhedra
		q_c:	15.0	398.0	287.5
		ub :	23.7443	405.5721	295.276
		lb :	6.2557	390.4279	279.724
		A:
			-0.5726	-0.2213	-0.7894
			0.7497	-0.1916	0.6334
			0.5162	0.6628	0.5424
			0.9578	-0.2865	0.0248
			-0.1134	-0.9926	0.0441
			0.4107	0.5391	0.7353
			0.6472	0.242	0.7229
			-0.6997	0.565	0.4373
			-0.3026	-0.7888	0.535
			-0.6472	-0.242	-0.7229
			0.6997	-0.565	-0.4373
			0.3026	0.7888	-0.535
		b:
			-319.6108
			121.6363
			431.6664
			-85.9554
			-379.6344
			436.6398
			317.8656
			347.5946
			-161.649
			-309.8656
			-332.5946
			167.649
	==================================================================================
	Q4:
		Shape: Hybrid
		q_c:	7.0	389.0	282.0
		ub :	12.3281	393.0735	287.5348
		lb :	1.6719	384.9265	276.4652
		P^-1:
			0.1879	-0.0032	0.1354
			-0.0032	0.3288	-0.1352
			0.1354	-0.1352	0.2108
		A:
			-0.1089	0.9778	-0.1791
			0.7296	-0.3267	0.6008
			-0.7776	-0.619	0.1109
			-0.7734	0.0205	-0.6336
			-0.7143	0.1955	-0.672
			-0.0808	-0.886	0.4565
		b:
			330.4466
			48.4794
			-212.9799
			-175.0325
			-117.4832
			-215.5551
	==================================================================================
	Q5:
		Shape: Polyhedra
		q_c:	9.5	378.5	278.5
		ub :	22.4861	389.6204	290.6316
		lb :	-3.4861	367.3796	266.3684
		A:
			0.3774	-0.5283	0.7606
			0.4428	0.8057	-0.3935
			-0.9373	-0.2799	0.2077
			-0.4119	-0.8866	0.2104
			0.6776	-0.7188	-0.1552
			-0.9623	-0.1659	-0.2153
			0.6035	0.494	0.6259
			-0.4869	0.8499	-0.2014
			-0.6315	-0.1832	0.7534
			-0.6035	-0.494	-0.6259
			0.4869	-0.8499	0.2014
			0.6315	0.1832	-0.7534
		b:
			22.7394
			207.1812
			-49.1927
			-273.4034
			-301.6793
			-124.3615
			374.5347
			267.9902
			142.4782
			-359.5347
			-253.9902
			-126.4782
	==================================================================================
	Q6:
		Shape: Polyhedra
		q_c:	22.0	387.5	280.5
		ub :	29.4741	393.8092	287.6836
		lb :	14.5259	381.1908	273.3164
		A:
			0.9512	-0.2898	0.1063
			0.2102	0.9043	-0.3715
			0.6143	-0.261	0.7447
			0.7605	-0.4354	0.4817
			0.8609	0.3881	-0.3289
			0.6162	0.0911	0.7823
			0.5955	0.6347	0.4924
			-0.4798	0.7726	-0.4157
			-0.6443	0.0112	0.7647
			-0.5955	-0.6347	-0.4924
			0.4798	-0.7726	0.4157
			0.6443	-0.0112	-0.7647
		b:
			-57.3726
			255.1473
			125.6199
			-12.6916
			81.4289
			272.9792
			402.19
			176.2508
			208.6712
			-392.19
			-168.2508
			-200.6712


===========================================================================================
===========================================================================================
