3D_50_6_6_c                l = 3

===========================================================================================
===========================================================================================
S1:
	q_c:	453.5	50.5	316.5
	ub :	480.7396	72.2742	347.2687
	lb :	440.002	18.4232	291.6903

	==================================================================================
	Q1:
		Shape: Ellipse
		q_c:	461.5	62.5	338.5
		ub :	471.9108	72.2742	347.2687
		lb :	451.0892	52.7258	329.7313
		P^-1:
			0.0178	-0.0017	0.0067
			-0.0017	0.017	-0.0053
			0.0067	-0.0053	0.0365
	==================================================================================
	Q2:
		Shape: Ellipse
		q_c:	460.5	36.0	308.0
		ub :	473.2835	53.5768	324.3097
		lb :	447.7165	18.4232	291.6903
		P^-1:
			0.0134	-0.0015	-0.0003
			-0.0015	0.0078	0.0018
			-0.0003	0.0018	0.0091
	==================================================================================
	Q3:
		Shape: Ellipse
		q_c:	450.5	28.5	338.5
		ub :	458.922	37.0002	346.3537
		lb :	442.078	19.9998	330.6463
		P^-1:
			0.0374	0.0088	-0.0021
			0.0088	0.0412	-0.0132
			-0.0021	-0.0132	0.0517
	==================================================================================
	Q4:
		Shape: Hybrid
		q_c:	447.5	31.5	313.5
		ub :	454.998	43.0806	323.6183
		lb :	440.002	19.9194	303.3817
		P^-1:
			0.0769	-0.019	-0.0398
			-0.019	0.0168	0.0158
			-0.0398	0.0158	0.0478
		A:
			-0.4547	0.0747	0.8875
			-0.4226	0.7447	0.5165
			0.6279	-0.7761	0.0585
			0.3638	-0.4787	-0.7991
			-0.7102	0.0374	0.703
			-0.408	0.9107	0.0646
		b:
			80.2182
			0.7673
			280.8801
			-99.6802
			-93.8687
			-126.8753
	==================================================================================
	Q5:
		Shape: Polyhedra
		q_c:	473.5	61.0	318.0
		ub :	480.7396	68.723	324.722
		lb :	466.2604	53.277	311.278
		A:
			-0.8279	-0.1229	0.5472
			-0.217	-0.2156	0.9521
			0.7224	0.1607	-0.6726
			-0.6938	-0.3572	0.6253
			-0.3574	-0.7238	0.5903
			-0.626	-0.5016	0.5971
			0.5775	0.1648	0.7996
			-0.3184	0.9473	0.0347
			-0.7517	-0.2746	0.5996
			-0.5775	-0.1648	-0.7996
			0.3184	-0.9473	-0.0347
			0.7517	0.2746	-0.5996
		b:
			-223.6438
			191.2903
			139.7294
			-149.7973
			-21.752
			-134.9427
			544.7718
			-75.4155
			-180.54
			-530.7718
			88.4155
			183.54
	==================================================================================
	Q6:
		Shape: Ellipse
		q_c:	451.5	38.0	312.5
		ub :	461.3709	47.3796	318.8051
		lb :	441.6291	28.6204	306.1949
		P^-1:
			0.0258	0.0239	-0.0287
			0.0239	0.1291	-0.1838
			-0.0287	-0.1838	0.3329


===========================================================================================
===========================================================================================
S2:
	q_c:	226.5	155.0	14.5
	ub :	246.6854	179.9322	39.4519
	lb :	210.5653	135.6451	-5.334

	==================================================================================
	Q1:
		Shape: Ellipse
		q_c:	221.5	168.0	30.0
		ub :	229.914	175.6395	36.9255
		lb :	213.086	160.3605	23.0745
		P^-1:
			0.0438	0.022	-0.0371
			0.022	0.058	-0.051
			-0.0371	-0.051	0.1138
	==================================================================================
	Q2:
		Shape: Polyhedra
		q_c:	232.5	156.0	29.5
		ub :	242.4136	167.269	39.4519
		lb :	222.5864	144.731	19.5481
		A:
			-0.9375	-0.3315	0.1061
			0.2288	0.7546	0.615
			0.9527	0.3021	0.0339
			-0.601	-0.7985	0.0355
			0.7761	0.6275	-0.0621
			0.7002	0.5784	-0.4186
			0.0929	0.4269	0.8995
			-0.7451	0.629	-0.2216
			-0.6604	-0.6497	0.3766
			-0.0929	-0.4269	-0.8995
			0.7451	-0.629	0.2216
			0.6604	0.6497	-0.3766
		b:
			-260.7271
			195.7923
			275.7363
			-257.9179
			281.8036
			245.69
			121.7392
			-73.6524
			-238.7833
			-107.7392
			89.6524
			248.7833
	==================================================================================
	Q3:
		Shape: Hybrid
		q_c:	219.5	144.0	4.0
		ub :	228.4347	152.3549	13.334
		lb :	210.5653	135.6451	-5.334
		P^-1:
			0.0569	-0.0442	0.0237
			-0.0442	0.0825	-0.059
			0.0237	-0.059	0.0729
		A:
			0.5428	-0.4304	0.7212
			-0.6788	0.2516	0.6898
			0.4723	-0.5328	0.7022
			0.4413	-0.6862	0.5783
			0.0559	0.5089	-0.859
			0.5498	-0.8327	0.0661
		b:
			62.4604
			-105.9049
			31.5263
			1.6068
			84.381
			3.9731
	==================================================================================
	Q4:
		Shape: Ellipse
		q_c:	224.0	171.5	24.5
		ub :	233.7697	179.9322	34.028
		lb :	214.2303	163.0678	14.972
		P^-1:
			0.0188	-0.0029	0.0062
			-0.0029	0.0427	0.0092
			0.0062	0.0092	0.0366
	==================================================================================
	Q5:
		Shape: Hybrid
		q_c:	227.0	154.5	23.5
		ub :	236.9552	164.548	28.3164
		lb :	217.0448	144.452	18.6836
		P^-1:
			0.0256	0.0099	-0.0067
			0.0099	0.0256	-0.0084
			-0.0067	-0.0084	0.0791
		A:
			-0.0928	-0.9634	0.2516
			0.0736	-0.2954	-0.9525
			0.9794	0.0993	0.1756
			-0.0284	0.379	-0.925
			-0.0763	0.4691	0.8798
			-0.8236	-0.2073	-0.528
		b:
			-159.4198
			-48.7402
			246.5969
			32.6235
			79.0513
			-227.3239
	==================================================================================
	Q6:
		Shape: Hybrid
		q_c:	238.0	158.5	13.5
		ub :	246.6854	164.9308	22.0921
		lb :	229.3146	152.0692	4.9079
		P^-1:
			0.0385	-0.0285	-0.0128
			-0.0285	0.0921	0.0187
			-0.0128	0.0187	0.0373
		A:
			-0.3322	0.161	-0.9294
			-0.2606	0.4561	0.8509
			0.5843	-0.2227	0.7804
			-0.1872	0.9169	-0.3524
			-0.5796	0.6761	0.455
			-0.7017	0.677	-0.2222
		b:
			-61.5666
			24.6641
			118.9384
			98.7343
			-22.7885
			-59.6932


===========================================================================================
===========================================================================================
S3:
	q_c:	149.0	167.5	107.0
	ub :	168.0019	200.4308	136.4883
	lb :	121.8827	138.1149	91.7196

	==================================================================================
	Q1:
		Shape: Polyhedra
		q_c:	136.0	177.0	106.0
		ub :	144.558	190.4219	120.2804
		lb :	127.442	163.5781	91.7196
		A:
			-0.9676	-0.1833	-0.1735
			-0.4007	-0.9161	-0.016
			0.7988	0.2078	-0.5646
			0.7793	0.269	-0.566
			0.5859	0.7854	0.1996
			0.3335	0.1533	-0.9302
			0.1585	0.7671	0.6216
			-0.9484	-0.0569	0.3121
			0.2747	-0.639	0.7185
			-0.1585	-0.7671	-0.6216
			0.9484	0.0569	-0.3121
			-0.2747	0.639	-0.7185
		b:
			-176.535
			-210.0672
			91.1098
			99.4059
			247.1744
			-17.5483
			231.2293
			-101.4694
			11.416
			-215.2293
			110.4694
			10.584
	==================================================================================
	Q2:
		Shape: Polyhedra
		q_c:	133.0	188.0	119.5
		ub :	144.1173	200.4308	127.4223
		lb :	121.8827	175.5692	111.5777
		A:
			-0.6438	0.0356	0.7644
			0.7425	0.0777	0.6653
			-0.9933	-0.1137	-0.0182
			0.4577	0.5603	-0.6903
			-0.1709	-0.761	0.6258
			0.1599	-0.0401	-0.9863
			0.8616	0.4979	0.0985
			0.5057	-0.8587	-0.0828
			0.0434	0.1212	-0.9917
			-0.8616	-0.4979	-0.0985
			-0.5057	0.8587	0.0828
			-0.0434	-0.1212	0.9917
		b:
			19.6271
			199.8718
			-148.1991
			90.5366
			-83.5063
			-97.5001
			226.9723
			-94.5845
			-83.4547
			-212.9723
			113.5845
			96.4547
	==================================================================================
	Q3:
		Shape: Polyhedra
		q_c:	155.0	148.5	124.5
		ub :	163.9985	158.8851	136.4883
		lb :	146.0015	138.1149	112.5117
		A:
			0.1605	0.9283	-0.3353
			-0.2706	-0.8078	0.5236
			-0.993	0.0842	-0.0824
			0.9658	0.2559	-0.0429
			0.7182	-0.3693	0.5897
			0.2759	0.9146	-0.2958
			0.8662	0.2985	0.4008
			-0.4997	0.504	0.7045
			0.0083	-0.8105	0.5857
			-0.8662	-0.2985	-0.4008
			0.4997	-0.504	-0.7045
			-0.0083	0.8105	-0.5857
		b:
			125.704
			-92.1433
			-145.3277
			187.9861
			134.323
			146.3207
			232.4847
			96.1016
			-41.6518
			-224.4847
			-74.1016
			50.6518
	==================================================================================
	Q4:
		Shape: Polyhedra
		q_c:	160.0	162.5	106.0
		ub :	168.0019	172.006	115.6432
		lb :	151.9981	152.994	96.3568
		A:
			0.4933	0.8518	-0.1763
			0.6245	-0.7731	0.111
			-0.245	-0.2536	0.9358
			0.9719	0.2271	0.0617
			-0.2628	-0.9156	0.3042
			-0.8395	0.4066	0.3603
			0.3174	0.6683	0.6728
			-0.9481	0.2099	0.2387
			0.0183	-0.7137	0.7003
			-0.3174	-0.6683	-0.6728
			0.9481	-0.2099	-0.2387
			-0.0183	0.7137	-0.7003
		b:
			204.585
			-8.2567
			24.288
			205.2028
			-153.0259
			-23.9866
			237.6951
			-86.2805
			-33.8114
			-223.6951
			98.2805
			43.8114
	==================================================================================
	Q5:
		Shape: Ellipse
		q_c:	140.5	151.0	100.5
		ub :	147.3367	158.2162	106.6844
		lb :	133.6633	143.7838	94.3156
		P^-1:
			0.0696	-0.0144	-0.0152
			-0.0144	0.0643	-0.0183
			-0.0152	-0.0183	0.0624
	==================================================================================
	Q6:
		Shape: Polyhedra
		q_c:	144.0	155.0	110.5
		ub :	153.3883	165.7634	120.0026
		lb :	134.6117	144.2366	100.9974
		A:
			-0.8374	0.3826	0.3903
			-0.6088	0.6579	-0.4433
			-0.6812	-0.6299	0.3731
			-0.4523	0.3875	-0.8033
			-0.6563	0.7542	0.0234
			-0.4768	0.8733	0.1001
			0.0126	0.4497	0.8931
			-0.6915	0.6491	-0.3171
			-0.7223	-0.6136	0.3192
			-0.0126	-0.4497	-0.8931
			0.6915	-0.6491	0.3171
			0.7223	0.6136	-0.3192
		b:
			-11.862
			-31.8815
			-144.0212
			-89.5754
			28.136
			81.7174
			176.2114
			-31.5092
			-153.3374
			-164.2114
			36.5092
			174.3374


===========================================================================================
===========================================================================================
S4:
	q_c:	209.0	46.5	150.0
	ub :	216.6346	53.5341	157.6346
	lb :	201.7189	44.4011	145.895

	==================================================================================
	Q1:
		Shape: Polyhedra
		q_c:	204.5	49.5	150.0
		ub :	207.2811	51.9955	152.899
		lb :	201.7189	47.0045	147.101
		A:
			0.8788	0.1684	0.4465
			0.3934	-0.7469	-0.536
			-0.1389	0.9833	0.1175
			-0.7378	-0.673	-0.0524
			0.2777	-0.4769	-0.8339
			0.7222	-0.3415	0.6015
			0.4945	0.3788	0.7823
			-0.1666	0.9247	-0.3424
			-0.853	0.039	0.5204
			-0.4945	-0.3788	-0.7823
			0.1666	-0.9247	0.3424
			0.853	-0.039	-0.5204
		b:
			256.6798
			-35.0383
			39.8228
			-190.251
			-90.1283
			222.7804
			238.7238
			-37.6577
			-92.4596
			-235.7238
			41.6577
			96.4596
	==================================================================================
	Q2:
		Shape: Hybrid
		q_c:	213.5	50.5	151.5
		ub :	216.1992	53.1793	154.2085
		lb :	210.8008	47.8207	148.7915
		P^-1:
			0.4173	0.0313	-0.0597
			0.0313	0.4084	0.0688
			-0.0597	0.0688	0.3132
		A:
			-0.5327	-0.4643	0.7076
			0.2749	0.5093	0.8155
			-0.9975	0.0357	-0.0607
			-0.9884	-0.035	0.1479
			0.2287	0.1917	-0.9544
			-0.9385	0.0742	-0.3373
		b:
			-29.0496
			208.8712
			-219.5002
			-189.6032
			-85.0196
			-246.7296
	==================================================================================
	Q3:
		Shape: Hybrid
		q_c:	208.5	48.0	147.5
		ub :	210.5525	49.8637	149.105
		lb :	206.4475	46.1363	145.895
		P^-1:
			0.9908	0.6217	1.1214
			0.6217	1.1519	1.2761
			1.1214	1.2761	2.7461
		A:
			0.1618	-0.2842	-0.945
			-0.6119	-0.7665	-0.195
			-0.5644	-0.4278	-0.706
			0.1206	0.8539	0.5062
			0.146	-0.4614	-0.8751
			-0.3264	-0.9354	-0.1357
		b:
			-118.6061
			-192.31
			-242.0218
			141.4838
			-120.1482
			-132.0392
	==================================================================================
	Q4:
		Shape: Polyhedra
		q_c:	212.5	50.5	149.5
		ub :	215.4059	53.5341	152.4492
		lb :	209.5941	47.4659	146.5508
		A:
			0.2246	0.9427	0.2468
			-0.3691	-0.9205	0.1286
			0.1465	-0.9193	-0.3652
			-0.5182	-0.4832	0.7057
			0.4725	-0.7891	-0.3925
			0.0938	0.1766	0.9798
			0.3283	0.6911	0.6439
			0.0265	0.6747	-0.7376
			-0.9442	0.2592	0.2032
			-0.3283	-0.6911	-0.6439
			-0.0265	-0.6747	0.7376
			0.9442	-0.2592	-0.2032
		b:
			133.8534
			-103.8794
			-68.0907
			-26.8842
			3.9883
			177.0654
			202.4339
			-68.5733
			-154.6679
			-199.4339
			72.5733
			159.6679
	==================================================================================
	Q5:
		Shape: Ellipse
		q_c:	209.5	49.5	151.5
		ub :	211.7315	52.8713	154.9324
		lb :	207.2685	46.1287	148.0676
		P^-1:
			0.4228	0.0458	0.0595
			0.0458	0.2118	-0.0347
			0.0595	-0.0347	0.2199
	==================================================================================
	Q6:
		Shape: Polyhedra
		q_c:	213.5	47.5	154.5
		ub :	216.6346	50.5989	157.6346
		lb :	210.3654	44.4011	151.3654
		A:
			0.2379	0.4891	0.8391
			0.9948	0.0807	0.0619
			0.8426	-0.4273	0.3277
			0.1017	0.9836	-0.1488
			0.5441	-0.1375	0.8277
			-0.692	-0.6285	-0.3551
			0.7854	0.3385	0.5183
			0.4587	-0.8804	-0.1202
			0.4156	0.3322	-0.8467
			-0.7854	-0.3385	-0.5183
			-0.4587	0.8804	0.1202
			-0.4156	-0.3322	0.8467
		b:
			205.5123
			227.553
			212.0274
			47.5284
			239.3675
			-230.8638
			265.3318
			39.5502
			-23.7972
			-262.3318
			-35.5502
			28.7972


===========================================================================================
===========================================================================================
S5:
	q_c:	254.0	438.0	254.5
	ub :	267.9272	451.3321	269.9959
	lb :	236.8725	424.6817	244.4864

	==================================================================================
	Q1:
		Shape: Ellipse
		q_c:	246.5	443.0	266.0
		ub :	252.2221	450.506	269.9959
		lb :	240.7779	435.494	262.0041
		P^-1:
			0.1007	-0.0329	0.0062
			-0.0329	0.0399	-0.0194
			0.0062	-0.0194	0.1542
	==================================================================================
	Q2:
		Shape: Hybrid
		q_c:	249.0	445.0	251.0
		ub :	255.2219	448.9705	257.5136
		lb :	242.7781	441.0295	244.4864
		P^-1:
			0.1152	0.0628	0.0554
			0.0628	0.2055	0.0227
			0.0554	0.0227	0.0736
		A:
			0.1737	0.9464	0.2723
			0.0479	-0.6301	0.7751
			-0.4202	-0.8536	-0.3079
			-0.1244	0.9176	0.3775
			0.7184	0.6779	0.156
			0.5545	0.2146	0.804
		b:
			534.1086
			-71.1868
			-560.7175
			474.412
			521.0785
			437.3394
	==================================================================================
	Q3:
		Shape: Ellipse
		q_c:	243.0	437.0	261.0
		ub :	249.1275	444.6377	267.6855
		lb :	236.8725	429.3623	254.3145
		P^-1:
			0.0839	0.0403	0.004
			0.0403	0.0507	0.0023
			0.004	0.0023	0.028
	==================================================================================
	Q4:
		Shape: Ellipse
		q_c:	260.0	445.5	255.5
		ub :	265.9786	451.3321	259.9357
		lb :	254.0214	439.6679	251.0643
		P^-1:
			0.0758	-0.0057	0.0136
			-0.0057	0.0762	0.0115
			0.0136	0.0115	0.1033
	==================================================================================
	Q5:
		Shape: Polyhedra
		q_c:	253.5	434.0	263.5
		ub :	258.4444	439.9537	269.371
		lb :	248.5556	428.0463	257.629
		A:
			0.6829	-0.67	-0.2911
			-0.7132	-0.1413	0.6865
			0.6056	0.6043	-0.5177
			-0.5075	0.6837	0.5244
			-0.9865	-0.0591	-0.1527
			-0.8002	0.4136	0.4343
			0.3719	0.921	0.116
			0.8773	-0.3079	-0.368
			-0.3032	0.2387	-0.9225
			-0.3719	-0.921	-0.116
			-0.8773	0.3079	0.368
			0.3032	-0.2387	0.9225
		b:
			-191.7688
			-58.0925
			283.4679
			309.1738
			-312.6556
			93.1701
			529.0629
			-6.198
			-211.3725
			-520.0629
			10.198
			221.3725
	==================================================================================
	Q6:
		Shape: Ellipse
		q_c:	261.5	432.0	262.0
		ub :	267.9272	439.3183	268.8684
		lb :	255.0728	424.6817	255.1316
		P^-1:
			0.0494	0.0004	-0.0007
			0.0004	0.0536	-0.0061
			-0.0007	-0.0061	0.0583


===========================================================================================
===========================================================================================
S6:
	q_c:	223.5	252.0	163.0
	ub :	231.217	261.5385	171.0464
	lb :	216.9108	243.0952	156.3565

	==================================================================================
	Q1:
		Shape: Polyhedra
		q_c:	222.0	258.5	167.5
		ub :	225.6643	261.5385	171.0464
		lb :	218.3357	255.4615	163.9536
		A:
			0.398	-0.8724	-0.2838
			-0.4447	-0.8931	0.0686
			0.5042	-0.6308	0.5898
			-0.86	0.5033	-0.0846
			-0.5337	-0.187	-0.8248
			0.6175	0.7269	0.3005
			0.2755	0.8631	0.4232
			0.4521	0.2722	-0.8494
			-0.8484	0.4253	-0.3152
			-0.2755	-0.8631	-0.4232
			-0.4521	-0.2722	0.8494
			0.8484	-0.4253	0.3152
		b:
			-182.7066
			-316.2819
			50.1288
			-72.5088
			-302.8358
			377.0065
			356.6656
			30.9321
			-128.6928
			-353.6656
			-25.9321
			133.6928
	==================================================================================
	Q2:
		Shape: Hybrid
		q_c:	221.5	257.5	161.5
		ub :	224.8615	259.6295	165.154
		lb :	218.1385	255.3705	157.846
		P^-1:
			0.3491	-0.0028	-0.1506
			-0.0028	0.4444	-0.0044
			-0.1506	-0.0044	0.2066
		A:
			-0.4014	-0.1402	-0.9051
			0.3926	-0.8764	0.2788
			0.3972	-0.8036	0.4432
			0.5061	0.6143	-0.6054
			-0.6639	-0.0973	0.7415
			0.8548	-0.4482	0.2615
		b:
			-268.9886
			-92.5727
			-46.0087
			173.3931
			-51.4638
			117.7079
	==================================================================================
	Q3:
		Shape: Hybrid
		q_c:	223.0	248.5	161.0
		ub :	227.4144	252.6594	165.6435
		lb :	218.5856	244.3406	156.3565
		P^-1:
			0.1452	0.0188	0.0202
			0.0188	0.119	0.0019
			0.0202	0.0019	0.0886
		A:
			-0.0744	0.6371	-0.7672
			0.1385	0.9495	-0.2816
			-0.6838	0.4881	-0.5423
			-0.3002	0.7901	0.5345
			-0.8572	0.0812	-0.5086
			-0.6267	0.569	0.5324
		b:
			20.1655
			223.1631
			-116.872
			217.4263
			-251.4213
			89.4026
	==================================================================================
	Q4:
		Shape: Hybrid
		q_c:	221.0	250.0	164.0
		ub :	224.9421	253.7028	167.1314
		lb :	217.0579	246.2972	160.8686
		P^-1:
			0.1866	-0.0987	0.1655
			-0.0987	0.4431	-0.4007
			0.1655	-0.4007	0.6414
		A:
			-0.4605	0.363	-0.81
			0.1587	-0.506	0.8478
			-0.843	-0.4705	-0.2609
			-0.2604	0.6544	-0.7099
			0.4533	-0.8903	0.0435
			-0.6498	0.454	-0.6097
		b:
			-143.1336
			48.1672
			-344.71
			-9.8361
			-113.4527
			-129.0774
	==================================================================================
	Q5:
		Shape: Polyhedra
		q_c:	227.0	248.0	165.5
		ub :	231.217	251.6703	169.7519
		lb :	222.783	244.3297	161.2481
		A:
			-0.2102	0.7903	0.5755
			-0.1257	-0.9556	-0.2664
			-0.051	-0.103	0.9934
			-0.1951	0.5141	0.8352
			-0.5392	-0.7199	0.437
			-0.7644	0.2284	-0.6029
			0.3071	0.9455	0.1083
			0.7862	-0.1879	-0.5887
			-0.5362	0.2659	-0.8011
			-0.3071	-0.9455	-0.1083
			-0.7862	0.1879	0.5887
			0.5362	-0.2659	0.8011
		b:
			245.8421
			-307.153
			130.3245
			223.9089
			-226.1638
			-213.2529
			324.6171
			36.4476
			-184.854
			-319.6171
			-32.4476
			191.854
	==================================================================================
	Q6:
		Shape: Hybrid
		q_c:	223.0	249.0	163.0
		ub :	229.0892	254.9048	168.098
		lb :	216.9108	243.0952	157.902
		P^-1:
			0.0802	0.0185	-0.0074
			0.0185	0.0827	-0.0127
			-0.0074	-0.0127	0.0923
		A:
			-0.0849	-0.399	0.913
			-0.3518	-0.2003	0.9144
			0.6923	0.7176	-0.0759
			0.7003	0.6864	0.196
			0.2934	0.8958	0.3338
			-0.1432	0.9014	-0.4086
		b:
			32.1852
			22.361
			322.3488
			360.8323
			344.916
			127.949


===========================================================================================
===========================================================================================
