3D_50_6_6_b                l = 3

===========================================================================================
===========================================================================================
S1:
	q_c:	62.0	259.0	175.0
	ub :	68.3966	274.8283	191.7111
	lb :	46.9896	242.2098	157.1427

	==================================================================================
	Q1:
		Shape: Hybrid
		q_c:	55.0	267.0	173.5
		ub :	63.0104	274.8283	178.5787
		lb :	46.9896	259.1717	168.4213
		P^-1:
			0.0406	0.0173	0.0174
			0.0173	0.0513	0.0198
			0.0174	0.0198	0.0964
		A:
			0.3275	-0.4436	0.8342
			0.2842	0.8273	-0.4845
			-0.2671	0.2775	0.9228
			-0.4739	0.8775	-0.0741
			0.1689	-0.2025	-0.9646
			-0.5103	0.7526	-0.4162
		b:
			47.1847
			155.5491
			221.9193
			199.5513
			-210.0036
			104.6941
	==================================================================================
	Q2:
		Shape: Ellipse
		q_c:	61.0	251.5	174.0
		ub :	68.3966	257.6527	178.288
		lb :	53.6034	245.3473	169.712
		P^-1:
			0.0442	-0.0224	-0.0143
			-0.0224	0.0684	-0.0064
			-0.0143	-0.0064	0.108
	==================================================================================
	Q3:
		Shape: Ellipse
		q_c:	58.5	264.0	177.5
		ub :	64.9828	271.0167	184.0064
		lb :	52.0172	256.9833	170.9936
		P^-1:
			0.1026	0.0153	0.0563
			0.0153	0.0471	0.0083
			0.0563	0.0083	0.0997
	==================================================================================
	Q4:
		Shape: Polyhedra
		q_c:	57.5	249.5	185.0
		ub :	64.2462	256.7902	191.7111
		lb :	50.7538	242.2098	178.2889
		A:
			0.9003	0.4148	-0.1319
			0.8395	0.2604	0.4768
			-0.2004	0.4162	0.8869
			-0.4085	0.4795	-0.7767
			-0.6859	-0.4384	-0.5808
			0.7591	0.5809	-0.2938
			0.6834	0.6695	0.291
			-0.1404	-0.2706	0.9524
			0.7164	-0.6918	-0.0909
			-0.6834	-0.6695	-0.291
			0.1404	0.2706	-0.9524
			-0.7164	0.6918	0.0909
		b:
			134.9226
			205.3752
			261.506
			-42.2487
			-252.4536
			138.4679
			263.6711
			106.1177
			-143.2181
			-256.6711
			-95.1177
			153.2181
	==================================================================================
	Q5:
		Shape: Hybrid
		q_c:	57.5	264.5	163.5
		ub :	62.764	271.1209	169.8573
		lb :	52.236	257.8791	157.1427
		P^-1:
			0.0812	-0.0024	-0.0029
			-0.0024	0.0687	-0.0156
			-0.0029	-0.0156	0.0628
		A:
			0.6812	-0.7034	0.2029
			-0.5944	-0.7843	-0.1777
			-0.4645	-0.4871	0.7396
			-0.5272	0.1352	0.8389
			0.6653	-0.5752	-0.476
			-0.1621	-0.1063	0.981
		b:
			-111.9002
			-268.4036
			-32.8173
			144.8316
			-189.5155
			125.193
	==================================================================================
	Q6:
		Shape: Hybrid
		q_c:	63.5	254.0	177.0
		ub :	66.981	258.4731	181.5678
		lb :	60.019	249.5269	172.4322
		P^-1:
			0.1466	0.074	0.0716
			0.074	0.2342	0.1731
			0.0716	0.1731	0.2372
		A:
			0.4209	-0.8628	-0.2801
			0.7914	0.477	0.3824
			0.6086	0.5496	0.5723
			0.4675	0.7301	0.4983
			0.6153	-0.7403	0.2709
			0.7634	0.5995	-0.2405
		b:
			-239.9727
			240.4231
			280.5056
			304.2657
			-98.1867
			160.5355


===========================================================================================
===========================================================================================
S2:
	q_c:	41.0	333.5	235.5
	ub :	60.5785	357.9199	256.7572
	lb :	27.5159	321.9936	212.6499

	==================================================================================
	Q1:
		Shape: Polyhedra
		q_c:	44.5	331.0	244.0
		ub :	51.5579	334.8048	251.4465
		lb :	37.4421	327.1952	236.5535
		A:
			-0.2723	0.295	-0.9159
			-0.4444	0.589	-0.6749
			-0.2718	-0.9157	0.2961
			-0.8	-0.4471	-0.4002
			-0.5365	-0.8439	0.0023
			0.3088	-0.9276	-0.2104
			0.7856	0.2195	0.5785
			-0.5733	-0.0936	0.814
			0.2329	-0.9711	0.0523
			-0.7856	-0.2195	-0.5785
			0.5733	0.0936	-0.814
			-0.2329	0.9711	-0.0523
		b:
			-133.1997
			14.0888
			-239.0704
			-277.6586
			-298.9068
			-341.6597
			252.2765
			148.6085
			-295.8164
			-245.2765
			-135.6085
			300.8164
	==================================================================================
	Q2:
		Shape: Polyhedra
		q_c:	51.0	341.0	224.0
		ub :	60.5785	352.8009	235.3501
		lb :	41.4215	329.1991	212.6499
		A:
			0.2944	-0.8507	-0.4354
			-0.831	0.0909	-0.5487
			0.0116	0.4522	0.8919
			0.2814	-0.274	-0.9196
			-0.7143	0.5994	0.3611
			0.2604	-0.8672	-0.4244
			0.6637	0.6047	0.4403
			0.7372	-0.4289	-0.5221
			-0.1269	0.6711	-0.7304
			-0.6637	-0.6047	-0.4403
			-0.7372	0.4289	0.5221
			0.1269	-0.6711	0.7304
		b:
			-366.7302
			-126.8539
			361.226
			-279.2517
			253.5843
			-371.4893
			346.6703
			-221.128
			66.2576
			-330.6703
			230.128
			-51.2576
	==================================================================================
	Q3:
		Shape: Hybrid
		q_c:	34.5	329.5	239.0
		ub :	41.4841	337.0064	245.4515
		lb :	27.5159	321.9936	232.5485
		P^-1:
			0.0793	0.0014	0.0645
			0.0014	0.0239	0.0029
			0.0645	0.0029	0.1083
		A:
			0.8479	0.497	0.1847
			-0.5575	0.0716	-0.8271
			-0.1658	-0.9141	0.3702
			0.793	-0.3457	0.5017
			-0.4712	0.7948	0.3825
			0.7661	-0.6183	0.1757
		b:
			240.8054
			-191.9776
			-213.2767
			35.8101
			342.0282
			-131.3577
	==================================================================================
	Q4:
		Shape: Polyhedra
		q_c:	39.0	350.5	241.5
		ub :	49.2558	357.9199	251.473
		lb :	28.7442	343.0801	231.527
		A:
			-0.7937	0.1253	-0.5952
			-0.7881	0.5566	0.2629
			-0.3371	-0.5114	-0.7905
			0.5091	-0.79	-0.3417
			0.8053	-0.4804	-0.3474
			-0.9482	0.3177	-0.0048
			0.7291	0.4201	0.5404
			0.3716	-0.906	0.203
			0.5748	0.0528	-0.8166
			-0.7291	-0.4201	-0.5404
			-0.3716	0.906	-0.203
			-0.5748	-0.0528	0.8166
		b:
			-125.0375
			233.7558
			-377.1211
			-333.8817
			-214.7169
			79.1437
			312.1646
			-249.0326
			-149.2823
			-300.1646
			259.0326
			163.2823
	==================================================================================
	Q5:
		Shape: Ellipse
		q_c:	46.0	341.0	247.5
		ub :	50.0981	350.2325	256.7572
		lb :	41.9019	331.7675	238.2428
		P^-1:
			0.1077	-0.0111	0.0087
			-0.0111	0.035	-0.0185
			0.0087	-0.0185	0.0334
	==================================================================================
	Q6:
		Shape: Polyhedra
		q_c:	50.5	345.0	225.0
		ub :	57.4299	351.8887	229.4019
		lb :	43.5701	338.1113	220.5981
		A:
			-0.3364	-0.3346	0.8803
			0.3222	0.1501	-0.9347
			0.72	0.2285	-0.6553
			-0.2551	-0.4419	0.86
			0.4292	-0.3211	0.8442
			0.0315	-0.2211	0.9747
			0.5707	0.6356	0.5199
			-0.7068	0.7025	-0.0831
			-0.418	-0.3201	0.8502
			-0.5707	-0.6356	-0.5199
			0.7068	-0.7025	0.0831
			0.418	0.3201	-0.8502
		b:
			68.1618
			-139.6845
			-29.3075
			30.8673
			104.8749
			147.585
			368.595
			193.4802
			62.2442
			-361.595
			-182.4802
			-57.2442


===========================================================================================
===========================================================================================
S3:
	q_c:	349.0	348.0	56.0
	ub :	382.433	375.5586	86.4284
	lb :	322.4112	321.3122	21.3311

	==================================================================================
	Q1:
		Shape: Ellipse
		q_c:	366.0	362.0	74.5
		ub :	379.6305	375.5586	86.4284
		lb :	352.3695	348.4414	62.5716
		P^-1:
			0.0127	-0.0005	0.0012
			-0.0005	0.013	-0.0017
			0.0012	-0.0017	0.0168
	==================================================================================
	Q2:
		Shape: Polyhedra
		q_c:	337.0	336.5	55.5
		ub :	351.5888	351.6878	68.3026
		lb :	322.4112	321.3122	42.6974
		A:
			0.6739	0.1993	-0.7115
			0.4505	-0.0105	-0.8927
			-0.4266	-0.7868	0.4461
			-0.6042	0.4403	0.6641
			0.1774	0.9358	-0.3046
			0.5304	0.2164	-0.8197
			0.2136	0.7146	0.6661
			0.4273	0.5449	-0.7215
			-0.8785	0.4387	-0.1889
			-0.2136	-0.7146	-0.6661
			-0.4273	-0.5449	0.7215
			0.8785	-0.4387	0.1889
		b:
			261.5088
			106.0509
			-377.4772
			-8.8924
			365.3744
			212.4135
			359.4012
			292.7979
			-147.4345
			-339.4012
			-281.7979
			170.4345
	==================================================================================
	Q3:
		Shape: Ellipse
		q_c:	364.0	348.0	47.0
		ub :	382.433	363.2646	64.5184
		lb :	345.567	332.7354	29.4816
		P^-1:
			0.0115	0.0066	0.0016
			0.0066	0.0133	0.0038
			0.0016	0.0038	0.009
	==================================================================================
	Q4:
		Shape: Polyhedra
		q_c:	358.0	358.0	41.5
		ub :	362.6324	369.6385	49.7228
		lb :	353.3676	346.3615	33.2772
		A:
			0.0659	-0.7181	0.6929
			-0.7258	-0.0302	0.6873
			0.9807	0.1956	0.0047
			0.9282	-0.3018	0.2175
			-0.832	0.219	-0.5097
			-0.5271	0.5423	-0.6543
			0.1541	0.9079	0.3899
			0.3948	0.3052	-0.8666
			-0.9058	0.2874	-0.3114
			-0.1541	-0.9079	-0.3899
			-0.3948	-0.3052	0.8666
			0.9058	-0.2874	0.3114
		b:
			-199.5001
			-238.2089
			425.5456
			234.8836
			-238.463
			-18.706
			407.3504
			218.6355
			-232.7824
			-385.3504
			-210.6355
			235.7824
	==================================================================================
	Q5:
		Shape: Ellipse
		q_c:	355.5	341.0	34.0
		ub :	368.3305	355.784	46.6689
		lb :	342.6695	326.216	21.3311
		P^-1:
			0.0125	0.0003	0.0003
			0.0003	0.013	0.0007
			0.0003	0.0007	0.0131
	==================================================================================
	Q6:
		Shape: Polyhedra
		q_c:	359.0	352.0	47.0
		ub :	367.8419	357.8278	53.5814
		lb :	350.1581	346.1722	40.4186
		A:
			0.0656	0.2338	-0.9701
			0.0523	-0.5712	0.8191
			-0.1435	-0.7516	-0.6439
			0.2046	-0.9395	-0.2749
			0.3691	0.907	0.2027
			-0.1237	-0.1859	-0.9748
			0.0363	0.7745	0.6315
			-0.2461	0.6194	-0.7455
			-0.9686	-0.1283	0.2131
			-0.0363	-0.7745	-0.6315
			0.2461	-0.6194	0.7455
			0.9686	0.1283	-0.2131
		b:
			64.6305
			-139.555
			-343.2466
			-266.7974
			465.7627
			-152.1678
			318.351
			98.6509
			-374.8694
			-312.351
			-90.6509
			390.8694


===========================================================================================
===========================================================================================
S4:
	q_c:	452.0	410.5	323.5
	ub :	467.7389	426.9406	339.4264
	lb :	438.644	401.3813	311.4712

	==================================================================================
	Q1:
		Shape: Hybrid
		q_c:	454.0	421.0	333.5
		ub :	460.1103	426.9406	339.4264
		lb :	447.8897	415.0594	327.5736
		P^-1:
			0.041	0.0084	-0.0069
			0.0084	0.1113	-0.0583
			-0.0069	-0.0583	0.0877
		A:
			0.3011	-0.8851	0.3548
			0.4255	0.8411	-0.3338
			0.6596	0.6883	-0.3019
			0.0666	-0.9899	0.1253
			0.4357	-0.8118	-0.3887
			-0.3415	0.4106	-0.8455
		b:
			-115.5746
			437.8898
			490.9735
			-342.5064
			-270.0678
			-261.8549
	==================================================================================
	Q2:
		Shape: Ellipse
		q_c:	455.5	415.5	320.0
		ub :	460.1082	419.1444	324.7175
		lb :	450.8918	411.8556	315.2825
		P^-1:
			0.0977	-0.0006	-0.0147
			-0.0006	0.0817	0.0006
			-0.0147	0.0006	0.095
	==================================================================================
	Q3:
		Shape: Polyhedra
		q_c:	445.0	414.5	318.5
		ub :	451.356	420.3485	323.6227
		lb :	438.644	408.6515	313.3773
		A:
			0.0538	0.8722	0.4861
			-0.0561	0.6046	0.7945
			-0.3797	0.5035	-0.7761
			-0.7541	0.0821	-0.6516
			0.0724	0.0784	0.9943
			0.67	-0.6961	-0.2578
			0.9432	0.0862	0.3208
			-0.0065	-0.9607	0.2774
			0.3321	-0.2637	-0.9056
			-0.9432	-0.0862	-0.3208
			0.0065	0.9607	-0.2774
			-0.3321	0.2637	0.9056
		b:
			544.4209
			481.657
			-202.5514
			-503.4101
			384.5198
			-68.1129
			563.644
			-307.7746
			-247.9655
			-551.644
			317.7746
			251.9655
	==================================================================================
	Q4:
		Shape: Hybrid
		q_c:	447.5	412.5	316.5
		ub :	452.6963	415.2712	321.5288
		lb :	442.3037	409.7288	311.4712
		P^-1:
			0.1005	0.0759	0.0566
			0.0759	0.3709	0.1155
			0.0566	0.1155	0.1467
		A:
			0.3682	-0.7504	0.5489
			-0.0505	0.908	0.4159
			0.9349	0.2456	0.2563
			0.1201	0.4385	-0.8907
			0.2352	-0.8483	-0.4745
			0.3578	0.5116	0.7812
		b:
			31.0575
			484.6748
			603.159
			-44.6077
			-393.292
			619.697
	==================================================================================
	Q5:
		Shape: Ellipse
		q_c:	460.0	410.0	331.5
		ub :	467.7389	418.6187	339.2286
		lb :	452.2611	401.3813	323.7714
		P^-1:
			0.0325	0.0003	0.0034
			0.0003	0.0422	0.0165
			0.0034	0.0165	0.0486
	==================================================================================
	Q6:
		Shape: Hybrid
		q_c:	453.0	407.0	329.5
		ub :	459.2966	411.4435	333.9218
		lb :	446.7034	402.5565	325.0782
		P^-1:
			0.0281	0.0	-0.004
			0.0	0.0628	-0.0024
			-0.004	-0.0024	0.081
		A:
			-0.2781	-0.5546	-0.7843
			-0.0035	-0.9929	-0.1192
			0.2905	-0.9311	0.2207
			-0.9422	0.0769	0.3261
			-0.0293	-0.5611	-0.8272
			0.53	0.4872	-0.6941
		b:
			-607.7837
			-442.7211
			-172.2056
			-284.1509
			-512.1922
			212.2197


===========================================================================================
===========================================================================================
S5:
	q_c:	85.0	321.5	121.0
	ub :	101.9093	336.2411	135.8049
	lb :	77.734	308.1693	106.4547

	==================================================================================
	Q1:
		Shape: Hybrid
		q_c:	84.5	313.5	121.0
		ub :	89.7146	318.8307	126.1924
		lb :	79.2854	308.1693	115.8076
		P^-1:
			0.0531	-0.0059	-0.0134
			-0.0059	0.0688	0.0156
			-0.0134	0.0156	0.1011
		A:
			-0.435	-0.8716	-0.2259
			-0.5069	0.504	0.6993
			0.2534	-0.317	-0.914
			0.8222	0.4406	-0.3604
			0.7224	-0.6655	-0.1879
			-0.6526	0.6458	-0.3963
		b:
			-334.8205
			201.4732
			-187.0561
			166.6929
			-167.958
			102.0906
	==================================================================================
	Q2:
		Shape: Ellipse
		q_c:	81.0	316.0	130.5
		ub :	84.266	320.5069	135.8049
		lb :	77.734	311.4931	125.1951
		P^-1:
			0.1708	-0.0535	0.0248
			-0.0535	0.2871	-0.1889
			0.0248	-0.1889	0.1865
	==================================================================================
	Q3:
		Shape: Polyhedra
		q_c:	94.5	316.5	114.0
		ub :	101.9093	323.0038	121.5453
		lb :	87.0907	309.9962	106.4547
		A:
			0.3075	-0.5154	0.7998
			-0.4127	0.8057	0.425
			-0.4784	0.2962	0.8267
			-0.8347	0.5252	0.1657
			0.8857	0.4529	-0.1023
			-0.1615	-0.3683	0.9156
			0.5887	0.2639	0.7641
			0.7807	0.0597	-0.6221
			-0.2098	0.9627	-0.1709
			-0.5887	-0.2639	-0.7641
			-0.7807	-0.0597	0.6221
			0.2098	-0.9627	0.1709
		b:
			-37.7454
			269.2249
			147.167
			110.7491
			219.9781
			-22.7875
			231.7681
			25.7465
			270.3834
			-220.7681
			-17.7465
			-260.3834
	==================================================================================
	Q4:
		Shape: Hybrid
		q_c:	91.5	329.5	120.0
		ub :	94.366	333.7216	124.7196
		lb :	88.634	325.2784	115.2804
		P^-1:
			0.7884	-0.3919	0.0059
			-0.3919	0.274	-0.004
			0.0059	-0.004	0.0495
		A:
			0.93	-0.3178	-0.1848
			-0.9738	0.2276	-0.0051
			0.9072	-0.341	0.2464
			0.9569	-0.1786	-0.2288
			0.9637	-0.237	0.1227
			-0.0426	-0.3714	-0.9275
		b:
			-40.8521
			-13.7981
			1.2679
			2.5937
			25.8004
			-233.6596
	==================================================================================
	Q5:
		Shape: Hybrid
		q_c:	86.0	329.5	116.0
		ub :	92.9049	336.2411	122.8214
		lb :	79.0951	322.7589	109.1786
		P^-1:
			0.0409	0.0052	0.0059
			0.0052	0.0708	0.0348
			0.0059	0.0348	0.0794
		A:
			-0.4809	-0.861	-0.1653
			-0.3492	0.9332	0.0844
			-0.0902	0.0329	0.9954
			0.3425	-0.3755	0.8612
			-0.9427	-0.1374	-0.3041
			0.4379	-0.7626	-0.4762
		b:
			-341.727
			290.0606
			121.0387
			8.834
			-158.426
			-266.5171
	==================================================================================
	Q6:
		Shape: Ellipse
		q_c:	82.0	317.0	118.0
		ub :	85.4199	322.7046	122.7074
		lb :	78.5801	311.2954	113.2926
		P^-1:
			0.1109	0.0022	0.0025
			0.0022	0.042	-0.0087
			0.0025	-0.0087	0.0799


===========================================================================================
===========================================================================================
S6:
	q_c:	74.5	488.5	277.0
	ub :	86.9188	497.8086	283.9318
	lb :	66.8693	476.1976	267.9293

	==================================================================================
	Q1:
		Shape: Polyhedra
		q_c:	70.0	481.5	273.5
		ub :	73.1307	486.8024	279.0707
		lb :	66.8693	476.1976	267.9293
		A:
			-0.6778	0.3013	-0.6707
			-0.9626	-0.0422	0.2677
			0.6641	-0.2881	0.6899
			0.2286	0.8884	-0.3981
			-0.645	0.0723	0.7607
			-0.1868	-0.4617	0.8672
			0.3768	0.5768	0.7248
			0.0152	0.7785	-0.6275
			-0.9262	0.2475	0.2845
			-0.3768	-0.5768	-0.7248
			-0.0152	-0.7785	0.6275
			0.9262	-0.2475	-0.2845
		b:
			-82.5013
			-12.6881
			99.8063
			338.0381
			200.1016
			4.8493
			506.8434
			207.2742
			133.6654
			-497.8434
			-201.2742
			-130.6654
	==================================================================================
	Q2:
		Shape: Polyhedra
		q_c:	75.0	489.5	275.0
		ub :	78.427	493.2685	277.6308
		lb :	71.573	485.7315	272.3692
		A:
			0.2667	-0.1942	-0.944
			0.1884	0.2624	-0.9464
			0.289	-0.3979	0.8707
			0.3007	0.839	0.4535
			-0.8734	-0.2995	0.3839
			-0.5198	0.2404	0.8198
			0.709	0.3298	0.6233
			0.3468	-0.9327	0.0989
			0.614	0.146	-0.7757
			-0.709	-0.3298	-0.6233
			-0.3468	0.9327	-0.0989
			-0.614	-0.146	0.7757
		b:
			-333.1204
			-116.1474
			68.6757
			560.6656
			-105.0667
			305.5688
			388.5115
			-400.3411
			-94.7672
			-383.5115
			406.3411
			96.7672
	==================================================================================
	Q3:
		Shape: Polyhedra
		q_c:	76.5	488.0	276.5
		ub :	80.8766	492.6305	280.4377
		lb :	72.1234	483.3695	272.5623
		A:
			-0.0194	0.8868	-0.4618
			0.9865	-0.0773	-0.1447
			-0.1605	-0.9217	-0.3532
			0.0686	-0.2603	-0.9631
			0.0804	0.9712	0.2243
			0.1392	0.0976	-0.9854
			0.7475	0.6389	0.1819
			0.2308	-0.5065	0.8308
			0.6229	-0.579	-0.526
			-0.7475	-0.6389	-0.1819
			-0.2308	0.5065	-0.8308
			-0.6229	0.579	0.526
		b:
			306.1863
			0.4558
			-556.9084
			-385.5246
			544.8914
			-211.6944
			422.2625
			2.709
			-377.8517
			-416.2625
			2.291
			382.8517
	==================================================================================
	Q4:
		Shape: Polyhedra
		q_c:	73.0	486.0	280.0
		ub :	75.8568	489.5529	283.9318
		lb :	70.1432	482.4471	276.0682
		A:
			0.6734	0.7306	0.1134
			-0.4965	-0.8562	0.1428
			-0.8084	0.4682	0.3568
			0.0138	-0.9773	0.2116
			0.2045	-0.6138	0.7625
			-0.6339	0.7728	-0.0301
			0.1866	0.6735	0.7153
			-0.1841	0.7391	-0.6479
			-0.965	-0.0107	0.2619
			-0.1866	-0.6735	-0.7153
			0.1841	-0.7391	0.6479
			0.965	0.0107	-0.2619
		b:
			438.2687
			-410.0272
			270.5933
			-412.2114
			-67.4034
			323.2342
			543.7081
			166.8576
			-0.3171
			-538.7081
			-161.8576
			4.3171
	==================================================================================
	Q5:
		Shape: Polyhedra
		q_c:	82.0	483.0	275.0
		ub :	86.9188	488.8797	280.8671
		lb :	77.0812	477.1203	269.1329
		A:
			0.9679	0.1123	0.2248
			0.916	0.4003	0.0263
			-0.7736	-0.6236	-0.1126
			-0.1245	0.3899	0.9124
			-0.6226	0.7195	0.3077
			-0.7763	-0.4923	-0.3937
			0.3904	0.8176	0.4233
			0.9166	-0.3021	-0.2617
			-0.0861	0.4902	-0.8674
			-0.3904	-0.8176	-0.4233
			-0.9166	0.3021	0.2617
			0.0861	-0.4902	0.8674
		b:
			198.9691
			279.1735
			-392.0847
			432.7084
			384.5872
			-406.2178
			546.808
			-139.2463
			-4.8256
			-539.808
			146.2463
			12.8256
	==================================================================================
	Q6:
		Shape: Hybrid
		q_c:	74.5	493.5	278.0
		ub :	77.9269	497.8086	282.4204
		lb :	71.0731	489.1914	273.5796
		P^-1:
			0.1117	0.0066	-0.0094
			0.0066	0.1806	-0.0899
			-0.0094	-0.0899	0.1313
		A:
			0.6951	-0.5356	0.4796
			0.5276	-0.551	0.6465
			-0.7003	-0.6941	0.1666
			-0.4135	0.8731	-0.2584
			0.4983	-0.8643	0.0682
			0.2434	-0.931	0.2722
		b:
			-77.5864
			-51.4019
			-346.7007
			329.7092
			-368.6139
			-364.2117


===========================================================================================
===========================================================================================
