3D_50_5_6_a                l = 3

===========================================================================================
===========================================================================================
S1:
	q_c:    480.5000    137.5000    124.5000
	ub :    494.0000    159.0000    141.0000
	lb :    467.0000    116.0000    108.0000

	==================================================================================
	Q1:
		Shape: Hybrid
		q_c:    495.0000    130.5000    113.0000
		ub :    507.2974    141.6617    123.5836
		lb :    482.7026    119.3383    102.4164
		P^-1: 
			    0.0256    -0.0157    0.0137
			    -0.0157    0.0347    -0.0183
			    0.0137    -0.0183    0.0299
		A:
			    0.7526    -0.6166    0.2310
			    -0.5082    0.0607    -0.8591
			    0.1899    -0.8126    0.5510
			    -0.2611    0.9653    0.0092
			    0.5334    -0.4631    0.7079
			    -0.4440    0.3131    -0.8395
		b:
			    321.2672
			    -336.5878
			    52.9316
			    2.0972
			    285.9410
			    -270.6984
	==================================================================================
	Q2:
		Shape: Hybrid
		q_c:    470.0000    125.5000    124.5000
		ub :    478.8976    134.3280    133.9013
		lb :    461.1024    116.6720    115.0987
		P^-1: 
			    0.0489    0.0104    -0.0158
			    0.0104    0.0345    0.0132
			    -0.0158    0.0132    0.0441
		A:
			    -0.9499    -0.3121    -0.0191
			    -0.2087    -0.7835    -0.5853
			    -0.2507    0.9034    0.3478
			    0.9451    0.2296    -0.2326
			    -0.1063    0.9430    0.3154
			    -0.4659    -0.2834    0.8382
		b:
			    -485.3761
			    -266.8016
			    42.4389
			    446.3289
			    111.1969
			    -147.1507
	==================================================================================
	Q3:
		Shape: Ellipse
		q_c:    486.5000    131.5000    114.0000
		ub :    491.1602    138.7309    120.9492
		lb :    481.8398    124.2691    107.0508
		P^-1: 
			    0.3371    -0.0436    -0.1690
			    -0.0436    0.0542    0.0455
			    -0.1690    0.0455    0.1434
	==================================================================================
	Q4:
		Shape: Ellipse
		q_c:    472.0000    141.5000    137.0000
		ub :    481.7978    147.2133    146.6462
		lb :    462.2022    135.7867    127.3538
		P^-1: 
			    0.0477    0.0051    0.0343
			    0.0051    0.0809    -0.0051
			    0.0343    -0.0051    0.0470
	==================================================================================
	Q5:
		Shape: Ellipse
		q_c:    472.5000    141.0000    116.5000
		ub :    480.7999    150.2086    125.5153
		lb :    464.2001    131.7914    107.4847
		P^-1: 
			    0.0390    -0.0017    0.0043
			    -0.0017    0.0372    0.0072
			    0.0043    0.0072    0.0216
	==================================================================================
	Q6:
		Shape: Polyhedra
		q_c:    485.5000    132.0000    112.5000
		ub :    491.0968    140.3735    120.1960
		lb :    479.9032    123.6265    104.8040
		A:
			    0.9838    0.0264    -0.1774
			    -0.6294    0.7768    -0.0202
			    0.8086    -0.3298    -0.4872
			    -0.9416    -0.2910    -0.1693
			    0.6515    0.6970    -0.2997
			    -0.8172    0.4838    0.3131
			    0.0513    0.5625    0.8252
			    -0.9874    0.1522    -0.0423
			    -0.1494    -0.8127    0.5632
			    -0.0513    -0.5625    -0.8252
			    0.9874    -0.1522    0.0423
			    0.1494    0.8127    -0.5632
		b:
			    465.7801
			    -200.2287
			    298.9259
			    -509.9161
			    380.1720
			    -293.0396
			    197.0095
			    -459.5685
			    -110.4615
			    -187.0095
			    468.5685
			    122.4615


===========================================================================================
===========================================================================================
S2:
	q_c:    416.0000    225.0000    291.5000
	ub :    432.0000    244.0000    310.0000
	lb :    400.0000    206.0000    273.0000

	==================================================================================
	Q1:
		Shape: Ellipse
		q_c:    414.5000    216.5000    302.5000
		ub :    419.2999    220.3964    310.2508
		lb :    409.7001    212.6036    294.7492
		P^-1: 
			    0.0817    0.0115    -0.0075
			    0.0115    0.1559    0.0192
			    -0.0075    0.0192    0.0245
	==================================================================================
	Q2:
		Shape: Polyhedra
		q_c:    420.5000    229.5000    290.0000
		ub :    434.8077    243.9939    302.6320
		lb :    406.1923    215.0061    277.3680
		A:
			    0.9587    0.2842    -0.0033
			    -0.3623    0.8831    0.2981
			    -0.0684    0.3740    -0.9249
			    -0.8816    -0.1170    0.4572
			    -0.9963    -0.0193    -0.0837
			    0.6074    0.7115    -0.3534
			    0.5238    0.5667    0.6360
			    0.4529    0.4471    -0.7714
			    -0.7215    0.6921    -0.0225
			    -0.5238    -0.5667    -0.6360
			    -0.4529    -0.4471    0.7714
			    0.7215    -0.6921    0.0225
		b:
			    476.3754
			    145.1455
			    -203.0624
			    -257.2739
			    -438.9977
			    324.5289
			    545.2516
			    76.8691
			    -143.5602
			    -524.2516
			    -61.8691
			    158.5602
	==================================================================================
	Q3:
		Shape: Ellipse
		q_c:    412.0000    230.5000    286.0000
		ub :    419.0409    238.4295    293.2805
		lb :    404.9591    222.5705    278.7195
		P^-1: 
			    0.0915    -0.0637    -0.0280
			    -0.0637    0.0855    0.0121
			    -0.0280    0.0121    0.0528
	==================================================================================
	Q4:
		Shape: Hybrid
		q_c:    405.5000    237.5000    302.5000
		ub :    419.0310    248.4014    315.7790
		lb :    391.9690    226.5986    289.2210
		P^-1: 
			    0.0199    0.0071    0.0078
			    0.0071    0.0186    0.0063
			    0.0078    0.0063    0.0179
		A:
			    0.4215    0.4802    0.7693
			    0.7937    0.5748    0.1991
			    -0.4516    0.1000    -0.8866
			    0.3711    -0.1059    0.9225
			    -0.1996    -0.8991    -0.3896
			    -0.6005    -0.0300    -0.7990
		b:
			    520.8903
			    522.0951
			    -422.7971
			    409.3635
			    -408.3038
			    -488.2928
	==================================================================================
	Q5:
		Shape: Hybrid
		q_c:    431.0000    231.5000    276.5000
		ub :    435.2883    237.1576    281.1130
		lb :    426.7117    225.8424    271.8870
		P^-1: 
			    0.6176    0.0504    0.4589
			    0.0504    0.0550    0.0360
			    0.4589    0.0360    0.4393
		A:
			    -0.2838    0.9585    0.0268
			    0.8524    0.1396    0.5039
			    0.6743    0.4978    0.5454
			    -0.4539    -0.8864    -0.0906
			    -0.3408    0.6066    -0.7183
			    0.9877    -0.0010    0.1565
		b:
			    110.9509
			    539.7340
			    558.3273
			    -422.5177
			    -202.3627
			    470.4866
	==================================================================================
	Q6:
		Shape: Ellipse
		q_c:    408.5000    231.5000    289.0000
		ub :    419.8249    243.4334    299.6145
		lb :    397.1751    219.5666    278.3855
		P^-1: 
			    0.0227    -0.0037    -0.0061
			    -0.0037    0.0205    0.0045
			    -0.0061    0.0045    0.0254


===========================================================================================
===========================================================================================
S3:
	q_c:    418.5000    215.5000    466.0000
	ub :    436.0000    240.0000    485.0000
	lb :    401.0000    191.0000    447.0000

	==================================================================================
	Q1:
		Shape: Hybrid
		q_c:    427.0000    208.5000    481.0000
		ub :    439.6028    218.8960    490.7368
		lb :    414.3972    198.1040    471.2632
		P^-1: 
			    0.0136    0.0006    0.0094
			    0.0006    0.0248    0.0114
			    0.0094    0.0114    0.0415
		A:
			    0.2504    0.7296    0.6363
			    -0.8410    0.2003    -0.5027
			    -0.2853    0.6975    0.6574
			    -0.5020    0.7191    0.4806
			    -0.4182    -0.5983    -0.6835
			    0.6266    -0.0919    -0.7739
		b:
			    567.9926
			    -553.9676
			    343.5694
			    171.5033
			    -629.1115
			    -117.4965
	==================================================================================
	Q2:
		Shape: Polyhedra
		q_c:    435.0000    224.0000    481.0000
		ub :    442.1948    230.7740    490.9792
		lb :    427.8052    217.2260    471.0208
		A:
			    0.5360    0.6980    0.4748
			    0.8529    0.5215    0.0239
			    0.9532    0.2921    0.0776
			    0.3827    0.9085    0.1678
			    -0.5283    -0.7067    -0.4706
			    0.9736    0.1904    0.1259
			    0.7888    0.5438    0.2866
			    0.2555    0.1339    -0.9575
			    -0.5591    0.8285    -0.0333
			    -0.7888    -0.5438    -0.2866
			    -0.2555    -0.1339    0.9575
			    0.5591    -0.8285    0.0333
		b:
			    621.3310
			    502.8183
			    520.7850
			    454.1350
			    -611.0632
			    530.0523
			    605.2625
			    -309.8973
			    -68.6529
			    -600.2625
			    328.8973
			    78.6529
	==================================================================================
	Q3:
		Shape: Hybrid
		q_c:    433.5000    211.0000    455.5000
		ub :    440.0294    221.3201    465.1470
		lb :    426.9706    200.6799    445.8530
		P^-1: 
			    0.1180    0.0654    0.0905
			    0.0654    0.0631    0.0675
			    0.0905    0.0675    0.1063
		A:
			    -0.8305    -0.5129    -0.2172
			    -0.3404    -0.9338    -0.1104
			    0.5020    0.4427    0.7430
			    0.7072    0.5346    0.4626
			    -0.2073    -0.5529    -0.8070
			    0.9053    0.1150    0.4088
		b:
			    -564.4462
			    -389.8064
			    650.8152
			    631.5938
			    -571.5930
			    605.4937
	==================================================================================
	Q4:
		Shape: Polyhedra
		q_c:    408.0000    225.0000    474.0000
		ub :    418.9220    237.5594    487.3309
		lb :    397.0780    212.4406    460.6691
		A:
			    -0.7010    -0.2810    0.6555
			    -0.7500    0.2909    0.5941
			    -0.6744    0.4978    0.5453
			    -0.2220    0.9565    0.1891
			    0.2388    -0.8961    -0.3741
			    0.3196    -0.9448    -0.0730
			    0.6950    0.4156    0.5867
			    0.0136    -0.8235    0.5672
			    0.7189    -0.3862    -0.5779
			    -0.6950    -0.4156    -0.5867
			    -0.0136    0.8235    -0.5672
			    -0.7189    0.3862    0.5779
		b:
			    -32.9736
			    43.2669
			    97.6434
			    221.4023
			    -274.3844
			    -110.3916
			    668.6806
			    96.6259
			    -65.5278
			    -641.6806
			    -81.6259
			    69.5278
	==================================================================================
	Q5:
		Shape: Polyhedra
		q_c:    413.5000    221.5000    453.5000
		ub :    423.6059    227.6506    462.0787
		lb :    403.3941    215.3494    444.9213
		A:
			    0.4816    0.8762    0.0178
			    -0.6507    -0.1360    0.7471
			    0.2059    -0.1117    0.9722
			    0.7439    0.2158    0.6325
			    -0.3192    0.8712    -0.3730
			    0.0806    0.1824    0.9799
			    0.8496    0.1984    0.4887
			    -0.4929    -0.0310    0.8695
			    0.1877    -0.9796    0.0714
			    -0.8496    -0.1984    -0.4887
			    0.4929    0.0310    -0.8695
			    -0.1877    0.9796    -0.0714
		b:
			    407.2728
			    44.7922
			    507.6210
			    650.1511
			    -103.2497
			    524.3212
			    624.8759
			    188.6442
			    -102.4845
			    -608.8759
			    -178.6442
			    111.4845
	==================================================================================
	Q6:
		Shape: Polyhedra
		q_c:    430.0000    211.5000    463.5000
		ub :    442.9499    224.8292    478.3328
		lb :    417.0501    198.1708    448.6672
		A:
			    0.8091    0.0946    0.5800
			    -0.7179    0.6830    0.1347
			    -0.0260    -0.7070    -0.7067
			    -0.2749    0.1741    -0.9456
			    -0.1946    0.9143    0.3553
			    -0.2203    -0.8819    -0.4169
			    0.6560    0.4164    0.6294
			    0.1030    -0.8756    0.4720
			    0.7477    -0.2448    -0.6173
			    -0.6560    -0.4164    -0.6294
			    -0.1030    0.8756    -0.4720
			    -0.7477    0.2448    0.6173
		b:
			    644.4972
			    -92.5435
			    -479.9196
			    -511.2993
			    283.2565
			    -466.2701
			    669.4184
			    86.8422
			    -6.9057
			    -654.4184
			    -68.8422
			    25.9057


===========================================================================================
===========================================================================================
S4:
	q_c:    130.0000    105.0000    133.5000
	ub :    141.0000    129.0000    151.0000
	lb :    119.0000    81.0000    116.0000

	==================================================================================
	Q1:
		Shape: Hybrid
		q_c:    122.0000    110.0000    135.5000
		ub :    128.6348    116.4978    141.2327
		lb :    115.3652    103.5022    129.7673
		P^-1: 
			    0.0625    0.0000    0.0000
			    0.0000    0.0625    0.0000
			    0.0000    0.0000    0.0625
		A:
			    0.8553    0.5181    -0.0008
			    0.4154    0.0143    0.9095
			    0.6980    -0.5692    -0.4346
			    -0.7350    0.4570    0.5008
			    -0.4818    0.0572    0.8744
			    -0.5131    0.8447    -0.1522
		b:
			    163.2290
			    177.4949
			    -34.3478
			    30.4608
			    67.9882
			    11.7088
	==================================================================================
	Q2:
		Shape: Ellipse
		q_c:    138.0000    115.5000    132.0000
		ub :    141.7084    122.5025    139.1675
		lb :    134.2916    108.4975    124.8325
		P^-1: 
			    0.1512    -0.0197    -0.0198
			    -0.0197    0.0552    0.0188
			    -0.0198    0.0188    0.0492
	==================================================================================
	Q3:
		Shape: Ellipse
		q_c:    139.0000    108.0000    135.0000
		ub :    147.3461    115.4691    141.8319
		lb :    130.6539    100.5309    128.1681
		P^-1: 
			    0.1029    0.0462    -0.0972
			    0.0462    0.0632    -0.0608
			    -0.0972    -0.0608    0.1373
	==================================================================================
	Q4:
		Shape: Hybrid
		q_c:    121.5000    98.0000    133.0000
		ub :    128.7187    103.9365    140.8140
		lb :    114.2813    92.0635    125.1860
		P^-1: 
			    0.0416    -0.0006    0.0104
			    -0.0006    0.0331    -0.0002
			    0.0104    -0.0002    0.0356
		A:
			    -0.8034    0.0920    -0.5883
			    -0.2660    -0.9610    -0.0753
			    -0.7544    0.5746    -0.3172
			    -0.3491    -0.4707    -0.8103
			    -0.6805    -0.7302    -0.0608
			    0.0921    -0.7167    0.6913
		b:
			    -164.5846
			    -133.3072
			    -74.9126
			    -193.4953
			    -159.2778
			    36.0606
	==================================================================================
	Q5:
		Shape: Polyhedra
		q_c:    119.0000    104.5000    132.5000
		ub :    125.3985    112.4321    140.2065
		lb :    112.6015    96.5679    124.7935
		A:
			    -0.6831    0.5698    -0.4569
			    -0.1459    0.9400    0.3086
			    -0.4377    -0.7803    -0.4468
			    0.7936    0.6005    0.0980
			    0.9016    0.4206    0.1009
			    -0.4028    -0.8910    -0.2093
			    0.7172    0.3303    0.6136
			    0.1544    0.7833    -0.6021
			    -0.6796    0.5265    0.5108
			    -0.7172    -0.3303    -0.6136
			    -0.1544    -0.7833    0.6021
			    0.6796    -0.5265    -0.5108
		b:
			    -77.6253
			    126.6473
			    -189.0214
			    174.1145
			    168.4086
			    -164.4195
			    204.1704
			    25.9489
			    46.8308
			    -198.1704
			    -14.9489
			    -36.8308
	==================================================================================
	Q6:
		Shape: Ellipse
		q_c:    140.5000    116.0000    143.0000
		ub :    149.1798    124.9270    151.5770
		lb :    131.8202    107.0730    134.4230
		P^-1: 
			    0.0432    0.0189    0.0245
			    0.0189    0.0417    0.0068
			    0.0245    0.0068    0.0545


===========================================================================================
===========================================================================================
S5:
	q_c:    379.5000    326.5000    296.5000
	ub :    393.0000    345.0000    300.0000
	lb :    366.0000    308.0000    293.0000

	==================================================================================
	Q1:
		Shape: Polyhedra
		q_c:    378.5000    327.5000    294.0000
		ub :    381.8176    331.0341    297.6204
		lb :    375.1824    323.9659    290.3796
		A:
			    0.2734    0.0868    -0.9580
			    0.5264    -0.2526    -0.8118
			    -0.6951    -0.6035    -0.3906
			    -0.2187    -0.5685    -0.7931
			    -0.9078    0.1558    -0.3895
			    -0.2346    -0.9600    0.1532
			    0.0658    0.7055    0.7057
			    -0.5644    0.6095    -0.5567
			    -0.8229    -0.3616    0.4382
			    -0.0658    -0.7055    -0.7057
			    0.5644    -0.6095    0.5567
			    0.8229    0.3616    -0.4382
		b:
			    -147.4790
			    -119.8887
			    -573.3851
			    -500.1122
			    -404.9248
			    -355.9126
			    465.4146
			    -175.6677
			    -298.5575
			    -461.4146
			    179.6677
			    303.5575
	==================================================================================
	Q2:
		Shape: Hybrid
		q_c:    379.0000    330.5000    298.0000
		ub :    380.8586    332.9906    300.6995
		lb :    377.1414    328.0094    295.3005
		P^-1: 
			    0.4392    0.0188    -0.0253
			    0.0188    0.3771    0.0906
			    -0.0253    0.0906    0.3226
		A:
			    -0.9701    -0.0717    0.2318
			    -0.0906    0.1806    0.9794
			    -0.7837    -0.3205    0.5320
			    0.0081    -0.9497    0.3130
			    0.8346    -0.2271    0.5019
			    0.7687    0.1534    0.6210
		b:
			    -321.5363
			    318.2104
			    -243.5574
			    -216.4625
			    391.7932
			    527.9680
	==================================================================================
	Q3:
		Shape: Polyhedra
		q_c:    379.0000    323.5000    295.0000
		ub :    381.8904    325.9187    297.7261
		lb :    376.1096    321.0813    292.2739
		A:
			    0.0919    0.9133    -0.3968
			    0.9125    -0.0585    0.4049
			    0.2146    -0.4168    0.8833
			    0.2957    -0.4742    -0.8293
			    -0.7494    -0.4894    -0.4459
			    0.5071    0.8499    -0.1433
			    0.6143    0.5023    0.6086
			    -0.6010    -0.2021    0.7733
			    0.5114    -0.8408    0.1777
			    -0.6143    -0.5023    -0.6086
			    0.6010    0.2021    -0.7733
			    -0.5114    0.8408    -0.1777
		b:
			    214.8990
			    447.8734
			    208.7932
			    -284.1788
			    -572.3763
			    426.5467
			    576.3298
			    -63.0080
			    -24.2478
			    -573.3298
			    67.0080
			    27.2478
	==================================================================================
	Q4:
		Shape: Polyhedra
		q_c:    377.0000    327.5000    294.5000
		ub :    379.6292    330.1114    296.6080
		lb :    374.3708    324.8886    292.3920
		A:
			    -0.4689    -0.7913    0.3924
			    0.1143    -0.9795    0.1659
			    -0.3135    0.6934    -0.6487
			    -0.4145    -0.8841    0.2160
			    0.4060    0.1903    -0.8939
			    -0.0410    0.1514    0.9876
			    0.5754    0.6529    0.4926
			    0.5431    0.1452    -0.8270
			    -0.6115    0.7434    -0.2711
			    -0.5754    -0.6529    -0.4926
			    -0.5431    -0.1452    0.8270
			    0.6115    -0.7434    0.2711
		b:
			    -318.9847
			    -226.9897
			    -80.3264
			    -380.6643
			    -46.8414
			    326.1510
			    577.3124
			    9.7846
			    -64.9213
			    -574.3124
			    -7.7846
			    68.9213
	==================================================================================
	Q5:
		Shape: Ellipse
		q_c:    378.5000    328.5000    298.5000
		ub :    381.4140    331.2801    300.8685
		lb :    375.5860    325.7199    296.1315
		P^-1: 
			    0.4619    -0.2221    0.2544
			    -0.2221    0.4828    -0.2666
			    0.2544    -0.2666    0.5554
	==================================================================================
	Q6:
		Shape: Hybrid
		q_c:    382.5000    329.0000    296.0000
		ub :    385.0070    331.9298    298.8469
		lb :    379.9930    326.0702    293.1531
		P^-1: 
			    0.7434    0.1625    0.3293
			    0.1625    0.3229    -0.0587
			    0.3293    -0.0587    0.5381
		A:
			    -0.8687    -0.3696    -0.3298
			    0.5238    0.0596    0.8497
			    -0.5560    0.4651    -0.6889
			    0.9377    0.3462    -0.0303
			    0.9933    -0.1105    -0.0334
			    -0.5188    0.4825    -0.7057
		b:
			    -550.9348
			    472.1902
			    -262.7293
			    464.3787
			    334.8708
			    -247.7841


===========================================================================================
===========================================================================================
