3D_50_14_6_b                l = 3

===========================================================================================
===========================================================================================
S1:
	q_c:	214.0	318.0	60.5
	ub :	218.5064	327.5964	66.8079
	lb :	204.4726	309.0914	48.87

	==================================================================================
	Q1:
		Shape: Polyhedra
		q_c:	212.5	313.0	62.0
		ub :	215.7011	316.3727	65.3844
		lb :	209.2989	309.6273	58.6156
		A:
			0.5212	-0.058	-0.8515
			-0.3298	-0.6859	0.6486
			0.1111	-0.9667	-0.2306
			0.9817	0.1143	-0.1524
			-0.5318	-0.4959	0.6865
			-0.8651	-0.3776	0.3302
			0.5815	0.6402	0.502
			0.3093	-0.7447	0.5913
			0.7524	-0.1886	-0.6311
			-0.5815	-0.6402	-0.502
			-0.3093	0.7447	-0.5913
			-0.7524	0.1886	0.6311
		b:
			41.4012
			-242.6308
			-291.0817
			236.8301
			-223.8662
			-279.6242
			357.5686
			-128.7054
			63.2384
			-352.5686
			132.7054
			-60.2384
	==================================================================================
	Q2:
		Shape: Hybrid
		q_c:	208.5	313.5	62.5
		ub :	212.5274	317.9086	66.8079
		lb :	204.4726	309.0914	58.1921
		P^-1:
			0.2083	-0.0549	0.0224
			-0.0549	0.1777	0.0284
			0.0224	0.0284	0.1057
		A:
			0.879	-0.3118	0.3607
			-0.7965	0.0624	-0.6014
			-0.1086	0.0038	0.9941
			0.9688	-0.2111	-0.1297
			-0.8029	0.4401	-0.402
			-0.9054	-0.0157	-0.4243
		b:
			109.217
			-182.7174
			42.9562
			128.963
			-53.3547
			-218.9404
	==================================================================================
	Q3:
		Shape: Hybrid
		q_c:	210.0	314.0	53.5
		ub :	214.5198	317.7977	58.13
		lb :	205.4802	310.2023	48.87
		P^-1:
			0.1383	0.0513	0.0201
			0.0513	0.208	0.0379
			0.0201	0.0379	0.1259
		A:
			0.1659	0.086	-0.9824
			-0.1159	-0.8825	0.4557
			0.8285	0.423	-0.367
			-0.1344	-0.8614	-0.4899
			-0.7242	-0.365	0.585
			-0.7403	-0.6709	0.0427
		b:
			11.2601
			-275.4394
			288.8451
			-323.7584
			-233.5647
			-362.5726
	==================================================================================
	Q4:
		Shape: Hybrid
		q_c:	209.0	316.5	57.5
		ub :	212.6111	320.2925	60.2574
		lb :	205.3889	312.7075	54.7426
		P^-1:
			0.1738	-0.0605	-0.0343
			-0.0605	0.2273	-0.0929
			-0.0343	-0.0929	0.4044
		A:
			-0.7639	0.486	-0.4245
			-0.0755	-0.7147	0.6953
			-0.1261	0.5504	-0.8253
			-0.5162	-0.6592	0.5468
			0.0409	-0.988	0.1488
			-0.5189	-0.0542	0.8531
		b:
			-28.9391
			-201.0529
			101.174
			-283.6217
			-294.1276
			-75.5895
	==================================================================================
	Q5:
		Shape: Hybrid
		q_c:	213.5	323.0	61.0
		ub :	218.1256	327.5964	64.9345
		lb :	208.8744	318.4036	57.0655
		P^-1:
			0.1024	0.0058	-0.0316
			0.0058	0.2186	-0.1677
			-0.0316	-0.1677	0.3162
		A:
			-0.7195	0.0522	-0.6926
			-0.9133	0.1249	-0.3878
			0.2283	0.1676	-0.9591
			0.5105	-0.0499	-0.8584
			-0.0369	0.9872	-0.1554
			0.0853	0.6506	-0.7546
		b:
			-176.7361
			-175.901
			45.6049
			42.1634
			303.274
			183.0841
	==================================================================================
	Q6:
		Shape: Ellipse
		q_c:	214.5	322.5	54.0
		ub :	218.5064	326.5593	57.7557
		lb :	210.4936	318.4407	50.2443
		P^-1:
			0.0846	-0.0137	-0.0062
			-0.0137	0.1575	-0.0011
			-0.0062	-0.0011	0.1595


===========================================================================================
===========================================================================================
S2:
	q_c:	485.5	196.0	102.5
	ub :	499.027	218.5109	132.6156
	lb :	463.2234	164.7223	71.4478

	==================================================================================
	Q1:
		Shape: Polyhedra
		q_c:	479.5	182.5	111.5
		ub :	492.1996	194.6212	119.5331
		lb :	466.8004	170.3788	103.4669
		A:
			-0.0707	0.1287	-0.9892
			-0.9809	0.0176	-0.1935
			0.4926	0.3235	-0.8079
			0.8375	-0.0998	0.5373
			-0.7427	0.0176	0.6694
			0.0051	0.4352	-0.9003
			0.7967	0.4043	0.4492
			0.4741	-0.8791	-0.0497
			0.3748	0.2525	-0.892
			-0.7967	-0.4043	-0.4492
			-0.4741	0.8791	0.0497
			-0.3748	-0.2525	0.892
		b:
			-115.2647
			-479.9761
			209.3706
			452.0241
			-272.7734
			-13.4592
			514.894
			69.8844
			130.3407
			-496.894
			-52.8844
			-122.3407
	==================================================================================
	Q2:
		Shape: Ellipse
		q_c:	485.0	206.0	102.5
		ub :	495.7064	217.3128	112.7222
		lb :	474.2936	194.6872	92.2778
		P^-1:
			0.0241	0.0093	0.0048
			0.0093	0.0276	-0.0086
			0.0048	-0.0086	0.0337
	==================================================================================
	Q3:
		Shape: Hybrid
		q_c:	482.0	204.5	123.5
		ub :	493.7865	218.5109	132.6156
		lb :	470.2135	190.4891	114.3844
		P^-1:
			0.0188	0.0063	0.0028
			0.0063	0.0142	0.0123
			0.0028	0.0123	0.0443
		A:
			-0.5523	0.0721	0.8305
			-0.7265	-0.3605	-0.585
			0.994	0.0834	-0.071
			-0.2798	0.2863	-0.9164
			-0.2325	-0.6307	-0.7404
			0.4315	0.7978	0.4211
		b:
			-145.2059
			-492.6303
			492.7235
			-183.878
			-329.307
			427.7481
	==================================================================================
	Q4:
		Shape: Ellipse
		q_c:	478.5	176.0	115.0
		ub :	487.6996	184.9091	123.0357
		lb :	469.3004	167.0909	106.9643
		P^-1:
			0.0342	-0.0012	-0.0216
			-0.0012	0.0157	0.0012
			-0.0216	0.0012	0.046
	==================================================================================
	Q5:
		Shape: Ellipse
		q_c:	483.5	178.5	87.5
		ub :	499.027	192.2777	103.5522
		lb :	467.973	164.7223	71.4478
		P^-1:
			0.0126	-0.0028	-0.0034
			-0.0028	0.0144	0.0009
			-0.0034	0.0009	0.0113
	==================================================================================
	Q6:
		Shape: Ellipse
		q_c:	469.0	183.5	94.0
		ub :	474.7766	190.2719	99.4024
		lb :	463.2234	176.7281	88.5976
		P^-1:
			0.1197	0.054	-0.023
			0.054	0.0668	-0.0127
			-0.023	-0.0127	0.0559


===========================================================================================
===========================================================================================
S3:
	q_c:	57.0	360.5	174.0
	ub :	68.2033	378.2018	190.2553
	lb :	44.4358	345.9187	165.2114

	==================================================================================
	Q1:
		Shape: Polyhedra
		q_c:	50.0	364.5	171.5
		ub :	55.3547	370.2942	177.7886
		lb :	44.6453	358.7058	165.2114
		A:
			-0.4937	-0.8101	-0.3163
			-0.5073	0.4654	0.7253
			0.2625	-0.8429	-0.4698
			-0.8867	0.418	0.1976
			-0.6095	-0.0568	-0.7907
			-0.3911	0.9196	0.037
			0.5725	0.4836	0.6621
			-0.715	0.6897	0.1144
			-0.4013	-0.5389	0.7406
			-0.5725	-0.4836	-0.6621
			0.715	-0.6897	-0.1144
			0.4013	0.5389	-0.7406
		b:
			-370.7241
			271.9889
			-372.3008
			144.4
			-183.5277
			324.6007
			321.4471
			237.2796
			-83.9845
			-315.4471
			-233.2796
			94.9845
	==================================================================================
	Q2:
		Shape: Polyhedra
		q_c:	51.5	357.5	174.5
		ub :	56.0314	359.9576	179.8384
		lb :	46.9686	355.0424	169.1616
		A:
			-0.2156	-0.9744	-0.063
			-0.8212	-0.5696	-0.0352
			0.5832	0.6331	-0.509
			-0.4115	-0.8763	0.2507
			-0.9787	-0.2026	-0.0331
			-0.039	-0.9967	-0.0715
			0.3172	0.0528	0.9469
			-0.9204	0.2576	0.294
			-0.2284	-0.9648	0.1303
			-0.3172	-0.0528	-0.9469
			0.9204	-0.2576	-0.294
			0.2284	0.9648	-0.1303
		b:
			-368.7651
			-249.4979
			169.8722
			-289.0738
			-125.5693
			-369.0776
			204.9348
			99.0006
			-332.4439
			-195.9348
			-93.0006
			335.4439
	==================================================================================
	Q3:
		Shape: Polyhedra
		q_c:	48.0	370.0	177.5
		ub :	50.4568	375.2835	180.9706
		lb :	45.5432	364.7165	174.0294
		A:
			-0.1016	0.1183	-0.9878
			-0.4081	0.1711	-0.8968
			-0.5062	-0.3935	0.7674
			-0.5652	-0.2274	0.793
			0.9652	0.2525	-0.0683
			-0.4867	-0.2375	0.8406
			0.0093	0.9239	0.3826
			0.5046	0.326	-0.7994
			-0.8633	0.2004	-0.4631
			-0.0093	-0.9239	-0.3826
			-0.5046	-0.326	0.7994
			0.8633	-0.2004	0.4631
		b:
			-134.4318
			-113.2388
			-33.0614
			30.1719
			129.8119
			38.6681
			415.1868
			3.447
			-46.9808
			-405.1868
			-2.447
			51.9808
	==================================================================================
	Q4:
		Shape: Hybrid
		q_c:	50.5	364.0	172.0
		ub :	56.5642	370.9091	178.2633
		lb :	44.4358	357.0909	165.7367
		P^-1:
			0.0691	-0.014	-0.0068
			-0.014	0.0639	-0.0016
			-0.0068	-0.0016	0.0604
		A:
			0.9508	-0.0409	0.307
			0.2725	0.9367	0.2198
			0.403	-0.8523	-0.3334
			0.4349	-0.1228	0.8921
			-0.2935	0.3064	0.9055
			-0.2037	0.6864	-0.6981
		b:
			88.2155
			395.1017
			-345.2499
			133.116
			254.6526
			121.65
	==================================================================================
	Q5:
		Shape: Hybrid
		q_c:	60.0	371.5	183.0
		ub :	68.2033	378.2018	190.2553
		lb :	51.7967	364.7982	175.7447
		P^-1:
			0.0453	-0.0108	0.0136
			-0.0108	0.0557	0.0086
			0.0136	0.0086	0.0518
		A:
			0.1162	-0.2616	-0.9581
			0.5449	-0.7248	-0.4215
			-0.1031	0.0518	-0.9933
			0.0941	0.7739	0.6263
			-0.4638	-0.8164	-0.344
			-0.2967	0.9428	-0.1517
		b:
			-262.9816
			-311.5145
			-166.1412
			409.7634
			-391.5015
			306.9048
	==================================================================================
	Q6:
		Shape: Hybrid
		q_c:	61.5	351.0	177.0
		ub :	65.2729	356.0813	182.2629
		lb :	57.7271	345.9187	171.7371
		P^-1:
			0.224	0.0159	-0.0587
			0.0159	0.0834	-0.0066
			-0.0587	-0.0066	0.1058
		A:
			-0.6664	0.7067	0.2376
			0.8599	-0.2657	-0.4359
			-0.9486	0.2452	0.2002
			0.6756	0.3527	-0.6474
			0.804	0.2075	-0.5572
			-0.0281	0.875	0.4834
		b:
			251.1334
			-116.2627
			64.4642
			52.1116
			24.7713
			393.4258


===========================================================================================
===========================================================================================
S4:
	q_c:	341.5	281.5	234.0
	ub :	350.4435	287.4409	243.165
	lb :	333.5071	273.8514	227.7579

	==================================================================================
	Q1:
		Shape: Polyhedra
		q_c:	336.0	282.5	232.0
		ub :	338.4055	285.8472	234.9028
		lb :	333.5945	279.1528	229.0972
		A:
			-0.6664	0.7099	0.2281
			0.2961	-0.0459	-0.954
			0.4222	-0.2114	-0.8815
			0.1059	0.5439	0.8324
			0.9812	-0.0296	-0.1907
			0.8598	-0.2272	-0.4573
			0.6475	0.183	0.7398
			-0.7244	0.4492	0.5229
			-0.2366	-0.8745	0.4234
			-0.6475	-0.183	-0.7398
			0.7244	-0.4492	-0.5229
			0.2366	0.8745	-0.4234
		b:
			31.0112
			-133.1279
			-121.0114
			383.7652
			278.4939
			119.7832
			442.3787
			5.7959
			-225.3182
			-439.3787
			-3.7959
			231.3182
	==================================================================================
	Q2:
		Shape: Ellipse
		q_c:	345.5	279.0	235.0
		ub :	350.4435	284.1486	240.2267
		lb :	340.5565	273.8514	229.7733
		P^-1:
			0.1092	-0.0063	0.0035
			-0.0063	0.0901	0.0118
			0.0035	0.0118	0.1045
	==================================================================================
	Q3:
		Shape: Ellipse
		q_c:	343.0	280.5	239.5
		ub :	346.8925	283.776	243.165
		lb :	339.1075	277.224	235.835
		P^-1:
			0.2063	0.0332	-0.0304
			0.0332	0.1838	-0.0218
			-0.0304	-0.0218	0.1799
	==================================================================================
	Q4:
		Shape: Hybrid
		q_c:	346.0	278.5	235.5
		ub :	349.8679	282.3838	239.3849
		lb :	342.1321	274.6162	231.6151
		P^-1:
			0.1637	0.0126	-0.0127
			0.0126	0.2026	-0.0431
			-0.0127	-0.0431	0.2037
		A:
			-0.815	-0.4767	0.3294
			-0.6147	-0.6301	0.4745
			-0.0953	0.8314	-0.5474
			-0.5922	-0.2777	0.7564
			-0.5696	0.0579	0.8199
			0.1478	-0.9654	-0.2147
		b:
			-335.9421
			-275.3073
			70.7432
			-102.9354
			13.443
			-266.9079
	==================================================================================
	Q5:
		Shape: Polyhedra
		q_c:	341.5	285.0	237.0
		ub :	343.6685	287.4409	238.8442
		lb :	339.3315	282.5591	235.1558
		A:
			0.2666	0.0324	-0.9633
			-0.1349	0.5892	0.7966
			-0.1509	-0.1485	-0.9773
			0.4788	-0.4522	0.7525
			-0.1435	-0.4554	-0.8787
			0.7527	-0.1796	-0.6334
			0.3824	0.1127	0.9171
			-0.8974	0.2816	0.3396
			-0.22	-0.9529	0.2088
			-0.3824	-0.1127	-0.9171
			0.8974	-0.2816	-0.3396
			0.22	0.9529	-0.2088
		b:
			-126.7203
			311.995
			-324.4348
			214.3388
			-385.8631
			57.1911
			381.0695
			-144.2247
			-295.1998
			-379.0695
			147.2247
			299.1998
	==================================================================================
	Q6:
		Shape: Polyhedra
		q_c:	336.5	281.5	231.5
		ub :	339.4929	284.7469	235.2421
		lb :	333.5071	278.2531	227.7579
		A:
			-0.8717	0.4651	0.1544
			-0.7415	0.5086	0.4377
			0.5906	-0.7495	0.299
			0.9407	-0.3388	-0.0175
			0.7399	-0.0651	0.6696
			0.9735	-0.2208	0.0592
			0.2578	0.2647	0.9292
			-0.7741	0.6321	0.0348
			-0.5781	-0.7283	0.3679
			-0.2578	-0.2647	-0.9292
			0.7741	-0.6321	-0.0348
			0.5781	0.7283	-0.3679
		b:
			-125.5026
			-3.5078
			58.3878
			218.4267
			388.1355
			280.6381
			379.3818
			-73.5265
			-311.9031
			-373.3818
			75.5265
			316.9031


===========================================================================================
===========================================================================================
S5:
	q_c:	202.5	104.0	475.5
	ub :	221.4677	121.3052	507.4583
	lb :	177.6995	77.2463	450.2659

	==================================================================================
	Q1:
		Shape: Ellipse
		q_c:	205.5	110.5	496.0
		ub :	213.3696	121.3052	507.4583
		lb :	197.6304	99.6948	484.5417
		P^-1:
			0.0322	-0.0028	-0.0026
			-0.0028	0.0218	-0.0042
			-0.0026	-0.0042	0.015
	==================================================================================
	Q2:
		Shape: Ellipse
		q_c:	200.0	96.5	462.5
		ub :	212.7989	105.4675	474.7341
		lb :	187.2011	87.5325	450.2659
		P^-1:
			0.0302	-0.0335	0.0178
			-0.0335	0.0727	-0.0353
			0.0178	-0.0353	0.0331
	==================================================================================
	Q3:
		Shape: Hybrid
		q_c:	206.0	88.5	457.5
		ub :	216.9364	99.7537	464.2273
		lb :	195.0636	77.2463	450.7727
		P^-1:
			0.029	-0.0112	-0.0108
			-0.0112	0.0191	0.0005
			-0.0108	0.0005	0.0586
		A:
			-0.0855	-0.3476	0.9338
			0.5104	0.3368	-0.7912
			-0.0551	0.0406	0.9977
			-0.3249	0.1904	-0.9264
			-0.2145	-0.1741	0.9611
			0.1478	0.1902	-0.9705
		b:
			381.5342
			-223.3572
			450.9353
			-471.0291
			382.395
			-394.4413
	==================================================================================
	Q4:
		Shape: Polyhedra
		q_c:	207.5	104.5	469.5
		ub :	221.4677	119.1832	484.7792
		lb :	193.5323	89.8168	454.2208
		A:
			-0.2006	-0.8238	0.5303
			0.1638	0.9789	-0.1223
			-0.6545	-0.6765	0.3376
			0.6337	-0.6884	0.353
			0.6371	0.7694	0.0464
			-0.5068	0.837	-0.2062
			0.214	0.7111	0.6698
			-0.7074	0.5856	-0.3957
			-0.6736	-0.3891	0.6283
			-0.214	-0.7111	-0.6698
			0.7074	-0.5856	0.3957
			0.6736	0.3891	-0.6283
		b:
			130.4852
			87.8432
			-38.1807
			232.8158
			243.9074
			-106.7674
			442.1683
			-263.8811
			124.5614
			-424.1683
			278.8811
			-104.5614
	==================================================================================
	Q5:
		Shape: Ellipse
		q_c:	189.0	100.0	469.5
		ub :	200.3005	111.4189	480.7061
		lb :	177.6995	88.5811	458.2939
		P^-1:
			0.025	0.0076	0.0032
			0.0076	0.0254	-0.0002
			0.0032	-0.0002	0.0188
	==================================================================================
	Q6:
		Shape: Ellipse
		q_c:	208.0	93.5	468.0
		ub :	214.3723	99.2582	474.2756
		lb :	201.6277	87.7418	461.7244
		P^-1:
			0.0687	0.0022	0.0157
			0.0022	0.0496	0.0017
			0.0157	0.0017	0.062


===========================================================================================
===========================================================================================
S6:
	q_c:	92.0	76.0	160.5
	ub :	95.4379	80.0956	164.3311
	lb :	90.1564	73.6463	157.8793

	==================================================================================
	Q1:
		Shape: Ellipse
		q_c:	93.0	77.5	160.5
		ub :	94.3043	78.4895	161.856
		lb :	91.6957	76.5105	159.144
		P^-1:
			1.2328	-0.7704	0.2256
			-0.7704	3.5486	-0.7463
			0.2256	-0.7463	1.2185
	==================================================================================
	Q2:
		Shape: Ellipse
		q_c:	92.5	78.0	162.0
		ub :	94.6913	80.0956	164.3311
		lb :	90.3087	75.9044	159.6689
		P^-1:
			0.6898	-0.2359	0.1431
			-0.2359	0.6712	-0.1376
			0.1431	-0.1376	0.5279
	==================================================================================
	Q3:
		Shape: Polyhedra
		q_c:	92.0	76.0	161.5
		ub :	93.6068	77.6883	163.1555
		lb :	90.3932	74.3117	159.8445
		A:
			0.1167	-0.317	-0.9412
			-0.925	0.3361	0.1774
			-0.7723	0.3892	-0.5021
			-0.2271	0.9644	0.1352
			-0.7397	-0.3708	-0.5615
			-0.86	0.492	-0.1358
			0.7768	0.5453	0.315
			0.2536	-0.7287	0.6362
			0.5764	-0.4143	-0.7043
			-0.7768	-0.5453	-0.315
			-0.2536	0.7287	-0.6362
			-0.5764	0.4143	0.7043
		b:
			-164.3615
			-29.9067
			-121.5623
			75.233
			-185.9245
			-62.652
			164.7817
			71.6856
			-91.2028
			-162.7817
			-69.6856
			93.2028
	==================================================================================
	Q4:
		Shape: Hybrid
		q_c:	93.0	77.5	161.0
		ub :	95.1536	79.7535	163.2275
		lb :	90.8464	75.2465	158.7725
		P^-1:
			0.7502	0.0683	0.2678
			0.0683	0.4597	0.0598
			0.2678	0.0598	0.679
		A:
			-0.2642	-0.4598	-0.8478
			-0.596	-0.0541	-0.8011
			0.5019	-0.1452	0.8526
			0.4725	0.758	0.4497
			0.6037	-0.7959	0.0457
			0.11	-0.255	-0.9607
		b:
			-196.0181
			-188.0751
			173.3056
			175.8098
			2.7681
			-163.3465
	==================================================================================
	Q5:
		Shape: Ellipse
		q_c:	94.0	75.5	160.0
		ub :	95.4379	77.3537	161.6182
		lb :	92.5621	73.6463	158.3818
		P^-1:
			2.5111	-0.1542	-1.5516
			-0.1542	0.681	0.4961
			-1.5516	0.4961	2.2524
	==================================================================================
	Q6:
		Shape: Polyhedra
		q_c:	92.5	76.0	160.0
		ub :	94.8436	78.1442	162.1207
		lb :	90.1564	73.8558	157.8793
		A:
			0.6789	-0.3035	0.6686
			-0.8527	0.435	-0.2892
			0.9037	-0.1358	0.4061
			0.0806	-0.9249	-0.3716
			0.025	-0.449	-0.8932
			-0.8801	-0.059	-0.4711
			0.6548	0.709	0.2617
			-0.4449	0.6415	-0.6249
			-0.6109	0.2928	0.7355
			-0.6548	-0.709	-0.2617
			0.4449	-0.6415	0.6249
			0.6109	-0.2928	-0.7355
		b:
			147.8039
			-90.9122
			139.4881
			-120.855
			-173.2504
			-159.9582
			157.8256
			-91.384
			84.9252
			-154.8256
			93.384
			-81.9252


===========================================================================================
===========================================================================================
S7:
	q_c:	478.0	123.0	203.5
	ub :	501.4744	153.357	227.3839
	lb :	457.1996	98.0543	178.5822

	==================================================================================
	Q1:
		Shape: Polyhedra
		q_c:	466.5	121.5	210.0
		ub :	475.8004	131.5024	221.1917
		lb :	457.1996	111.4976	198.8083
		A:
			-0.7724	0.0372	0.6341
			0.2648	-0.0548	-0.9628
			-0.7552	0.5638	0.3343
			-0.3093	-0.1941	0.9309
			0.9606	-0.2184	-0.1717
			-0.9332	0.0176	0.3591
			0.6502	0.3504	0.6742
			-0.7562	0.2128	0.6187
			0.0734	-0.9121	0.4033
			-0.6502	-0.3504	-0.6742
			0.7562	-0.2128	-0.6187
			-0.0734	0.9121	-0.4033
		b:
			-218.989
			-79.4397
			-209.3099
			33.1456
			390.8524
			-353.047
			496.952
			-193.5003
			14.6172
			-477.952
			200.5003
			-1.6172
	==================================================================================
	Q2:
		Shape: Ellipse
		q_c:	476.5	120.0	216.0
		ub :	484.6442	131.9015	227.3839
		lb :	468.3558	108.0985	204.6161
		P^-1:
			0.0426	0.0107	-0.0095
			0.0107	0.0204	0.0021
			-0.0095	0.0021	0.0224
	==================================================================================
	Q3:
		Shape: Ellipse
		q_c:	491.0	128.0	194.0
		ub :	501.4744	134.511	203.4202
		lb :	480.5256	121.489	184.5798
		P^-1:
			0.0247	0.011	-0.01
			0.011	0.0582	0.0083
			-0.01	0.0083	0.0335
	==================================================================================
	Q4:
		Shape: Ellipse
		q_c:	478.5	132.0	193.5
		ub :	491.0615	141.8503	207.2527
		lb :	465.9385	122.1497	179.7473
		P^-1:
			0.0249	0.0116	-0.0063
			0.0116	0.0417	0.0111
			-0.0063	0.0111	0.0175
	==================================================================================
	Q5:
		Shape: Hybrid
		q_c:	465.5	106.0	192.5
		ub :	473.4043	113.9457	199.7289
		lb :	457.5957	98.0543	185.2711
		P^-1:
			0.0207	-0.0013	0.0032
			-0.0013	0.0314	-0.0154
			0.0032	-0.0154	0.0545
		A:
			0.3417	0.8049	-0.4851
			0.5528	-0.371	-0.7462
			-0.1736	-0.0037	-0.9848
			-0.6356	-0.3006	-0.7111
			0.078	-0.2058	0.9755
			0.2208	0.9422	-0.2521
		b:
			154.2552
			78.6617
			-268.1687
			-460.5944
			204.5015
			157.7971
	==================================================================================
	Q6:
		Shape: Polyhedra
		q_c:	470.5	140.0	191.5
		ub :	482.4482	153.357	204.4178
		lb :	458.5518	126.643	178.5822
		A:
			-0.963	-0.1806	0.1999
			-0.0214	-0.8542	0.5196
			0.5718	-0.0039	0.8204
			0.3712	0.9181	-0.1392
			0.7237	0.5834	0.3688
			-0.6235	0.4557	-0.6353
			0.6133	0.5607	0.5563
			-0.0623	-0.6678	0.7417
			0.7874	-0.4896	-0.3746
			-0.6133	-0.5607	-0.5563
			0.0623	0.6678	-0.7417
			-0.7874	0.4896	0.3746
		b:
			-432.0305
			-23.0273
			433.6213
			284.2356
			501.2294
			-343.604
			482.0871
			26.2485
			238.1896
			-465.0871
			-12.2485
			-222.1896


===========================================================================================
===========================================================================================
S8:
	q_c:	61.0	400.5	376.0
	ub :	70.083	412.3367	397.4504
	lb :	43.9667	388.2546	359.5928

	==================================================================================
	Q1:
		Shape: Ellipse
		q_c:	59.0	402.5	367.5
		ub :	67.1916	410.3122	375.4072
		lb :	50.8084	394.6878	359.5928
		P^-1:
			0.0413	0.0026	-0.002
			0.0026	0.0452	-0.0039
			-0.002	-0.0039	0.0429
	==================================================================================
	Q2:
		Shape: Hybrid
		q_c:	62.5	399.5	388.5
		ub :	70.083	408.2332	397.4504
		lb :	54.917	390.7668	379.5496
		P^-1:
			0.0342	0.0065	0.0074
			0.0065	0.0375	0.005
			0.0074	0.005	0.0385
		A:
			0.5765	0.6824	-0.4495
			0.1918	0.6498	-0.7355
			-0.2055	0.0075	-0.9786
			0.6703	0.3656	0.6457
			-0.6804	-0.6578	0.323
			-0.6941	-0.5676	-0.4428
		b:
			137.225
			-10.8496
			-387.2643
			441.1484
			-176.7054
			-439.8043
	==================================================================================
	Q3:
		Shape: Ellipse
		q_c:	57.0	404.0	389.0
		ub :	64.2872	409.0622	393.9543
		lb :	49.7128	398.9378	384.0457
		P^-1:
			0.0396	-0.0245	-0.0126
			-0.0245	0.1027	-0.0036
			-0.0126	-0.0036	0.0783
	==================================================================================
	Q4:
		Shape: Ellipse
		q_c:	50.5	395.0	381.5
		ub :	57.0333	401.7454	386.478
		lb :	43.9667	388.2546	376.522
		P^-1:
			0.0861	0.0524	0.03
			0.0524	0.0869	0.0194
			0.03	0.0194	0.1018
	==================================================================================
	Q5:
		Shape: Polyhedra
		q_c:	54.5	400.0	388.0
		ub :	56.0364	405.2701	392.8387
		lb :	52.9636	394.7299	383.1613
		A:
			0.6783	-0.5033	-0.5353
			-0.975	0.0357	-0.2194
			-0.1443	0.9541	0.2625
			0.7798	0.3788	0.4984
			-0.519	-0.3367	-0.7857
			0.0887	-0.0749	-0.9932
			0.2004	0.6343	0.7466
			0.0468	0.755	-0.654
			-0.9786	0.166	0.1216
			-0.2004	-0.6343	-0.7466
			-0.0468	-0.755	0.654
			0.9786	-0.166	-0.1216
		b:
			-370.8662
			-122.6979
			478.849
			388.7106
			-465.9117
			-407.0263
			555.8504
			56.3023
			61.2414
			-552.8504
			-45.3023
			-59.2414
	==================================================================================
	Q6:
		Shape: Hybrid
		q_c:	56.5	406.5	367.0
		ub :	59.1135	412.3367	371.9438
		lb :	53.8865	400.6633	362.0562
		P^-1:
			0.16	0.0016	0.0013
			0.0016	0.0539	-0.0282
			0.0013	-0.0282	0.0972
		A:
			-0.4608	0.0203	-0.8873
			-0.6314	-0.7703	-0.0891
			0.391	0.8614	-0.3241
			0.0981	0.2884	0.9525
			-0.5231	-0.5658	-0.6374
			0.5999	-0.418	0.6822
		b:
			-341.4299
			-378.7201
			255.913
			475.1325
			-490.4912
			115.9227


===========================================================================================
===========================================================================================
S9:
	q_c:	416.0	408.0	187.0
	ub :	437.7436	431.9915	204.0023
	lb :	390.0702	382.1714	157.8414

	==================================================================================
	Q1:
		Shape: Ellipse
		q_c:	428.0	421.5	180.5
		ub :	435.9862	431.9915	185.1077
		lb :	420.0138	411.0085	175.8923
		P^-1:
			0.0617	0.0416	0.1988
			0.0416	0.048	0.188
			0.1988	0.188	0.9171
	==================================================================================
	Q2:
		Shape: Hybrid
		q_c:	402.5	393.5	189.0
		ub :	414.9298	404.8286	197.2044
		lb :	390.0702	382.1714	180.7956
		P^-1:
			0.0315	-0.0317	0.0222
			-0.0317	0.0548	-0.0366
			0.0222	-0.0366	0.0575
		A:
			0.1139	0.1271	-0.9853
			-0.5903	-0.1132	-0.7992
			0.5238	-0.5735	0.6299
			-0.4673	0.7179	0.5161
			-0.7329	0.59	-0.3388
			-0.7677	0.3053	-0.5633
		b:
			-86.5508
			-427.3788
			105.9256
			196.7715
			-124.0581
			-291.2707
	==================================================================================
	Q3:
		Shape: Polyhedra
		q_c:	426.5	415.5	171.5
		ub :	437.7436	428.8025	185.1586
		lb :	415.2564	402.1975	157.8414
		A:
			-0.6171	-0.411	-0.6711
			0.5642	0.3887	0.7284
			-0.7718	-0.6012	-0.207
			-0.8246	-0.4733	-0.3097
			0.7701	0.2125	0.6016
			0.7858	-0.5503	0.2822
			0.7699	0.5426	0.3359
			0.348	-0.7982	0.4917
			0.5349	-0.2617	-0.8034
			-0.7699	-0.5426	-0.3359
			-0.348	0.7982	-0.4917
			-0.5349	0.2617	0.8034
		b:
			-544.1439
			532.3664
			-610.719
			-597.8944
			525.5234
			165.2244
			614.9218
			-87.3951
			-9.8801
			-607.9218
			110.3951
			26.8801
	==================================================================================
	Q4:
		Shape: Hybrid
		q_c:	421.0	410.0	191.0
		ub :	432.2284	421.4838	201.268
		lb :	409.7716	398.5162	180.732
		P^-1:
			0.0236	-0.0031	-0.0081
			-0.0031	0.0267	-0.0104
			-0.0081	-0.0104	0.0298
		A:
			-0.7314	-0.0401	0.6808
			0.8088	0.5246	0.2659
			-0.2249	0.7956	-0.5626
			-0.9156	-0.0429	0.3997
			0.6867	-0.1408	-0.7131
			0.8153	0.4913	0.3065
		b:
			-191.3775
			612.4005
			126.9075
			-323.1851
			98.283
			609.3105
	==================================================================================
	Q5:
		Shape: Hybrid
		q_c:	400.5	416.0	187.0
		ub :	410.3423	426.7934	198.7521
		lb :	390.6577	405.2066	175.2479
		P^-1:
			0.0178	0.0006	-0.0002
			0.0006	0.0171	-0.0021
			-0.0002	-0.0021	0.0189
		A:
			-0.0179	0.9786	0.2048
			-0.6956	-0.3528	0.6258
			0.3462	-0.455	-0.8204
			0.4037	0.9132	-0.0558
			-0.3465	0.2341	0.9084
			-0.353	0.5692	-0.7426
		b:
			442.5914
			-304.6525
			-199.7312
			535.1733
			132.5696
			-39.8184
	==================================================================================
	Q6:
		Shape: Hybrid
		q_c:	404.0	399.0	198.5
		ub :	413.922	409.3994	204.0023
		lb :	394.078	388.6006	192.9977
		P^-1:
			0.0671	0.0297	0.0876
			0.0297	0.0329	0.0489
			0.0876	0.0489	0.1893
		A:
			-0.3897	0.1136	-0.9139
			0.4914	-0.5775	0.652
			0.0255	-0.4214	-0.9065
			0.4394	0.263	0.8589
			0.6002	0.1779	0.7798
			-0.719	-0.2845	-0.6342
		b:
			-291.2539
			102.6697
			-334.6577
			453.9525
			469.6618
			-527.8535


===========================================================================================
===========================================================================================
S10:
	q_c:	62.0	259.0	175.0
	ub :	68.3966	274.8283	191.7111
	lb :	46.9896	242.2098	157.1427

	==================================================================================
	Q1:
		Shape: Hybrid
		q_c:	55.0	267.0	173.5
		ub :	63.0104	274.8283	178.5787
		lb :	46.9896	259.1717	168.4213
		P^-1:
			0.0406	0.0173	0.0174
			0.0173	0.0513	0.0198
			0.0174	0.0198	0.0964
		A:
			0.3275	-0.4436	0.8342
			0.2842	0.8273	-0.4845
			-0.2671	0.2775	0.9228
			-0.4739	0.8775	-0.0741
			0.1689	-0.2025	-0.9646
			-0.5103	0.7526	-0.4162
		b:
			47.1847
			155.5491
			221.9193
			199.5513
			-210.0036
			104.6941
	==================================================================================
	Q2:
		Shape: Ellipse
		q_c:	61.0	251.5	174.0
		ub :	68.3966	257.6527	178.288
		lb :	53.6034	245.3473	169.712
		P^-1:
			0.0442	-0.0224	-0.0143
			-0.0224	0.0684	-0.0064
			-0.0143	-0.0064	0.108
	==================================================================================
	Q3:
		Shape: Ellipse
		q_c:	58.5	264.0	177.5
		ub :	64.9828	271.0167	184.0064
		lb :	52.0172	256.9833	170.9936
		P^-1:
			0.1026	0.0153	0.0563
			0.0153	0.0471	0.0083
			0.0563	0.0083	0.0997
	==================================================================================
	Q4:
		Shape: Polyhedra
		q_c:	57.5	249.5	185.0
		ub :	64.2462	256.7902	191.7111
		lb :	50.7538	242.2098	178.2889
		A:
			0.9003	0.4148	-0.1319
			0.8395	0.2604	0.4768
			-0.2004	0.4162	0.8869
			-0.4085	0.4795	-0.7767
			-0.6859	-0.4384	-0.5808
			0.7591	0.5809	-0.2938
			0.6834	0.6695	0.291
			-0.1404	-0.2706	0.9524
			0.7164	-0.6918	-0.0909
			-0.6834	-0.6695	-0.291
			0.1404	0.2706	-0.9524
			-0.7164	0.6918	0.0909
		b:
			134.9226
			205.3752
			261.506
			-42.2487
			-252.4536
			138.4679
			263.6711
			106.1177
			-143.2181
			-256.6711
			-95.1177
			153.2181
	==================================================================================
	Q5:
		Shape: Hybrid
		q_c:	57.5	264.5	163.5
		ub :	62.764	271.1209	169.8573
		lb :	52.236	257.8791	157.1427
		P^-1:
			0.0812	-0.0024	-0.0029
			-0.0024	0.0687	-0.0156
			-0.0029	-0.0156	0.0628
		A:
			0.6812	-0.7034	0.2029
			-0.5944	-0.7843	-0.1777
			-0.4645	-0.4871	0.7396
			-0.5272	0.1352	0.8389
			0.6653	-0.5752	-0.476
			-0.1621	-0.1063	0.981
		b:
			-111.9002
			-268.4036
			-32.8173
			144.8316
			-189.5155
			125.193
	==================================================================================
	Q6:
		Shape: Hybrid
		q_c:	63.5	254.0	177.0
		ub :	66.981	258.4731	181.5678
		lb :	60.019	249.5269	172.4322
		P^-1:
			0.1466	0.074	0.0716
			0.074	0.2342	0.1731
			0.0716	0.1731	0.2372
		A:
			0.4209	-0.8628	-0.2801
			0.7914	0.477	0.3824
			0.6086	0.5496	0.5723
			0.4675	0.7301	0.4983
			0.6153	-0.7403	0.2709
			0.7634	0.5995	-0.2405
		b:
			-239.9727
			240.4231
			280.5056
			304.2657
			-98.1867
			160.5355


===========================================================================================
===========================================================================================
S11:
	q_c:	43.5	366.5	140.0
	ub :	64.0465	388.4181	155.7996
	lb :	18.6665	359.959	124.8789

	==================================================================================
	Q1:
		Shape: Ellipse
		q_c:	26.5	380.0	133.5
		ub :	34.3335	388.0677	142.1211
		lb :	18.6665	371.9323	124.8789
		P^-1:
			0.0857	-0.0545	-0.03
			-0.0545	0.0737	0.0423
			-0.03	0.0423	0.0584
	==================================================================================
	Q2:
		Shape: Polyhedra
		q_c:	37.0	381.0	133.0
		ub :	42.2566	384.99	137.9329
		lb :	31.7434	377.01	128.0671
		A:
			-0.3811	0.9198	-0.094
			-0.8157	-0.5118	-0.2696
			0.7355	-0.1435	-0.6622
			0.1831	0.9507	0.2502
			0.5085	-0.7884	-0.346
			0.0316	0.3587	-0.9329
			0.9711	0.0671	0.2291
			-0.145	-0.5967	0.7892
			0.1897	-0.7996	-0.5698
			-0.9711	-0.0671	-0.2291
			0.145	0.5967	-0.7892
			-0.1897	0.7996	0.5698
		b:
			326.7311
			-256.9061
			-112.1493
			404.8748
			-325.1024
			17.2032
			96.4829
			-124.2576
			-371.4115
			-87.4829
			131.2576
			375.4115
	==================================================================================
	Q3:
		Shape: Polyhedra
		q_c:	56.0	378.0	147.0
		ub :	64.0465	383.6696	155.7996
		lb :	47.9535	372.3304	138.2004
		A:
			-0.4786	0.2414	-0.8442
			-0.4682	-0.8836	0.0046
			0.1084	0.5785	-0.8084
			0.3783	0.921	0.093
			-0.1701	-0.8361	0.5215
			0.8705	0.4911	0.0327
			0.288	0.3263	0.9003
			-0.1402	0.9444	-0.2975
			-0.9473	-0.0405	0.3177
			-0.288	-0.3263	-0.9003
			0.1402	-0.9444	0.2975
			0.9473	0.0405	-0.3177
		b:
			-53.9091
			-354.7584
			110.7637
			387.7667
			-244.9145
			245.0651
			278.3292
			308.8996
			-15.6559
			-265.3292
			-301.8996
			27.6559
	==================================================================================
	Q4:
		Shape: Polyhedra
		q_c:	31.0	380.0	137.5
		ub :	40.3299	388.4181	146.6854
		lb :	21.6701	371.5819	128.3146
		A:
			-0.5359	-0.8442	-0.0067
			0.2407	0.7794	0.5784
			-0.4098	0.8236	-0.3921
			0.5579	0.3449	0.7549
			0.8503	0.0104	-0.5262
			0.1115	0.5066	0.8549
			0.8425	0.2429	0.4808
			-0.5154	0.1037	0.8507
			0.1568	-0.9645	0.2125
			-0.8425	-0.2429	-0.4808
			0.5154	-0.1037	-0.8507
			-0.1568	0.9645	-0.2125
		b:
			-331.881
			389.4852
			252.8367
			258.5101
			-36.3211
			319.519
			191.0297
			145.8784
			-325.9303
			-178.0297
			-134.8784
			338.9303
	==================================================================================
	Q5:
		Shape: Polyhedra
		q_c:	48.5	375.5	144.0
		ub :	52.6372	381.3488	150.0782
		lb :	44.3628	369.6512	137.9218
		A:
			0.6969	-0.5798	0.4221
			-0.7508	0.5089	-0.4211
			-0.2392	-0.9584	-0.1559
			-0.127	0.5718	-0.8105
			0.6148	0.5372	0.5774
			-0.7057	0.1695	-0.688
			0.1744	0.7278	0.6633
			-0.1099	0.6838	-0.7214
			-0.9785	0.0529	0.1992
			-0.1744	-0.7278	-0.6633
			0.1099	-0.6838	0.7214
			0.9785	-0.0529	-0.1992
		b:
			-120.1399
			97.0371
			-389.4116
			94.8697
			319.3103
			-66.132
			382.2463
			150.5552
			4.0815
			-372.2463
			-144.5552
			1.9185
	==================================================================================
	Q6:
		Shape: Hybrid
		q_c:	40.0	365.5	146.0
		ub :	48.9013	371.041	153.1444
		lb :	31.0987	359.959	138.8556
		P^-1:
			0.0742	0.0081	-0.0884
			0.0081	0.1353	-0.0637
			-0.0884	-0.0637	0.1655
		A:
			0.3388	0.8205	-0.4604
			-0.8402	-0.1252	0.5277
			-0.4625	-0.3478	0.8155
			0.3005	0.7699	0.563
			-0.478	0.7432	-0.4681
			0.6068	-0.3251	-0.7253
		b:
			248.0106
			0.6273
			-25.5341
			381.2248
			187.7822
			-198.8546


===========================================================================================
===========================================================================================
S12:
	q_c:	289.0	383.5	205.5
	ub :	307.4854	393.5265	218.5915
	lb :	285.4101	372.0474	194.6749

	==================================================================================
	Q1:
		Shape: Hybrid
		q_c:	301.0	386.5	212.5
		ub :	307.4854	393.5265	218.5915
		lb :	294.5146	379.4735	206.4085
		P^-1:
			0.0714	0.0066	-0.023
			0.0066	0.0654	-0.0267
			-0.023	-0.0267	0.0769
		A:
			-0.6405	0.2928	-0.7099
			-0.8731	0.4478	-0.1928
			-0.2785	0.9302	-0.2391
			0.6768	-0.7298	0.0964
			0.0792	-0.9305	0.3577
			0.4698	-0.2329	0.8515
		b:
			-227.7684
			-128.1473
			227.3028
			-55.3831
			-257.5872
			235.0345
	==================================================================================
	Q2:
		Shape: Polyhedra
		q_c:	287.5	388.5	203.0
		ub :	289.5899	391.1964	205.9243
		lb :	285.4101	385.8036	200.0757
		A:
			0.8831	-0.0018	0.4691
			0.4957	-0.5524	-0.6702
			-0.4212	0.2475	-0.8725
			0.4163	-0.7668	-0.4886
			0.8271	-0.1811	-0.532
			-0.8616	-0.1212	0.4929
			0.7934	0.5766	0.1948
			0.5964	-0.6728	-0.4377
			-0.1213	0.4635	-0.8778
			-0.7934	-0.5766	-0.1948
			-0.5964	0.6728	0.4377
			0.1213	-0.4635	0.8778
		b:
			350.2198
			-206.9581
			-199.6731
			-276.3799
			60.7418
			-193.2447
			493.1766
			-177.7765
			-30.5236
			-490.1766
			179.7765
			35.5236
	==================================================================================
	Q3:
		Shape: Polyhedra
		q_c:	295.5	384.5	204.5
		ub :	301.1291	387.674	210.6566
		lb :	289.8709	381.326	198.3434
		A:
			0.7425	0.6418	-0.1916
			0.6699	-0.6293	0.394
			0.2422	0.9616	-0.1291
			0.361	0.8761	-0.3196
			0.6802	0.43	-0.5937
			0.9104	0.3008	-0.2841
			0.546	0.1421	0.8256
			0.3678	0.8448	-0.3887
			-0.7527	0.5159	0.409
			-0.546	-0.1421	-0.8256
			-0.3678	-0.8448	0.3887
			0.7527	-0.5159	-0.409
		b:
			429.2642
			40.4809
			416.4452
			379.2287
			246.7423
			329.2578
			390.3335
			355.0267
			62.5737
			-379.3335
			-353.0267
			-56.5737
	==================================================================================
	Q4:
		Shape: Ellipse
		q_c:	292.0	384.5	199.5
		ub :	297.7868	390.6454	203.1064
		lb :	286.2132	378.3546	195.8936
		P^-1:
			0.1193	0.0491	0.0578
			0.0491	0.0713	0.0255
			0.0578	0.0255	0.2105
	==================================================================================
	Q5:
		Shape: Hybrid
		q_c:	300.0	377.0	202.0
		ub :	306.0397	381.9526	208.1686
		lb :	293.9603	372.0474	195.8314
		P^-1:
			0.0733	-0.001	-0.0094
			-0.001	0.0815	-0.0011
			-0.0094	-0.0011	0.071
		A:
			-0.4982	-0.3132	0.8085
			0.2909	-0.4468	0.846
			-0.5123	-0.502	0.6968
			0.8839	0.4581	0.0938
			-0.4252	0.893	-0.1473
			-0.2981	-0.7538	-0.5856
		b:
			-102.4613
			91.7713
			-200.4463
			458.8254
			181.1621
			-489.8967
	==================================================================================
	Q6:
		Shape: Hybrid
		q_c:	296.5	384.0	197.5
		ub :	300.7025	388.4852	200.3251
		lb :	292.2975	379.5148	194.6749
		P^-1:
			0.1526	0.0345	-0.0225
			0.0345	0.0986	-0.0169
			-0.0225	-0.0169	0.2404
		A:
			-0.8938	-0.4439	0.0647
			-0.1313	-0.4583	-0.8791
			-0.3854	-0.1265	-0.914
			0.595	0.368	-0.7145
			0.1325	-0.3107	-0.9412
			0.2938	0.1188	0.9485
		b:
			-421.2346
			-387.0832
			-342.11
			177.7026
			-264.5909
			321.2423


===========================================================================================
===========================================================================================
S13:
	q_c:	210.5	130.0	164.5
	ub :	235.7981	156.0563	184.4871
	lb :	189.0217	115.2381	145.0596

	==================================================================================
	Q1:
		Shape: Polyhedra
		q_c:	219.0	133.5	155.5
		ub :	226.0402	143.7274	165.9404
		lb :	211.9598	123.2726	145.0596
		A:
			0.7734	0.1404	-0.6181
			-0.8814	-0.2614	-0.3934
			-0.7137	-0.0886	0.6948
			-0.8486	-0.3178	-0.4229
			-0.4498	0.8919	-0.0476
			0.084	-0.995	0.0542
			0.1366	0.8701	0.4735
			0.9027	0.0875	-0.4213
			-0.408	0.485	-0.7735
			-0.1366	-0.8701	-0.4735
			-0.9027	-0.0875	0.4213
			0.408	-0.485	0.7735
		b:
			95.8075
			-283.1491
			-56.0391
			-287.9006
			20.1511
			-98.674
			227.2141
			147.3667
			-137.8848
			-212.2141
			-140.3667
			151.8848
	==================================================================================
	Q2:
		Shape: Ellipse
		q_c:	203.5	132.0	166.5
		ub :	210.9674	138.5359	169.3469
		lb :	196.0326	125.4641	163.6531
		P^-1:
			0.0796	0.0123	0.1622
			0.0123	0.1135	-0.1732
			0.1622	-0.1732	0.9384
	==================================================================================
	Q3:
		Shape: Polyhedra
		q_c:	199.5	133.5	169.0
		ub :	209.9783	139.1023	174.7397
		lb :	189.0217	127.8977	163.2603
		A:
			-0.1984	0.9315	0.3048
			-0.343	-0.7005	-0.6258
			-0.3669	-0.6664	0.649
			0.0306	-0.999	0.0322
			-0.4268	-0.7054	0.5659
			0.6232	0.7121	-0.3234
			0.1331	0.9865	0.0956
			0.2166	0.0652	-0.9741
			-0.9671	0.1503	-0.205
			-0.1331	-0.9865	-0.0956
			-0.2166	-0.0652	0.9741
			0.9671	-0.1503	0.205
		b:
			140.8784
			-262.7656
			-48.6118
			-117.5159
			-79.5734
			170.0969
			178.4047
			-109.1909
			-198.0266
			-170.4047
			116.1909
			217.0266
	==================================================================================
	Q4:
		Shape: Hybrid
		q_c:	224.5	133.0	175.5
		ub :	235.7981	142.649	184.4871
		lb :	213.2019	123.351	166.5129
		P^-1:
			0.0185	-0.0048	-0.001
			-0.0048	0.0252	-0.0007
			-0.001	-0.0007	0.0201
		A:
			0.6763	-0.5323	0.5093
			-0.5696	0.8074	0.1539
			-0.017	-0.6677	0.7442
			-0.3334	0.3874	-0.8595
			0.7282	-0.2188	0.6495
			0.2902	0.616	0.7324
		b:
			174.0438
			9.5661
			41.6686
			-170.2928
			252.6054
			279.9943
