3D_50_9_6_b                l = 3

===========================================================================================
===========================================================================================
S1:
	q_c:	74.5	488.5	277.0
	ub :	86.9188	497.8086	283.9318
	lb :	66.8693	476.1976	267.9293

	==================================================================================
	Q1:
		Shape: Polyhedra
		q_c:	70.0	481.5	273.5
		ub :	73.1307	486.8024	279.0707
		lb :	66.8693	476.1976	267.9293
		A:
			-0.6778	0.3013	-0.6707
			-0.9626	-0.0422	0.2677
			0.6641	-0.2881	0.6899
			0.2286	0.8884	-0.3981
			-0.645	0.0723	0.7607
			-0.1868	-0.4617	0.8672
			0.3768	0.5768	0.7248
			0.0152	0.7785	-0.6275
			-0.9262	0.2475	0.2845
			-0.3768	-0.5768	-0.7248
			-0.0152	-0.7785	0.6275
			0.9262	-0.2475	-0.2845
		b:
			-82.5013
			-12.6881
			99.8063
			338.0381
			200.1016
			4.8493
			506.8434
			207.2742
			133.6654
			-497.8434
			-201.2742
			-130.6654
	==================================================================================
	Q2:
		Shape: Polyhedra
		q_c:	75.0	489.5	275.0
		ub :	78.427	493.2685	277.6308
		lb :	71.573	485.7315	272.3692
		A:
			0.2667	-0.1942	-0.944
			0.1884	0.2624	-0.9464
			0.289	-0.3979	0.8707
			0.3007	0.839	0.4535
			-0.8734	-0.2995	0.3839
			-0.5198	0.2404	0.8198
			0.709	0.3298	0.6233
			0.3468	-0.9327	0.0989
			0.614	0.146	-0.7757
			-0.709	-0.3298	-0.6233
			-0.3468	0.9327	-0.0989
			-0.614	-0.146	0.7757
		b:
			-333.1204
			-116.1474
			68.6757
			560.6656
			-105.0667
			305.5688
			388.5115
			-400.3411
			-94.7672
			-383.5115
			406.3411
			96.7672
	==================================================================================
	Q3:
		Shape: Polyhedra
		q_c:	76.5	488.0	276.5
		ub :	80.8766	492.6305	280.4377
		lb :	72.1234	483.3695	272.5623
		A:
			-0.0194	0.8868	-0.4618
			0.9865	-0.0773	-0.1447
			-0.1605	-0.9217	-0.3532
			0.0686	-0.2603	-0.9631
			0.0804	0.9712	0.2243
			0.1392	0.0976	-0.9854
			0.7475	0.6389	0.1819
			0.2308	-0.5065	0.8308
			0.6229	-0.579	-0.526
			-0.7475	-0.6389	-0.1819
			-0.2308	0.5065	-0.8308
			-0.6229	0.579	0.526
		b:
			306.1863
			0.4558
			-556.9084
			-385.5246
			544.8914
			-211.6944
			422.2625
			2.709
			-377.8517
			-416.2625
			2.291
			382.8517
	==================================================================================
	Q4:
		Shape: Polyhedra
		q_c:	73.0	486.0	280.0
		ub :	75.8568	489.5529	283.9318
		lb :	70.1432	482.4471	276.0682
		A:
			0.6734	0.7306	0.1134
			-0.4965	-0.8562	0.1428
			-0.8084	0.4682	0.3568
			0.0138	-0.9773	0.2116
			0.2045	-0.6138	0.7625
			-0.6339	0.7728	-0.0301
			0.1866	0.6735	0.7153
			-0.1841	0.7391	-0.6479
			-0.965	-0.0107	0.2619
			-0.1866	-0.6735	-0.7153
			0.1841	-0.7391	0.6479
			0.965	0.0107	-0.2619
		b:
			438.2687
			-410.0272
			270.5933
			-412.2114
			-67.4034
			323.2342
			543.7081
			166.8576
			-0.3171
			-538.7081
			-161.8576
			4.3171
	==================================================================================
	Q5:
		Shape: Polyhedra
		q_c:	82.0	483.0	275.0
		ub :	86.9188	488.8797	280.8671
		lb :	77.0812	477.1203	269.1329
		A:
			0.9679	0.1123	0.2248
			0.916	0.4003	0.0263
			-0.7736	-0.6236	-0.1126
			-0.1245	0.3899	0.9124
			-0.6226	0.7195	0.3077
			-0.7763	-0.4923	-0.3937
			0.3904	0.8176	0.4233
			0.9166	-0.3021	-0.2617
			-0.0861	0.4902	-0.8674
			-0.3904	-0.8176	-0.4233
			-0.9166	0.3021	0.2617
			0.0861	-0.4902	0.8674
		b:
			198.9691
			279.1735
			-392.0847
			432.7084
			384.5872
			-406.2178
			546.808
			-139.2463
			-4.8256
			-539.808
			146.2463
			12.8256
	==================================================================================
	Q6:
		Shape: Hybrid
		q_c:	74.5	493.5	278.0
		ub :	77.9269	497.8086	282.4204
		lb :	71.0731	489.1914	273.5796
		P^-1:
			0.1117	0.0066	-0.0094
			0.0066	0.1806	-0.0899
			-0.0094	-0.0899	0.1313
		A:
			0.6951	-0.5356	0.4796
			0.5276	-0.551	0.6465
			-0.7003	-0.6941	0.1666
			-0.4135	0.8731	-0.2584
			0.4983	-0.8643	0.0682
			0.2434	-0.931	0.2722
		b:
			-77.5864
			-51.4019
			-346.7007
			329.7092
			-368.6139
			-364.2117


===========================================================================================
===========================================================================================
S2:
	q_c:	478.0	123.0	203.5
	ub :	501.4744	153.357	227.3839
	lb :	457.1996	98.0543	178.5822

	==================================================================================
	Q1:
		Shape: Polyhedra
		q_c:	466.5	121.5	210.0
		ub :	475.8004	131.5024	221.1917
		lb :	457.1996	111.4976	198.8083
		A:
			-0.7724	0.0372	0.6341
			0.2648	-0.0548	-0.9628
			-0.7552	0.5638	0.3343
			-0.3093	-0.1941	0.9309
			0.9606	-0.2184	-0.1717
			-0.9332	0.0176	0.3591
			0.6502	0.3504	0.6742
			-0.7562	0.2128	0.6187
			0.0734	-0.9121	0.4033
			-0.6502	-0.3504	-0.6742
			0.7562	-0.2128	-0.6187
			-0.0734	0.9121	-0.4033
		b:
			-218.989
			-79.4397
			-209.3099
			33.1456
			390.8524
			-353.047
			496.952
			-193.5003
			14.6172
			-477.952
			200.5003
			-1.6172
	==================================================================================
	Q2:
		Shape: Ellipse
		q_c:	476.5	120.0	216.0
		ub :	484.6442	131.9015	227.3839
		lb :	468.3558	108.0985	204.6161
		P^-1:
			0.0426	0.0107	-0.0095
			0.0107	0.0204	0.0021
			-0.0095	0.0021	0.0224
	==================================================================================
	Q3:
		Shape: Ellipse
		q_c:	491.0	128.0	194.0
		ub :	501.4744	134.511	203.4202
		lb :	480.5256	121.489	184.5798
		P^-1:
			0.0247	0.011	-0.01
			0.011	0.0582	0.0083
			-0.01	0.0083	0.0335
	==================================================================================
	Q4:
		Shape: Ellipse
		q_c:	478.5	132.0	193.5
		ub :	491.0615	141.8503	207.2527
		lb :	465.9385	122.1497	179.7473
		P^-1:
			0.0249	0.0116	-0.0063
			0.0116	0.0417	0.0111
			-0.0063	0.0111	0.0175
	==================================================================================
	Q5:
		Shape: Hybrid
		q_c:	465.5	106.0	192.5
		ub :	473.4043	113.9457	199.7289
		lb :	457.5957	98.0543	185.2711
		P^-1:
			0.0207	-0.0013	0.0032
			-0.0013	0.0314	-0.0154
			0.0032	-0.0154	0.0545
		A:
			0.3417	0.8049	-0.4851
			0.5528	-0.371	-0.7462
			-0.1736	-0.0037	-0.9848
			-0.6356	-0.3006	-0.7111
			0.078	-0.2058	0.9755
			0.2208	0.9422	-0.2521
		b:
			154.2552
			78.6617
			-268.1687
			-460.5944
			204.5015
			157.7971
	==================================================================================
	Q6:
		Shape: Polyhedra
		q_c:	470.5	140.0	191.5
		ub :	482.4482	153.357	204.4178
		lb :	458.5518	126.643	178.5822
		A:
			-0.963	-0.1806	0.1999
			-0.0214	-0.8542	0.5196
			0.5718	-0.0039	0.8204
			0.3712	0.9181	-0.1392
			0.7237	0.5834	0.3688
			-0.6235	0.4557	-0.6353
			0.6133	0.5607	0.5563
			-0.0623	-0.6678	0.7417
			0.7874	-0.4896	-0.3746
			-0.6133	-0.5607	-0.5563
			0.0623	0.6678	-0.7417
			-0.7874	0.4896	0.3746
		b:
			-432.0305
			-23.0273
			433.6213
			284.2356
			501.2294
			-343.604
			482.0871
			26.2485
			238.1896
			-465.0871
			-12.2485
			-222.1896


===========================================================================================
===========================================================================================
S3:
	q_c:	384.5	395.0	99.5
	ub :	420.0523	423.2721	136.9737
	lb :	352.7803	366.0031	68.7557

	==================================================================================
	Q1:
		Shape: Ellipse
		q_c:	404.0	387.5	114.5
		ub :	420.0523	403.6863	128.5106
		lb :	387.9477	371.3137	100.4894
		P^-1:
			0.0091	0.0038	0.0028
			0.0038	0.0128	0.0015
			0.0028	0.0015	0.0146
	==================================================================================
	Q2:
		Shape: Hybrid
		q_c:	380.0	391.0	81.5
		ub :	393.3065	405.1826	93.8846
		lb :	366.6935	376.8174	69.1154
		P^-1:
			0.0192	-0.0017	-0.0064
			-0.0017	0.018	-0.0078
			-0.0064	-0.0078	0.0186
		A:
			0.2355	0.7269	-0.645
			-0.6651	0.4922	-0.5616
			-0.2812	0.9363	-0.2103
			0.6508	0.5968	-0.4694
			-0.8763	0.458	-0.1497
			0.5252	-0.0185	-0.8508
		b:
			324.3338
			-101.2974
			246.3139
			446.2128
			-161.8123
			127.0293
	==================================================================================
	Q3:
		Shape: Polyhedra
		q_c:	388.5	380.0	89.5
		ub :	401.5922	393.1121	96.1841
		lb :	375.4078	366.8879	82.8159
		A:
			-0.948	-0.3007	-0.1045
			-0.4991	-0.2103	0.8406
			-0.2002	0.7077	-0.6776
			0.2159	-0.181	-0.9595
			-0.1073	-0.6526	-0.75
			-0.1538	-0.0205	0.9879
			0.1985	0.1704	0.9652
			-0.5671	-0.7832	0.2549
			0.7994	-0.598	-0.0588
			-0.1985	-0.1704	-0.9652
			0.5671	0.7832	-0.2549
			-0.7994	0.598	0.0588
		b:
			-483.3415
			-191.4322
			138.2083
			-65.6052
			-351.0432
			25.9833
			232.2474
			-486.1273
			87.0679
			-224.2474
			504.1273
			-69.0679
	==================================================================================
	Q4:
		Shape: Hybrid
		q_c:	391.5	385.5	119.0
		ub :	404.8259	404.9969	136.9737
		lb :	378.1741	366.0031	101.0263
		P^-1:
			0.0197	0.0001	-0.006
			0.0001	0.0065	0.0046
			-0.006	0.0046	0.0134
		A:
			0.324	-0.0622	-0.944
			0.4864	-0.6178	-0.6178
			0.9591	0.0882	-0.269
			0.9797	0.0816	-0.183
			-0.1624	0.6104	0.7753
			-0.075	-0.506	-0.8592
		b:
			-3.6083
			-116.0727
			381.148
			397.0376
			269.0168
			-321.4395
	==================================================================================
	Q5:
		Shape: Polyhedra
		q_c:	365.5	386.5	82.5
		ub :	378.2197	400.2972	96.2443
		lb :	352.7803	372.7028	68.7557
		A:
			0.0539	-0.7409	0.6694
			0.0553	0.226	0.9726
			0.3598	-0.8716	-0.333
			0.6866	-0.1889	-0.702
			0.2533	0.3004	-0.9196
			-0.0654	0.9651	0.2537
			0.5417	0.6283	0.5584
			0.7552	-0.072	-0.6515
			-0.3691	0.7746	-0.5135
			-0.5417	-0.6283	-0.5584
			-0.7552	0.072	0.6515
			0.3691	-0.7746	0.5135
		b:
			-201.8354
			195.8136
			-224.2982
			125.6259
			140.412
			379.2319
			495.8833
			199.9417
			132.1304
			-477.8833
			-188.9417
			-112.1304
	==================================================================================
	Q6:
		Shape: Polyhedra
		q_c:	376.0	414.5	116.5
		ub :	387.4669	423.2721	125.0705
		lb :	364.5331	405.7279	107.9295
		A:
			0.1945	-0.4745	0.8585
			-0.2213	0.8271	-0.5166
			-0.6417	-0.1554	0.751
			0.5039	0.6506	-0.5681
			-0.4492	0.5665	0.6909
			0.3272	-0.216	-0.9199
			0.7691	0.403	0.496
			0.3921	0.3153	-0.8642
			-0.5047	0.8591	0.0845
			-0.7691	-0.403	-0.496
			-0.3921	-0.3153	0.8642
			0.5047	-0.8591	-0.0845
		b:
			-18.3297
			203.3673
			-214.2567
			398.0482
			150.829
			-69.0696
			524.5369
			180.9267
			180.1941
			-503.5369
			-173.9267
			-172.1941


===========================================================================================
===========================================================================================
S4:
	q_c:	485.5	196.0	102.5
	ub :	499.027	218.5109	132.6156
	lb :	463.2234	164.7223	71.4478

	==================================================================================
	Q1:
		Shape: Polyhedra
		q_c:	479.5	182.5	111.5
		ub :	492.1996	194.6212	119.5331
		lb :	466.8004	170.3788	103.4669
		A:
			-0.0707	0.1287	-0.9892
			-0.9809	0.0176	-0.1935
			0.4926	0.3235	-0.8079
			0.8375	-0.0998	0.5373
			-0.7427	0.0176	0.6694
			0.0051	0.4352	-0.9003
			0.7967	0.4043	0.4492
			0.4741	-0.8791	-0.0497
			0.3748	0.2525	-0.892
			-0.7967	-0.4043	-0.4492
			-0.4741	0.8791	0.0497
			-0.3748	-0.2525	0.892
		b:
			-115.2647
			-479.9761
			209.3706
			452.0241
			-272.7734
			-13.4592
			514.894
			69.8844
			130.3407
			-496.894
			-52.8844
			-122.3407
	==================================================================================
	Q2:
		Shape: Ellipse
		q_c:	485.0	206.0	102.5
		ub :	495.7064	217.3128	112.7222
		lb :	474.2936	194.6872	92.2778
		P^-1:
			0.0241	0.0093	0.0048
			0.0093	0.0276	-0.0086
			0.0048	-0.0086	0.0337
	==================================================================================
	Q3:
		Shape: Hybrid
		q_c:	482.0	204.5	123.5
		ub :	493.7865	218.5109	132.6156
		lb :	470.2135	190.4891	114.3844
		P^-1:
			0.0188	0.0063	0.0028
			0.0063	0.0142	0.0123
			0.0028	0.0123	0.0443
		A:
			-0.5523	0.0721	0.8305
			-0.7265	-0.3605	-0.585
			0.994	0.0834	-0.071
			-0.2798	0.2863	-0.9164
			-0.2325	-0.6307	-0.7404
			0.4315	0.7978	0.4211
		b:
			-145.2059
			-492.6303
			492.7235
			-183.878
			-329.307
			427.7481
	==================================================================================
	Q4:
		Shape: Ellipse
		q_c:	478.5	176.0	115.0
		ub :	487.6996	184.9091	123.0357
		lb :	469.3004	167.0909	106.9643
		P^-1:
			0.0342	-0.0012	-0.0216
			-0.0012	0.0157	0.0012
			-0.0216	0.0012	0.046
	==================================================================================
	Q5:
		Shape: Ellipse
		q_c:	483.5	178.5	87.5
		ub :	499.027	192.2777	103.5522
		lb :	467.973	164.7223	71.4478
		P^-1:
			0.0126	-0.0028	-0.0034
			-0.0028	0.0144	0.0009
			-0.0034	0.0009	0.0113
	==================================================================================
	Q6:
		Shape: Ellipse
		q_c:	469.0	183.5	94.0
		ub :	474.7766	190.2719	99.4024
		lb :	463.2234	176.7281	88.5976
		P^-1:
			0.1197	0.054	-0.023
			0.054	0.0668	-0.0127
			-0.023	-0.0127	0.0559


===========================================================================================
===========================================================================================
S5:
	q_c:	514.5	226.0	181.0
	ub :	527.4833	239.7909	194.4783
	lb :	495.8062	212.6324	163.3226

	==================================================================================
	Q1:
		Shape: Hybrid
		q_c:	517.5	224.5	180.5
		ub :	525.2564	232.4438	186.6818
		lb :	509.7436	216.5562	174.3182
		P^-1:
			0.0393	0.0165	0.0097
			0.0165	0.0531	-0.0132
			0.0097	-0.0132	0.0753
		A:
			-0.4119	0.8362	-0.3621
			0.2988	0.873	0.3855
			-0.0159	-0.2247	-0.9743
			0.3237	-0.0881	0.9421
			0.1109	0.8865	-0.4492
			0.6633	0.0475	0.7469
		b:
			-87.3614
			422.864
			-232.0789
			319.6166
			177.551
			490.9719
	==================================================================================
	Q2:
		Shape: Ellipse
		q_c:	517.5	220.5	175.0
		ub :	523.2572	227.234	181.5932
		lb :	511.7428	213.766	168.4068
		P^-1:
			0.1034	-0.0179	0.0149
			-0.0179	0.0695	0.0346
			0.0149	0.0346	0.0824
	==================================================================================
	Q3:
		Shape: Ellipse
		q_c:	522.0	231.5	185.5
		ub :	527.4833	239.6484	194.4783
		lb :	516.5167	223.3516	176.5217
		P^-1:
			0.0762	-0.0064	-0.0156
			-0.0064	0.0319	-0.0019
			-0.0156	-0.0019	0.0303
	==================================================================================
	Q4:
		Shape: Ellipse
		q_c:	505.5	221.5	172.5
		ub :	515.1938	230.3676	180.5975
		lb :	495.8062	212.6324	164.4025
		P^-1:
			0.0312	0.0075	0.0004
			0.0075	0.0318	0.0031
			0.0004	0.0031	0.0337
	==================================================================================
	Q5:
		Shape: Polyhedra
		q_c:	516.5	220.0	184.0
		ub :	521.2198	224.8038	188.1055
		lb :	511.7802	215.1962	179.8945
		A:
			0.424	0.1609	0.8912
			0.95	0.2016	-0.2384
			-0.5992	0.8004	-0.0208
			0.8321	0.3945	-0.3899
			0.6049	0.6906	-0.3965
			0.0452	0.4544	-0.8897
			0.7892	0.5229	0.3221
			0.5789	-0.8086	-0.1056
			0.2052	0.2698	-0.9408
			-0.7892	-0.5229	-0.3221
			-0.5789	0.8086	0.1056
			-0.2052	-0.2698	0.9408
		b:
			421.3952
			494.1678
			-134.2104
			447.8309
			394.3936
			-37.3723
			584.9193
			104.6754
			-4.7642
			-578.9193
			-98.6754
			10.7642
	==================================================================================
	Q6:
		Shape: Polyhedra
		q_c:	510.0	234.5	168.5
		ub :	514.4034	239.7909	173.6774
		lb :	505.5966	229.2091	163.3226
		A:
			0.449	-0.8267	0.3391
			-0.9208	-0.3842	0.0671
			0.5503	-0.3767	-0.7452
			0.3741	-0.8524	0.3653
			0.8753	0.4208	-0.2383
			-0.3403	0.5915	-0.731
			0.8827	0.2898	0.37
			-0.2044	-0.4721	0.8575
			0.4232	-0.8325	-0.3575
			-0.8827	-0.2898	-0.37
			0.2044	0.4721	-0.8575
			-0.4232	0.8325	0.3575
		b:
			95.7085
			-545.677
			70.263
			55.9042
			507.807
			-154.6532
			582.971
			-66.9731
			-36.1166
			-577.971
			73.9731
			43.1166


===========================================================================================
===========================================================================================
S6:
	q_c:	349.0	348.0	56.0
	ub :	382.433	375.5586	86.4284
	lb :	322.4112	321.3122	21.3311

	==================================================================================
	Q1:
		Shape: Ellipse
		q_c:	366.0	362.0	74.5
		ub :	379.6305	375.5586	86.4284
		lb :	352.3695	348.4414	62.5716
		P^-1:
			0.0127	-0.0005	0.0012
			-0.0005	0.013	-0.0017
			0.0012	-0.0017	0.0168
	==================================================================================
	Q2:
		Shape: Polyhedra
		q_c:	337.0	336.5	55.5
		ub :	351.5888	351.6878	68.3026
		lb :	322.4112	321.3122	42.6974
		A:
			0.6739	0.1993	-0.7115
			0.4505	-0.0105	-0.8927
			-0.4266	-0.7868	0.4461
			-0.6042	0.4403	0.6641
			0.1774	0.9358	-0.3046
			0.5304	0.2164	-0.8197
			0.2136	0.7146	0.6661
			0.4273	0.5449	-0.7215
			-0.8785	0.4387	-0.1889
			-0.2136	-0.7146	-0.6661
			-0.4273	-0.5449	0.7215
			0.8785	-0.4387	0.1889
		b:
			261.5088
			106.0509
			-377.4772
			-8.8924
			365.3744
			212.4135
			359.4012
			292.7979
			-147.4345
			-339.4012
			-281.7979
			170.4345
	==================================================================================
	Q3:
		Shape: Ellipse
		q_c:	364.0	348.0	47.0
		ub :	382.433	363.2646	64.5184
		lb :	345.567	332.7354	29.4816
		P^-1:
			0.0115	0.0066	0.0016
			0.0066	0.0133	0.0038
			0.0016	0.0038	0.009
	==================================================================================
	Q4:
		Shape: Polyhedra
		q_c:	358.0	358.0	41.5
		ub :	362.6324	369.6385	49.7228
		lb :	353.3676	346.3615	33.2772
		A:
			0.0659	-0.7181	0.6929
			-0.7258	-0.0302	0.6873
			0.9807	0.1956	0.0047
			0.9282	-0.3018	0.2175
			-0.832	0.219	-0.5097
			-0.5271	0.5423	-0.6543
			0.1541	0.9079	0.3899
			0.3948	0.3052	-0.8666
			-0.9058	0.2874	-0.3114
			-0.1541	-0.9079	-0.3899
			-0.3948	-0.3052	0.8666
			0.9058	-0.2874	0.3114
		b:
			-199.5001
			-238.2089
			425.5456
			234.8836
			-238.463
			-18.706
			407.3504
			218.6355
			-232.7824
			-385.3504
			-210.6355
			235.7824
	==================================================================================
	Q5:
		Shape: Ellipse
		q_c:	355.5	341.0	34.0
		ub :	368.3305	355.784	46.6689
		lb :	342.6695	326.216	21.3311
		P^-1:
			0.0125	0.0003	0.0003
			0.0003	0.013	0.0007
			0.0003	0.0007	0.0131
	==================================================================================
	Q6:
		Shape: Polyhedra
		q_c:	359.0	352.0	47.0
		ub :	367.8419	357.8278	53.5814
		lb :	350.1581	346.1722	40.4186
		A:
			0.0656	0.2338	-0.9701
			0.0523	-0.5712	0.8191
			-0.1435	-0.7516	-0.6439
			0.2046	-0.9395	-0.2749
			0.3691	0.907	0.2027
			-0.1237	-0.1859	-0.9748
			0.0363	0.7745	0.6315
			-0.2461	0.6194	-0.7455
			-0.9686	-0.1283	0.2131
			-0.0363	-0.7745	-0.6315
			0.2461	-0.6194	0.7455
			0.9686	0.1283	-0.2131
		b:
			64.6305
			-139.555
			-343.2466
			-266.7974
			465.7627
			-152.1678
			318.351
			98.6509
			-374.8694
			-312.351
			-90.6509
			390.8694


===========================================================================================
===========================================================================================
S7:
	q_c:	253.0	117.5	393.5
	ub :	268.2276	128.358	408.626
	lb :	241.9088	104.5347	379.4607

	==================================================================================
	Q1:
		Shape: Polyhedra
		q_c:	249.0	120.0	398.0
		ub :	256.0912	127.4501	405.4903
		lb :	241.9088	112.5499	390.5097
		A:
			-0.4178	-0.904	-0.0912
			-0.8781	0.3876	0.2806
			0.4279	-0.3183	-0.8459
			-0.2693	-0.6088	-0.7462
			0.1555	0.8278	0.5391
			-0.0969	-0.2879	-0.9527
			0.8556	0.3542	0.3774
			0.5165	-0.5375	-0.6666
			-0.0332	0.7653	-0.6428
			-0.8556	-0.3542	-0.3774
			-0.5165	0.5375	0.6666
			0.0332	-0.7653	0.6428
		b:
			-243.566
			-56.1228
			-264.7142
			-432.1333
			357.3313
			-433.3443
			411.7683
			-197.6795
			-167.7903
			-399.7683
			204.6795
			176.7903
	==================================================================================
	Q2:
		Shape: Hybrid
		q_c:	263.0	120.5	385.5
		ub :	268.2276	127.6468	391.5393
		lb :	257.7724	113.3532	379.4607
		P^-1:
			0.0616	-0.0071	-0.0
			-0.0071	0.0484	-0.0349
			-0.0	-0.0349	0.0914
		A:
			0.7142	-0.4085	0.5684
			0.5592	-0.7826	0.2736
			0.645	-0.0076	0.7641
			-0.3661	0.446	0.8167
			-0.7073	0.1183	0.697
			0.0156	0.3857	-0.9225
		b:
			359.6901
			160.84
			465.9127
			275.7418
			99.4247
			-303.4782
	==================================================================================
	Q3:
		Shape: Ellipse
		q_c:	255.0	111.5	390.5
		ub :	258.5759	118.4653	396.2784
		lb :	251.4241	104.5347	384.7216
		P^-1:
			0.2362	0.049	0.0211
			0.049	0.0622	-0.0323
			0.0211	-0.0323	0.0905
	==================================================================================
	Q4:
		Shape: Polyhedra
		q_c:	258.5	113.0	400.5
		ub :	265.4713	118.9571	406.2351
		lb :	251.5287	107.0429	394.7649
		A:
			-0.4195	-0.6085	0.6736
			0.5416	0.6747	0.5014
			-0.9214	0.2814	-0.2679
			0.7682	-0.6285	-0.1215
			-0.8004	0.5475	0.2439
			-0.6948	0.5868	-0.4159
			0.9316	0.2639	0.2498
			-0.3087	0.212	0.9272
			0.1917	-0.941	0.2789
			-0.9316	-0.2639	-0.2498
			0.3087	-0.212	-0.9272
			-0.1917	0.941	-0.2789
		b:
			96.6461
			422.0169
			-308.5596
			83.27
			-43.0205
			-275.267
			376.2013
			319.0211
			58.9407
			-365.2013
			-312.0211
			-50.9407
	==================================================================================
	Q5:
		Shape: Polyhedra
		q_c:	258.5	120.0	403.0
		ub :	263.4721	123.5385	407.952
		lb :	253.5279	116.4615	398.048
		A:
			0.1577	0.9752	-0.1555
			-0.4185	0.9078	0.0281
			-0.3213	0.2791	-0.9049
			0.9842	0.012	0.1766
			0.5629	-0.4876	0.6674
			-0.6383	0.7664	-0.0717
			0.4585	0.5975	0.6578
			-0.8475	0.0712	0.526
			0.2675	-0.7987	0.539
			-0.4585	-0.5975	-0.6578
			0.8475	-0.0712	-0.526
			-0.2675	0.7987	-0.539
		b:
			97.4521
			14.4136
			-411.806
			330.3652
			358.0065
			-99.5795
			458.8334
			4.9443
			192.0273
			-451.8334
			2.0557
			-189.0273
	==================================================================================
	Q6:
		Shape: Hybrid
		q_c:	256.0	121.5	401.5
		ub :	263.8438	128.358	408.626
		lb :	248.1562	114.642	394.374
		P^-1:
			0.0469	0.0002	0.0104
			0.0002	0.04	0.0003
			0.0104	0.0003	0.0555
		A:
			0.6083	0.6696	0.4262
			0.5571	-0.364	-0.7464
			0.6532	-0.7295	0.2031
			0.1908	0.8966	0.3997
			-0.165	0.4313	0.887
			0.7547	-0.6545	-0.0448
		b:
			410.7163
			-198.3884
			162.8853
			321.0548
			368.8956
			98.543


===========================================================================================
===========================================================================================
S8:
	q_c:	390.0	188.0	387.0
	ub :	407.6647	210.2432	405.0439
	lb :	367.3235	169.4498	366.5626

	==================================================================================
	Q1:
		Shape: Polyhedra
		q_c:	379.5	203.0	393.0
		ub :	391.6765	210.2432	405.0439
		lb :	367.3235	195.7568	380.9561
		A:
			-0.5285	0.8081	0.2599
			-0.0664	0.822	0.5657
			-0.7746	0.0987	-0.6248
			0.2495	0.9672	-0.0486
			-0.6145	0.5461	0.5694
			0.4375	0.2625	0.8601
			0.7393	0.15	0.6565
			-0.6125	-0.2553	0.7481
			0.2798	-0.9552	-0.0969
			-0.7393	-0.15	-0.6565
			0.6125	0.2553	-0.7481
			-0.2798	0.9552	0.0969
		b:
			70.4046
			369.289
			-512.12
			277.5475
			108.105
			564.8481
			576.5039
			18.7095
			-121.7718
			-561.5039
			-0.7095
			129.7718
	==================================================================================
	Q2:
		Shape: Hybrid
		q_c:	394.0	180.5	382.0
		ub :	404.3931	189.7619	393.3106
		lb :	383.6069	171.2381	370.6894
		P^-1:
			0.0206	0.0012	-0.0006
			0.0012	0.0303	-0.0051
			-0.0006	-0.0051	0.023
		A:
			-0.1365	-0.577	-0.8052
			0.8395	-0.2195	0.497
			0.6458	-0.5898	0.4849
			0.9189	-0.228	0.3218
			0.2151	-0.7976	-0.5635
			0.7827	-0.3583	0.5089
		b:
			-461.3362
			485.1279
			336.8185
			448.0176
			-270.4964
			442.076
	==================================================================================
	Q3:
		Shape: Ellipse
		q_c:	391.0	198.5	380.0
		ub :	397.8319	206.8914	387.1044
		lb :	384.1681	190.1086	372.8956
		P^-1:
			0.0318	-0.0119	0.0195
			-0.0119	0.0497	-0.0601
			0.0195	-0.0601	0.1219
	==================================================================================
	Q4:
		Shape: Polyhedra
		q_c:	381.0	180.0	380.0
		ub :	391.4358	190.5502	388.0716
		lb :	370.5642	169.4498	371.9284
		A:
			0.9512	0.282	0.1253
			-0.9145	0.3676	-0.1693
			0.3977	-0.4502	0.7994
			-0.1869	-0.7045	0.6847
			-0.7289	-0.5597	0.3942
			-0.0943	0.9938	0.0595
			0.5544	0.6209	0.5541
			0.249	0.5116	-0.8224
			-0.7941	0.5939	0.129
			-0.5544	-0.6209	-0.5541
			-0.249	-0.5116	0.8224
			0.7941	-0.5939	-0.129
		b:
			467.6048
			-339.6185
			379.6157
			66.3895
			-223.3562
			172.0904
			540.5763
			-121.5368
			-139.6213
			-526.5763
			129.5368
			153.6213
	==================================================================================
	Q5:
		Shape: Polyhedra
		q_c:	383.5	180.0	374.5
		ub :	391.6	189.447	382.4374
		lb :	375.4	170.553	366.5626
		A:
			0.7138	-0.5976	0.3653
			-0.4805	0.6324	-0.6076
			-0.2128	-0.8082	0.5491
			-0.8601	0.0636	-0.5062
			-0.7537	0.4078	-0.5153
			-0.104	0.9911	-0.0827
			0.4833	0.8751	0.0238
			0.8729	-0.4838	0.0631
			0.0667	-0.0098	-0.9977
			-0.4833	-0.8751	-0.0238
			-0.8729	0.4838	-0.0631
			-0.0667	0.0098	0.9977
		b:
			307.6215
			-292.1086
			-13.4362
			-502.3229
			-403.7043
			114.8706
			360.2619
			275.3279
			-342.3102
			-343.2619
			-267.3279
			357.3102
	==================================================================================
	Q6:
		Shape: Polyhedra
		q_c:	402.5	184.5	377.0
		ub :	407.6647	189.7601	383.2735
		lb :	397.3353	179.2399	370.7265
		A:
			-0.9987	0.0495	-0.014
			-0.5905	0.6754	0.4417
			-0.5867	-0.4182	-0.6935
			0.1561	0.8862	0.4361
			-0.7453	0.1724	0.6441
			0.6541	-0.7491	0.1047
			0.1105	0.9244	0.365
			0.4825	0.2711	-0.8329
			-0.8689	0.2681	-0.416
			-0.1105	-0.9244	-0.365
			-0.4825	-0.2711	0.8329
			0.8689	-0.2681	0.416
		b:
			-394.72
			57.078
			-571.4243
			394.2638
			-21.1896
			167.7067
			356.14
			-65.285
			-454.1111
			-349.14
			74.285
			460.1111


===========================================================================================
===========================================================================================
S9:
	q_c:	104.0	246.0	82.0
	ub :	114.3675	261.9588	96.9586
	lb :	88.9816	235.4769	69.0519

	==================================================================================
	Q1:
		Shape: Ellipse
		q_c:	96.0	254.0	76.5
		ub :	103.0184	261.9588	83.9481
		lb :	88.9816	246.0412	69.0519
		P^-1:
			0.0713	0.0199	-0.0331
			0.0199	0.0459	-0.0137
			-0.0331	-0.0137	0.067
	==================================================================================
	Q2:
		Shape: Ellipse
		q_c:	106.5	243.5	90.0
		ub :	114.3675	251.5231	96.9586
		lb :	98.6325	235.4769	83.0414
		P^-1:
			0.0446	0.0175	0.0164
			0.0175	0.0503	0.0078
			0.0164	0.0078	0.064
	==================================================================================
	Q3:
		Shape: Ellipse
		q_c:	99.5	249.5	89.0
		ub :	106.8155	254.7395	95.8591
		lb :	92.1845	244.2605	82.1409
		P^-1:
			0.0507	-0.005	0.0349
			-0.005	0.1258	-0.042
			0.0349	-0.042	0.0929
	==================================================================================
	Q4:
		Shape: Ellipse
		q_c:	102.5	253.0	77.5
		ub :	109.3388	258.6521	84.8795
		lb :	95.6612	247.3479	70.1205
		P^-1:
			0.1691	-0.1776	-0.0616
			-0.1776	0.2738	0.1009
			-0.0616	0.1009	0.0788
	==================================================================================
	Q5:
		Shape: Polyhedra
		q_c:	103.0	241.5	83.0
		ub :	107.9685	246.5045	87.7177
		lb :	98.0315	236.4955	78.2823
		A:
			0.37	0.8017	0.4695
			-0.097	0.7519	-0.6521
			-0.3303	0.0722	-0.9411
			-0.0621	-0.6082	0.7914
			0.3224	0.4005	0.8577
			-0.2654	-0.9637	-0.0306
			0.9018	0.3293	0.2799
			-0.027	-0.6035	0.7969
			0.4313	-0.7262	-0.5353
			-0.9018	-0.3293	-0.2799
			0.027	0.6035	-0.7969
			-0.4313	0.7262	0.5353
		b:
			274.2435
			120.0004
			-91.6515
			-85.0849
			204.5241
			-259.3748
			199.6344
			-79.8656
			-172.3948
			-191.6344
			84.8656
			178.3948
	==================================================================================
	Q6:
		Shape: Hybrid
		q_c:	107.5	254.0	84.5
		ub :	114.0957	259.562	91.6006
		lb :	100.9043	248.438	77.3994
		P^-1:
			0.0495	-0.001	0.0003
			-0.001	0.0615	-0.0033
			0.0003	-0.0033	0.0503
		A:
			0.3798	0.5142	-0.769
			0.04	-0.6452	0.7629
			-0.5944	-0.471	0.6518
			-0.7321	0.6748	-0.0933
			-0.4338	0.8741	-0.2184
			0.1997	0.7491	-0.6317
		b:
			108.737
			-92.9485
			-126.1225
			87.0653
			159.0161
			160.481


===========================================================================================
===========================================================================================
