3D_50_9_6_f                l = 3

===========================================================================================
===========================================================================================
S1:
	q_c:	354.0	119.5	411.0
	ub :	358.6053	123.5738	415.6843
	lb :	350.3266	115.7792	408.942

	==================================================================================
	Q1:
		Shape: Polyhedra
		q_c:	356.0	118.5	413.0
		ub :	358.3763	121.2208	415.6843
		lb :	353.6237	115.7792	410.3157
		A:
			0.548	-0.1945	0.8135
			-0.9339	0.2522	0.2534
			-0.5659	-0.5371	0.6255
			-0.662	0.5489	0.5104
			0.4004	-0.0378	-0.9156
			-0.594	0.5994	0.5365
			0.6813	0.3643	0.635
			0.7168	-0.156	-0.6796
			-0.1485	0.9181	-0.3674
			-0.6813	-0.3643	-0.635
			-0.7168	0.156	0.6796
			0.1485	-0.9181	0.3674
		b:
			510.0277
			-196.6267
			-5.2297
			41.4225
			-238.8684
			82.4037
			549.9386
			-42.969
			-93.7981
			-545.9386
			44.969
			97.7981
	==================================================================================
	Q2:
		Shape: Hybrid
		q_c:	356.5	120.5	412.0
		ub :	358.6053	123.1166	414.3283
		lb :	354.3947	117.8834	409.6717
		P^-1:
			0.8334	-0.2962	-0.0099
			-0.2962	0.4516	0.0953
			-0.0099	0.0953	0.4094
		A:
			-0.0139	0.6659	0.7459
			0.2608	-0.9244	-0.2783
			0.366	-0.5706	-0.7352
			0.7718	-0.4129	-0.4835
			0.7701	-0.2325	-0.5941
			-0.2862	0.7805	-0.5558
		b:
			383.5677
			-132.1583
			-240.3771
			26.8132
			2.5164
			-235.8121
	==================================================================================
	Q3:
		Shape: Hybrid
		q_c:	352.5	120.0	413.5
		ub :	354.6734	122.1602	414.6081
		lb :	350.3266	117.8398	412.3919
		P^-1:
			0.7666	-0.1105	-1.0146
			-0.1105	0.4823	0.3479
			-1.0146	0.3479	3.64
		A:
			-0.2517	-0.5297	0.81
			0.4702	-0.5411	-0.6973
			0.2436	0.2816	-0.9281
			-0.1246	-0.7118	-0.6912
			-0.0336	0.0653	-0.9973
			0.9248	0.0612	-0.3756
		b:
			183.3819
			-186.8855
			-263.6099
			-414.2594
			-415.9083
			178.9686
	==================================================================================
	Q4:
		Shape: Polyhedra
		q_c:	353.0	118.0	411.0
		ub :	354.2747	119.937	412.9458
		lb :	351.7253	116.063	409.0542
		A:
			-0.3454	0.2238	-0.9114
			-0.8587	0.4965	0.1274
			0.9048	-0.3534	0.2375
			0.4858	0.7891	0.3759
			-0.9698	-0.2069	-0.1291
			-0.7739	0.2685	0.5735
			0.9569	0.1869	0.2222
			-0.0187	-0.7241	0.6895
			0.2898	-0.6639	-0.6894
			-0.9569	-0.1869	-0.2222
			0.0187	0.7241	-0.6895
			-0.2898	0.6639	0.6894
		b:
			-468.7605
			-191.1319
			376.428
			420.1645
			-418.803
			-4.7762
			452.1835
			192.8427
			-258.375
			-450.1835
			-189.8427
			260.375
	==================================================================================
	Q5:
		Shape: Polyhedra
		q_c:	355.0	121.5	411.5
		ub :	357.6751	123.5738	414.058
		lb :	352.3249	119.4262	408.942
		A:
			0.4877	-0.8647	-0.1203
			-0.1879	0.3578	-0.9147
			0.2712	0.9462	-0.1762
			0.2627	-0.4393	0.8591
			0.2016	-0.7166	-0.6677
			-0.0618	0.027	-0.9977
			0.673	0.5433	0.5019
			0.3592	-0.8332	0.4203
			0.6465	-0.1027	-0.7559
			-0.673	-0.5433	-0.5019
			-0.3592	0.8332	-0.4203
			-0.6465	0.1027	0.7559
		b:
			19.7671
			-398.3009
			140.2022
			394.6664
			-288.6186
			-427.6479
			513.4507
			200.242
			-92.5229
			-509.4507
			-198.242
			95.5229
	==================================================================================
	Q6:
		Shape: Polyhedra
		q_c:	352.5	117.5	411.5
		ub :	354.1638	118.7684	412.6106
		lb :	350.8362	116.2316	410.3894
		A:
			-0.483	-0.3034	-0.8214
			0.3442	0.7511	0.5633
			-0.4653	-0.6105	-0.6409
			-0.113	-0.6667	-0.7367
			0.4661	0.6734	0.5738
			-0.6045	-0.7773	-0.1742
			0.1629	0.7939	0.5858
			0.1119	0.5751	-0.8104
			-0.9803	0.1976	0.0048
			-0.1629	-0.7939	-0.5858
			-0.1119	-0.5751	0.8104
			0.9803	-0.1976	-0.0048
		b:
			-543.047
			441.9613
			-498.7909
			-420.7823
			480.2153
			-375.272
			392.2821
			-225.47
			-318.8325
			-391.2821
			227.47
			321.8325


===========================================================================================
===========================================================================================
S2:
	q_c:	502.0	171.5	454.0
	ub :	514.9225	183.3547	464.3327
	lb :	497.7205	163.8044	442.5942

	==================================================================================
	Q1:
		Shape: Hybrid
		q_c:	508.5	170.0	457.5
		ub :	512.461	173.2088	461.2745
		lb :	504.539	166.7912	453.7255
		P^-1:
			0.1244	0.1148	0.0226
			0.1148	0.3898	0.0606
			0.0226	0.0606	0.0935
		A:
			-0.0171	0.434	-0.9008
			-0.4243	0.8211	-0.3818
			-0.1428	-0.8809	-0.4513
			0.8026	0.4198	0.4238
			-0.2928	0.5383	-0.7902
			0.1419	-0.9892	0.0366
		b:
			-344.3556
			-248.57
			-427.7376
			675.2309
			-416.2469
			-77.7816
	==================================================================================
	Q2:
		Shape: Ellipse
		q_c:	502.0	168.0	447.0
		ub :	504.5741	172.1956	451.4058
		lb :	499.4259	163.8044	442.5942
		P^-1:
			0.4205	0.0075	-0.0857
			0.0075	0.1113	-0.0021
			-0.0857	-0.0021	0.1348
	==================================================================================
	Q3:
		Shape: Ellipse
		q_c:	509.0	173.0	459.0
		ub :	514.9225	178.7958	464.3327
		lb :	503.0775	167.2042	453.6673
		P^-1:
			0.0877	-0.0207	-0.0079
			-0.0207	0.0926	-0.0049
			-0.0079	-0.0049	0.0749
	==================================================================================
	Q4:
		Shape: Hybrid
		q_c:	502.5	178.0	451.0
		ub :	507.2795	183.3547	455.5122
		lb :	497.7205	172.6453	446.4878
		P^-1:
			0.1294	-0.0328	-0.0414
			-0.0328	0.1383	-0.0786
			-0.0414	-0.0786	0.1917
		A:
			-0.7547	0.5398	-0.3729
			-0.3919	-0.1418	0.909
			0.7597	0.5597	0.3309
			0.4493	-0.4872	0.7488
			0.9875	-0.0874	-0.131
			0.8298	0.1799	-0.5283
		b:
			-449.7631
			189.0411
			634.0017
			478.2508
			423.4818
			212.2717
	==================================================================================
	Q5:
		Shape: Ellipse
		q_c:	502.0	177.5	458.5
		ub :	505.9834	182.0642	462.5304
		lb :	498.0166	172.9358	454.4696
		P^-1:
			0.1111	0.0005	0.0
			0.0005	0.0494	-0.0012
			0.0	-0.0012	0.1111
	==================================================================================
	Q6:
		Shape: Ellipse
		q_c:	509.0	175.0	453.5
		ub :	514.1385	180.7656	458.9021
		lb :	503.8615	169.2344	448.0979
		P^-1:
			0.0914	0.0092	0.0104
			0.0092	0.0903	0.0098
			0.0104	0.0098	0.0927


===========================================================================================
===========================================================================================
S3:
	q_c:	407.5	206.0	319.5
	ub :	435.6406	228.5578	345.2919
	lb :	385.0439	178.7863	290.0686

	==================================================================================
	Q1:
		Shape: Ellipse
		q_c:	418.5	190.5	310.5
		ub :	424.4358	199.9283	320.3277
		lb :	412.5642	181.0717	300.6723
		P^-1:
			0.0945	0.0152	0.0317
			0.0152	0.0259	0.005
			0.0317	0.005	0.0348
	==================================================================================
	Q2:
		Shape: Polyhedra
		q_c:	408.0	195.5	322.0
		ub :	412.4347	206.1045	329.991
		lb :	403.5653	184.8955	314.009
		A:
			0.8233	-0.0823	-0.5616
			-0.9707	-0.2368	-0.0408
			-0.9718	0.1491	0.1827
			-0.2492	-0.1631	-0.9546
			0.6759	-0.2468	-0.6945
			0.7464	-0.2461	-0.6182
			0.4752	0.3929	0.7873
			-0.8737	0.1052	0.4749
			0.1037	-0.9136	0.3933
			-0.4752	-0.3929	-0.7873
			0.8737	-0.1052	-0.4749
			-0.1037	0.9136	-0.3933
		b:
			140.654
			-452.427
			-306.1153
			-436.0921
			5.9486
			59.2257
			528.7044
			-181.4889
			-0.1466
			-519.7044
			184.4889
			19.1466
	==================================================================================
	Q3:
		Shape: Ellipse
		q_c:	398.0	191.0	328.5
		ub :	410.9561	203.2137	339.4633
		lb :	385.0439	178.7863	317.5367
		P^-1:
			0.0159	-0.0051	-0.0006
			-0.0051	0.0145	0.0006
			-0.0006	0.0006	0.0112
	==================================================================================
	Q4:
		Shape: Hybrid
		q_c:	422.0	215.5	332.0
		ub :	434.6747	228.5578	345.2919
		lb :	409.3253	202.4422	318.7081
		P^-1:
			0.0121	-0.0022	-0.0055
			-0.0022	0.0123	0.0032
			-0.0055	0.0032	0.0194
		A:
			0.5033	-0.2203	-0.8356
			0.8115	0.1094	-0.574
			-0.2826	-0.252	-0.9255
			0.5534	-0.7521	0.358
			-0.5526	-0.7706	0.3176
			-0.7623	-0.6397	0.0983
		b:
			-109.184
			180.2636
			-475.4776
			196.698
			-287.4363
			-420.1465
	==================================================================================
	Q5:
		Shape: Ellipse
		q_c:	406.0	201.0	301.5
		ub :	418.4649	208.1753	312.9314
		lb :	393.5351	193.8247	290.0686
		P^-1:
			0.0107	0.0033	0.0006
			0.0033	0.0391	-0.0036
			0.0006	-0.0036	0.014
	==================================================================================
	Q6:
		Shape: Polyhedra
		q_c:	425.0	208.5	313.5
		ub :	435.6406	219.6594	324.7043
		lb :	414.3594	197.3406	302.2957
		A:
			-0.1049	0.0556	0.9929
			-0.4465	0.8812	0.1554
			0.8118	0.0615	0.5807
			-0.2362	0.4723	-0.8492
			0.3365	-0.5405	0.7711
			-0.6071	-0.7839	0.1301
			0.1014	0.4698	0.8769
			-0.5822	0.7428	-0.3306
			-0.8067	-0.477	0.3488
			-0.1014	-0.4698	-0.8769
			0.5822	-0.7428	0.3306
			0.8067	0.477	-0.3488
		b:
			285.9513
			48.0966
			546.8194
			-261.987
			277.7092
			-372.0449
			423.4654
			-191.7216
			-323.9405
			-408.4654
			200.7216
			341.9405


===========================================================================================
===========================================================================================
S4:
	q_c:	161.0	290.0	32.0
	ub :	178.347	296.1494	56.258
	lb :	140.864	268.2546	14.4886

	==================================================================================
	Q1:
		Shape: Polyhedra
		q_c:	149.0	288.0	44.0
		ub :	157.136	295.4569	52.6991
		lb :	140.864	280.5431	35.3009
		A:
			0.2781	0.4803	0.8319
			-0.6168	0.7468	0.2486
			0.4472	0.7824	0.4335
			0.344	-0.3041	0.8884
			0.7398	0.2545	0.6228
			-0.5869	-0.7682	0.2558
			0.1517	0.8465	0.5103
			0.6009	0.331	-0.7276
			-0.7848	0.417	-0.4585
			-0.1517	-0.8465	-0.5103
			-0.6009	-0.331	0.7276
			0.7848	-0.417	0.4585
		b:
			220.7136
			138.816
			315.1921
			8.0299
			215.5536
			-292.0892
			292.844
			158.8413
			-12.0198
			-284.844
			-146.8413
			22.0198
	==================================================================================
	Q2:
		Shape: Ellipse
		q_c:	159.5	286.5	41.5
		ub :	167.4552	296.1494	51.2884
		lb :	151.5448	276.8506	31.7116
		P^-1:
			0.0304	0.0144	-0.0119
			0.0144	0.0527	-0.0293
			-0.0119	-0.0293	0.036
	==================================================================================
	Q3:
		Shape: Ellipse
		q_c:	153.5	283.5	29.0
		ub :	159.5985	289.1267	35.6059
		lb :	147.4015	277.8733	22.3941
		P^-1:
			0.0751	0.0031	-0.0146
			0.0031	0.0631	-0.0062
			-0.0146	-0.0062	0.039
	==================================================================================
	Q4:
		Shape: Polyhedra
		q_c:	153.0	277.5	46.0
		ub :	163.4446	286.7454	56.258
		lb :	142.5554	268.2546	35.742
		A:
			0.5377	-0.4085	0.7376
			0.8266	-0.4577	-0.3276
			-0.9015	-0.4314	0.0352
			0.7995	-0.5435	-0.2557
			0.0107	-0.8625	-0.506
			0.9638	-0.1853	-0.1917
			0.5898	0.6377	0.4955
			-0.6424	0.7423	-0.1905
			-0.4893	-0.2059	0.8475
			-0.5898	-0.6377	-0.4955
			0.6424	-0.7423	0.1905
			0.4893	0.2059	-0.8475
		b:
			8.4145
			-10.1202
			-249.161
			-35.021
			-254.6264
			93.0437
			296.9906
			103.4186
			-86.0152
			-282.9906
			-94.4186
			100.0152
	==================================================================================
	Q5:
		Shape: Ellipse
		q_c:	168.0	276.0	21.0
		ub :	173.9343	282.4984	27.5114
		lb :	162.0657	269.5016	14.4886
		P^-1:
			0.0881	-0.0261	0.0016
			-0.0261	0.0804	0.0107
			0.0016	0.0107	0.0451
	==================================================================================
	Q6:
		Shape: Ellipse
		q_c:	172.0	285.0	43.5
		ub :	178.347	290.48	50.1502
		lb :	165.653	279.52	36.8498
		P^-1:
			0.066	-0.006	0.0043
			-0.006	0.0729	-0.0074
			0.0043	-0.0074	0.0677


===========================================================================================
===========================================================================================
S5:
	q_c:	139.0	116.5	106.0
	ub :	175.1066	147.5489	136.1069
	lb :	107.0063	81.7728	88.9514

	==================================================================================
	Q1:
		Shape: Ellipse
		q_c:	143.0	117.5	117.0
		ub :	154.1364	128.9439	126.9193
		lb :	131.8636	106.0561	107.0807
		P^-1:
			0.0242	-0.0038	-0.0041
			-0.0038	0.0238	-0.0043
			-0.0041	-0.0043	0.0232
	==================================================================================
	Q2:
		Shape: Polyhedra
		q_c:	127.5	137.5	121.5
		ub :	137.9686	147.5489	130.711
		lb :	117.0314	127.4511	112.289
		A:
			0.1191	-0.5318	-0.8384
			0.4671	0.8753	0.1249
			0.895	-0.1917	0.4029
			-0.7654	0.2871	-0.576
			0.9673	-0.0563	0.2473
			-0.456	0.0165	0.8898
			0.3858	0.778	0.4958
			-0.8928	0.4503	-0.0118
			-0.2324	-0.4381	0.8684
			-0.3858	-0.778	-0.4958
			0.8928	-0.4503	0.0118
			0.2324	0.4381	-0.8684
		b:
			-153.9416
			199.687
			144.2044
			-120.4151
			152.9506
			60.3732
			219.9089
			-45.3625
			24.1329
			-212.9089
			61.3625
			-7.1329
	==================================================================================
	Q3:
		Shape: Hybrid
		q_c:	121.0	109.5	121.0
		ub :	134.9937	121.433	136.1069
		lb :	107.0063	97.567	105.8931
		P^-1:
			0.0237	-0.02	0.0061
			-0.02	0.0406	-0.0188
			0.0061	-0.0188	0.0197
		A:
			-0.0979	0.5555	-0.8257
			-0.611	0.7893	-0.0603
			-0.1481	0.9887	0.0225
			-0.2927	0.8122	-0.5046
			0.2977	-0.9259	0.2326
			0.0844	0.1113	-0.9902
		b:
			-46.8446
			8.2252
			98.9929
			-5.2784
			-33.9057
			-90.3596
	==================================================================================
	Q4:
		Shape: Hybrid
		q_c:	156.5	124.5	107.0
		ub :	165.4706	133.3999	117.683
		lb :	147.5294	115.6001	96.317
		P^-1:
			0.0261	-0.0048	-0.0025
			-0.0048	0.0469	-0.0219
			-0.0025	-0.0219	0.0312
		A:
			-0.4596	0.8881	0.0036
			-0.7834	0.5371	-0.3128
			-0.164	0.5205	-0.8379
			0.4679	-0.2617	0.8441
			-0.1785	0.8975	-0.4033
			0.8303	-0.1396	0.5395
		b:
			42.3354
			-85.8359
			-47.5088
			135.3905
			42.8294
			175.0772
	==================================================================================
	Q5:
		Shape: Hybrid
		q_c:	156.0	112.5	119.5
		ub :	162.5317	118.8695	125.7065
		lb :	149.4683	106.1305	113.2935
		P^-1:
			1.1608	-1.0937	1.4124
			-1.0937	1.0797	-1.3773
			1.4124	-1.3773	1.82
		A:
			-0.5547	0.5733	-0.6029
			-0.7822	0.476	-0.4021
			0.3563	-0.5786	0.7337
			-0.5355	0.4267	-0.7288
			-0.7339	0.3998	-0.5491
			0.4542	-0.465	0.7599
		b:
			-93.5867
			-114.8883
			79.1002
			-122.0018
			-133.8737
			109.9611
	==================================================================================
	Q6:
		Shape: Hybrid
		q_c:	158.5	98.0	94.5
		ub :	175.1066	114.2272	100.0486
		lb :	141.8934	81.7728	88.9514
		P^-1:
			0.0089	0.0013	-0.0093
			0.0013	0.0078	0.0003
			-0.0093	0.0003	0.0804
		A:
			-0.3421	0.2062	-0.9168
			-0.1328	0.079	-0.988
			-0.0073	0.3787	0.9255
			-0.2385	0.8288	0.5062
			-0.3012	0.2503	0.9201
			-0.1649	-0.0612	-0.9844
		b:
			-115.538
			-103.7295
			127.0437
			99.7293
			67.0614
			-122.2146


===========================================================================================
===========================================================================================
S6:
	q_c:	30.5	314.0	290.0
	ub :	34.2906	317.6738	293.7655
	lb :	29.0321	310.9588	286.5118

	==================================================================================
	Q1:
		Shape: Hybrid
		q_c:	32.0	313.5	289.5
		ub :	34.2906	316.0412	292.016
		lb :	29.7094	310.9588	286.984
		P^-1:
			0.4444	-0.0	0.0
			-0.0	0.4444	-0.0
			0.0	-0.0	0.4444
		A:
			-0.6862	-0.4277	0.5884
			-0.1137	0.9234	-0.3665
			0.2983	0.4146	-0.8597
			-0.7473	-0.451	0.488
			0.7684	0.0529	0.6378
			-0.5282	-0.1533	-0.8352
		b:
			15.0541
			180.4984
			-108.5975
			-23.2786
			226.5706
			-305.9997
	==================================================================================
	Q2:
		Shape: Hybrid
		q_c:	30.5	316.0	289.0
		ub :	31.9679	317.6738	290.4271
		lb :	29.0321	314.3262	287.5729
		P^-1:
			1.0	-0.0	-0.0
			-0.0	1.0	0.0
			-0.0	0.0	1.0
		A:
			-0.9642	0.0358	-0.2628
			-0.3612	0.8454	-0.3935
			-0.992	0.0502	-0.1157
			0.0713	-0.9776	-0.1981
			-0.1194	-0.8859	-0.4483
			0.8632	0.1555	-0.4804
		b:
			-93.5401
			142.9273
			-47.3403
			-363.4872
			-412.63
			-62.8739
	==================================================================================
	Q3:
		Shape: Polyhedra
		q_c:	32.0	314.0	292.0
		ub :	33.0075	315.7745	293.7655
		lb :	30.9925	312.2255	290.2345
		A:
			0.571	0.8206	0.0229
			-0.965	0.2337	0.1187
			0.0709	0.2709	-0.96
			0.2236	-0.8989	0.3768
			0.5596	-0.7018	0.4408
			-0.6707	-0.7236	-0.163
			0.0029	0.7121	0.702
			-1.0	0.0043	-0.0003
			-0.0032	-0.702	0.7121
			-0.0029	-0.7121	-0.702
			1.0	-0.0043	0.0003
			0.0032	0.702	-0.7121
		b:
			283.8379
			78.1923
			-191.8386
			-163.9922
			-72.7236
			-295.0313
			430.1966
			-29.7343
			-11.5938
			-427.1966
			31.7343
			13.5938
	==================================================================================
	Q4:
		Shape: Ellipse
		q_c:	31.5	313.0	291.0
		ub :	32.9478	314.5374	292.1905
		lb :	30.0522	311.4626	289.8095
		P^-1:
			1.0	-0.0	-0.0
			-0.0	1.0	0.0
			-0.0	0.0	1.0
	==================================================================================
	Q5:
		Shape: Hybrid
		q_c:	32.0	315.5	288.5
		ub :	33.3823	317.5249	290.4882
		lb :	30.6177	313.4751	286.5118
		P^-1:
			2.784	-0.5604	-1.5908
			-0.5604	0.5787	0.3811
			-1.5908	0.3811	1.5262
		A:
			0.7548	0.0962	-0.6488
			-0.9265	-0.0404	0.3741
			-0.6843	-0.2602	0.6812
			-0.9098	0.113	0.3994
			-0.0152	-0.0774	-0.9969
			-0.4522	0.1142	0.8846
		b:
			-132.2534
			65.927
			93.1172
			122.0961
			-311.4917
			277.3585
	==================================================================================
	Q6:
		Shape: Polyhedra
		q_c:	30.0	313.5	289.5
		ub :	30.8026	314.3407	290.3439
		lb :	29.1974	312.6593	288.6561
		A:
			0.7524	-0.2891	0.5919
			0.1596	-0.1624	-0.9737
			-0.1249	-0.0609	-0.9903
			0.781	0.6091	-0.138
			-0.196	0.5163	0.8337
			-0.8861	-0.4482	0.1184
			0.648	0.3844	0.6575
			-0.2317	-0.7229	0.6509
			0.7255	-0.5741	-0.3794
			-0.648	-0.3844	-0.6575
			0.2317	0.7229	-0.6509
			-0.7255	0.5741	0.3794
		b:
			103.7841
			-327.51
			-309.0414
			174.9453
			397.827
			-132.2984
			330.7907
			-44.6394
			-267.5727
			-329.7907
			45.6394
			268.5727


===========================================================================================
===========================================================================================
S7:
	q_c:	505.5	243.0	51.0
	ub :	516.5397	249.2724	62.0586
	lb :	495.8629	232.9946	40.0331

	==================================================================================
	Q1:
		Shape: Hybrid
		q_c:	501.0	238.0	49.0
		ub :	506.1371	243.0054	53.9783
		lb :	495.8629	232.9946	44.0217
		P^-1:
			0.0648	0.0008	0.0085
			0.0008	0.0865	-0.0119
			0.0085	-0.0119	0.104
		A:
			0.0083	-0.2632	0.9647
			-0.4344	0.5993	0.6724
			-0.2238	0.9745	-0.017
			-0.507	-0.3148	0.8024
			-0.1018	-0.5981	0.7949
			0.884	-0.4674	-0.0042
		b:
			-9.6774
			-39.8655
			120.9562
			-287.686
			-152.8329
			333.8388
	==================================================================================
	Q2:
		Shape: Ellipse
		q_c:	511.5	246.5	45.0
		ub :	516.5397	249.2724	49.9669
		lb :	506.4603	243.7276	40.0331
		P^-1:
			0.0807	-0.0002	-0.0236
			-0.0002	0.1598	-0.0038
			-0.0236	-0.0038	0.0931
	==================================================================================
	Q3:
		Shape: Hybrid
		q_c:	502.5	243.5	48.5
		ub :	505.8568	248.0248	52.9814
		lb :	499.1432	238.9752	44.0186
		P^-1:
			0.1831	0.0269	0.0293
			0.0269	0.1303	0.0683
			0.0293	0.0683	0.1783
		A:
			0.844	-0.092	0.5284
			0.5266	-0.4768	-0.7039
			-0.106	-0.0754	-0.9915
			-0.7897	0.1464	-0.5958
			0.928	0.3272	-0.1782
			-0.57	-0.7701	-0.2865
		b:
			428.7819
			115.7731
			-118.1737
			-388.5045
			538.8455
			-486.4491
	==================================================================================
	Q4:
		Shape: Ellipse
		q_c:	501.5	237.5	57.5
		ub :	505.5733	241.8748	62.0586
		lb :	497.4267	233.1252	52.9414
		P^-1:
			0.1447	-0.012	-0.0192
			-0.012	0.1505	-0.0151
			-0.0192	-0.0151	0.1359
	==================================================================================
	Q5:
		Shape: Hybrid
		q_c:	504.5	242.0	45.5
		ub :	508.4782	246.6687	50.3911
		lb :	500.5218	237.3313	40.6089
		P^-1:
			0.1432	-0.0147	0.018
			-0.0147	0.1178	-0.0082
			0.018	-0.0082	0.1212
		A:
			-0.3139	0.9008	-0.3
			-0.5529	0.6507	-0.5204
			0.813	0.5812	-0.035
			0.792	-0.3798	-0.478
			0.4224	0.6132	-0.6675
			-0.2806	0.9071	-0.3138
		b:
			47.4655
			-143.8434
			550.8848
			287.5256
			332.846
			65.1589
	==================================================================================
	Q6:
		Shape: Polyhedra
		q_c:	506.5	241.0	47.0
		ub :	510.8045	243.4236	49.9335
		lb :	502.1955	238.5764	44.0665
		A:
			-0.4648	0.6196	-0.6325
			-0.3059	-0.8957	-0.3228
			-0.3956	0.6342	0.6643
			-0.4873	0.4021	-0.7751
			-0.23	-0.9596	-0.1619
			0.1997	0.0799	0.9766
			0.1013	0.3936	0.9137
			-0.2414	0.9007	-0.3612
			-0.9651	-0.184	0.1862
			-0.1013	-0.3936	-0.9137
			0.2414	-0.9007	0.3612
			0.9651	0.184	-0.1862
		b:
			-114.3676
			-383.7882
			-14.0042
			-184.5956
			-353.398
			168.2142
			191.0919
			78.8413
			-520.4209
			-187.0919
			-76.8413
			528.4209


===========================================================================================
===========================================================================================
S8:
	q_c:	189.0	195.5	348.5
	ub :	197.4017	202.798	360.5404
	lb :	177.0771	182.1745	337.5564

	==================================================================================
	Q1:
		Shape: Polyhedra
		q_c:	186.0	196.5	356.0
		ub :	190.5279	199.4779	360.5404
		lb :	181.4721	193.5221	351.4596
		A:
			-0.1386	-0.9753	0.1718
			-0.3112	0.616	-0.7237
			0.0209	-0.8885	0.4584
			-0.2929	0.3317	-0.8967
			-0.8446	0.2755	-0.4591
			-0.0199	-0.943	0.3323
			0.5593	0.7354	0.3826
			0.6685	-0.1272	-0.7328
			-0.4902	0.6656	-0.5627
			-0.5593	-0.7354	-0.3826
			-0.6685	0.1272	0.7328
			0.4902	-0.6656	0.5627
		b:
			-154.4331
			-192.7326
			-5.7066
			-306.3551
			-264.5025
			-68.9259
			386.7452
			-157.5112
			-159.2155
			-382.7452
			165.5112
			162.2155
	==================================================================================
	Q2:
		Shape: Ellipse
		q_c:	184.0	191.0	354.0
		ub :	186.6322	196.5822	359.182
		lb :	181.3678	185.4178	348.818
		P^-1:
			0.8084	0.1845	0.3244
			0.1845	0.1019	0.0947
			0.3244	0.0947	0.2207
	==================================================================================
	Q3:
		Shape: Polyhedra
		q_c:	182.5	185.5	353.0
		ub :	185.4444	188.8255	356.0621
		lb :	179.5556	182.1745	349.9379
		A:
			0.838	0.5024	-0.2129
			0.6191	0.4085	-0.6707
			-0.8299	-0.3078	0.4653
			0.6584	0.6904	-0.2998
			-0.4761	-0.5634	0.6752
			0.5247	0.7031	-0.4799
			0.1237	0.4955	0.8597
			-0.7751	0.5892	-0.2281
			-0.6196	-0.6382	0.457
			-0.1237	-0.4955	-0.8597
			0.7751	-0.5892	0.2281
			0.6196	0.6382	-0.457
		b:
			172.1074
			-47.0812
			-43.0864
			143.0397
			47.8159
			57.3812
			420.4808
			-109.6815
			-69.6456
			-415.4808
			115.6815
			70.6456
	==================================================================================
	Q4:
		Shape: Polyhedra
		q_c:	188.5	190.0	346.0
		ub :	193.8429	195.0604	351.367
		lb :	183.1571	184.9396	340.633
		A:
			-0.6157	0.7468	0.2513
			0.3174	0.1432	0.9374
			0.8945	0.2028	-0.3985
			-0.6663	0.6542	0.3579
			-0.4625	0.8819	-0.0911
			-0.9861	-0.1594	-0.048
			0.6575	0.5887	0.4703
			0.1995	-0.7379	0.6448
			0.7266	-0.3301	-0.6026
			-0.6575	-0.5887	-0.4703
			-0.1995	0.7379	-0.6448
			-0.7266	0.3301	0.6026
		b:
			116.0408
			414.6021
			72.701
			125.8982
			51.7548
			-229.2713
			402.0122
			122.9826
			-130.7395
			-395.0122
			-117.9826
			137.7395
	==================================================================================
	Q5:
		Shape: Polyhedra
		q_c:	183.5	198.5	354.5
		ub :	189.9229	202.798	358.6185
		lb :	177.0771	194.202	350.3815
		A:
			0.3248	-0.5149	-0.7933
			0.2357	-0.3595	0.9029
			0.4033	-0.2162	-0.8891
			0.0151	0.8713	-0.4904
			0.5691	-0.7689	-0.2916
			-0.1231	-0.8993	-0.4196
			0.9645	0.2124	0.1568
			0.1979	-0.9748	0.1031
			0.1748	-0.0684	-0.9822
			-0.9645	-0.2124	-0.1568
			-0.1979	0.9748	-0.1031
			-0.1748	0.0684	0.9822
		b:
			-320.8289
			295.2531
			-280.9611
			4.9317
			-148.1764
			-346.3928
			280.2432
			-117.6172
			-326.7156
			-269.2432
			123.6172
			332.7156
	==================================================================================
	Q6:
		Shape: Hybrid
		q_c:	192.5	192.0	343.0
		ub :	197.4017	196.6813	348.4436
		lb :	187.5983	187.3187	337.5564
		P^-1:
			0.0817	0.0011	-0.0007
			0.0011	0.1387	-0.0349
			-0.0007	-0.0349	0.1029
		A:
			0.371	0.922	-0.1111
			0.3148	0.9095	-0.2713
			-0.7364	-0.5657	0.3711
			0.6941	0.2895	-0.6591
			0.9257	0.2914	-0.2413
			-0.3191	0.7075	-0.6305
		b:
			211.8912
			143.5889
			-121.2863
			-34.9334
			153.5026
			-140.4514


===========================================================================================
===========================================================================================
S9:
	q_c:	203.0	277.5	58.5
	ub :	208.7108	281.2574	65.3819
	lb :	196.1346	271.9791	52.5534

	==================================================================================
	Q1:
		Shape: Hybrid
		q_c:	199.5	275.0	59.5
		ub :	202.8654	278.0209	63.0961
		lb :	196.1346	271.9791	55.9039
		P^-1:
			0.221	0.0007	-0.0421
			0.0007	0.16	-0.0005
			-0.0421	-0.0005	0.189
		A:
			-0.2429	0.3412	-0.9081
			-0.1855	0.4958	-0.8484
			-0.8972	-0.3785	-0.2276
			0.2759	0.5721	-0.7724
			-0.9874	0.0363	-0.1543
			0.1792	-0.5832	-0.7923
		b:
			-7.2022
			50.2933
			-295.2846
			167.7129
			-194.9219
			-170.417
	==================================================================================
	Q2:
		Shape: Polyhedra
		q_c:	200.5	275.0	62.0
		ub :	202.5206	277.8139	65.1409
		lb :	198.4794	272.1861	58.8591
		A:
			0.7274	-0.4023	-0.5559
			0.7993	-0.5748	-0.1754
			-0.1327	0.2278	-0.9646
			-0.8362	-0.1791	-0.5184
			-0.7413	-0.2233	-0.6329
			0.5455	0.5245	-0.6537
			0.1768	0.7899	0.5872
			-0.1157	0.6092	-0.7846
			-0.9774	0.0708	0.1991
			-0.1768	-0.7899	-0.5872
			0.1157	-0.6092	0.7846
			0.9774	-0.0708	-0.1991
		b:
			2.251
			-7.0638
			-21.4029
			-247.3451
			-247.5501
			215.2479
			290.5728
			98.1829
			-162.6674
			-287.5728
			-93.1829
			165.6674
	==================================================================================
	Q3:
		Shape: Ellipse
		q_c:	206.0	278.5	62.5
		ub :	208.7108	281.1698	65.3819
		lb :	203.2892	275.8302	59.6181
		P^-1:
			0.6221	-0.3724	0.0441
			-0.3724	0.6227	-0.0441
			0.0441	-0.0441	0.2552
	==================================================================================
	Q4:
		Shape: Polyhedra
		q_c:	202.0	278.0	56.0
		ub :	205.4426	280.5819	59.4466
		lb :	198.5574	275.4181	52.5534
		A:
			-0.1146	-0.1279	0.9852
			0.6237	0.6456	-0.4407
			0.3563	-0.8741	-0.3301
			-0.2222	0.6104	0.7603
			0.4011	-0.911	-0.0963
			-0.9269	0.3708	-0.0578
			0.4692	0.5932	0.6542
			-0.266	0.8013	-0.5359
			-0.8421	0.0774	0.5338
			-0.4692	-0.5932	-0.6542
			0.266	-0.8013	0.5359
			0.8421	-0.0774	-0.5338
		b:
			-1.464
			282.904
			-187.5188
			169.5968
			-175.7873
			-85.2124
			298.3312
			140.5116
			-116.1911
			-294.3312
			-137.5116
			121.1911
	==================================================================================
	Q5:
		Shape: Hybrid
		q_c:	201.0	278.5	59.0
		ub :	202.6376	281.2574	61.4134
		lb :	199.3624	275.7426	56.5866
		P^-1:
			0.9862	-0.0928	0.053
			-0.0928	0.3769	0.3557
			0.053	0.3557	0.7969
		A:
			0.2631	0.4528	-0.8519
			0.966	-0.2514	0.0605
			0.375	0.2704	0.8867
			-0.5417	0.8373	0.0738
			0.3577	0.039	0.933
			-0.9109	-0.3697	-0.1829
		b:
			130.3962
			128.2591
			203.5591
			129.8935
			138.6193
			-296.0918
	==================================================================================
	Q6:
		Shape: Ellipse
		q_c:	206.0	278.5	60.5
		ub :	208.3879	280.7689	62.6405
		lb :	203.6121	276.2311	58.3595
		P^-1:
			0.2873	0.0653	-0.1493
			0.0653	0.3643	-0.2616
			-0.1493	-0.2616	0.8484


===========================================================================================
===========================================================================================
