3D_50_25_6_f                l = 3

===========================================================================================
===========================================================================================
S1:
	q_c:	161.0	290.0	32.0
	ub :	178.347	296.1494	56.258
	lb :	140.864	268.2546	14.4886

	==================================================================================
	Q1:
		Shape: Polyhedra
		q_c:	149.0	288.0	44.0
		ub :	157.136	295.4569	52.6991
		lb :	140.864	280.5431	35.3009
		A:
			0.2781	0.4803	0.8319
			-0.6168	0.7468	0.2486
			0.4472	0.7824	0.4335
			0.344	-0.3041	0.8884
			0.7398	0.2545	0.6228
			-0.5869	-0.7682	0.2558
			0.1517	0.8465	0.5103
			0.6009	0.331	-0.7276
			-0.7848	0.417	-0.4585
			-0.1517	-0.8465	-0.5103
			-0.6009	-0.331	0.7276
			0.7848	-0.417	0.4585
		b:
			220.7136
			138.816
			315.1921
			8.0299
			215.5536
			-292.0892
			292.844
			158.8413
			-12.0198
			-284.844
			-146.8413
			22.0198
	==================================================================================
	Q2:
		Shape: Ellipse
		q_c:	159.5	286.5	41.5
		ub :	167.4552	296.1494	51.2884
		lb :	151.5448	276.8506	31.7116
		P^-1:
			0.0304	0.0144	-0.0119
			0.0144	0.0527	-0.0293
			-0.0119	-0.0293	0.036
	==================================================================================
	Q3:
		Shape: Ellipse
		q_c:	153.5	283.5	29.0
		ub :	159.5985	289.1267	35.6059
		lb :	147.4015	277.8733	22.3941
		P^-1:
			0.0751	0.0031	-0.0146
			0.0031	0.0631	-0.0062
			-0.0146	-0.0062	0.039
	==================================================================================
	Q4:
		Shape: Polyhedra
		q_c:	153.0	277.5	46.0
		ub :	163.4446	286.7454	56.258
		lb :	142.5554	268.2546	35.742
		A:
			0.5377	-0.4085	0.7376
			0.8266	-0.4577	-0.3276
			-0.9015	-0.4314	0.0352
			0.7995	-0.5435	-0.2557
			0.0107	-0.8625	-0.506
			0.9638	-0.1853	-0.1917
			0.5898	0.6377	0.4955
			-0.6424	0.7423	-0.1905
			-0.4893	-0.2059	0.8475
			-0.5898	-0.6377	-0.4955
			0.6424	-0.7423	0.1905
			0.4893	0.2059	-0.8475
		b:
			8.4145
			-10.1202
			-249.161
			-35.021
			-254.6264
			93.0437
			296.9906
			103.4186
			-86.0152
			-282.9906
			-94.4186
			100.0152
	==================================================================================
	Q5:
		Shape: Ellipse
		q_c:	168.0	276.0	21.0
		ub :	173.9343	282.4984	27.5114
		lb :	162.0657	269.5016	14.4886
		P^-1:
			0.0881	-0.0261	0.0016
			-0.0261	0.0804	0.0107
			0.0016	0.0107	0.0451
	==================================================================================
	Q6:
		Shape: Ellipse
		q_c:	172.0	285.0	43.5
		ub :	178.347	290.48	50.1502
		lb :	165.653	279.52	36.8498
		P^-1:
			0.066	-0.006	0.0043
			-0.006	0.0729	-0.0074
			0.0043	-0.0074	0.0677


===========================================================================================
===========================================================================================
S2:
	q_c:	426.0	33.5	140.5
	ub :	448.5722	60.5196	152.8763
	lb :	412.2071	10.8491	123.691

	==================================================================================
	Q1:
		Shape: Hybrid
		q_c:	420.5	48.5	141.0
		ub :	425.5854	57.7737	146.2049
		lb :	415.4146	39.2263	135.7951
		P^-1:
			0.1133	-0.0135	0.0188
			-0.0135	0.0239	0.0302
			0.0188	0.0302	0.1477
		A:
			0.8218	-0.1029	0.5604
			0.9217	0.2272	0.3142
			0.8164	-0.2323	-0.5288
			0.8146	-0.3291	-0.4776
			-0.7601	0.2929	0.5801
			-0.3418	-0.792	-0.5058
		b:
			421.1501
			445.3732
			259.2008
			260.9862
			-221.9092
			-248.553
	==================================================================================
	Q2:
		Shape: Hybrid
		q_c:	424.5	51.0	140.0
		ub :	433.3138	60.5196	147.0473
		lb :	415.6862	41.4804	132.9527
		P^-1:
			0.0284	0.005	0.0001
			0.005	0.0306	-0.0064
			0.0001	-0.0064	0.0471
		A:
			0.2135	0.3855	0.8977
			-0.2936	-0.1054	-0.9501
			0.6068	0.2995	-0.7363
			0.5669	0.7044	0.4271
			0.9227	0.2296	0.3097
			-0.4643	0.5384	-0.7032
		b:
			238.8393
			-260.4463
			172.5316
			339.6281
			450.1937
			-265.0872
	==================================================================================
	Q3:
		Shape: Hybrid
		q_c:	433.0	20.0	134.5
		ub :	440.8034	26.7521	141.9148
		lb :	425.1966	13.2479	127.0852
		P^-1:
			0.0503	-0.009	-0.0008
			-0.009	0.0538	-0.0061
			-0.0008	-0.0061	0.0479
		A:
			-0.6596	-0.7049	0.261
			0.6573	-0.7093	-0.2546
			-0.0619	-0.7075	-0.704
			-0.6345	0.3511	-0.6885
			-0.0404	0.5807	-0.8131
			-0.1836	0.8599	0.4762
		b:
			-261.8791
			238.3721
			-132.7928
			-358.0289
			-112.9933
			4.2951
	==================================================================================
	Q4:
		Shape: Polyhedra
		q_c:	434.0	27.0	135.5
		ub :	441.8302	35.9672	145.1943
		lb :	426.1698	18.0328	125.8057
		A:
			0.0779	0.8621	-0.5007
			0.691	-0.7224	0.0254
			0.5414	-0.5786	-0.61
			0.5846	-0.7591	-0.2863
			-0.2058	0.4733	-0.8565
			-0.986	0.154	-0.0641
			0.4796	0.8723	0.0955
			0.8755	-0.483	0.0151
			0.0593	0.0764	-0.9953
			-0.4796	-0.8723	-0.0955
			-0.8755	0.483	-0.0151
			-0.0593	-0.0764	0.9953
		b:
			-3.2853
			288.6137
			143.3672
			199.8171
			-184.3074
			-427.5767
			251.6305
			373.465
			-98.0793
			-237.6305
			-364.465
			116.0793
	==================================================================================
	Q5:
		Shape: Polyhedra
		q_c:	438.5	35.5	132.5
		ub :	448.5722	43.3744	141.309
		lb :	428.4278	27.6256	123.691
		A:
			-0.2572	-0.9644	0.0611
			0.0135	-0.6529	-0.7573
			-0.0177	0.298	-0.9544
			0.2734	-0.2554	0.9274
			-0.6881	0.3874	0.6136
			-0.9382	-0.3462	0.0021
			0.081	0.7068	0.7028
			-0.1523	0.7056	-0.692
			-0.985	-0.051	0.1648
			-0.081	-0.7068	-0.7028
			0.1523	-0.7056	0.692
			0.985	0.051	-0.1648
		b:
			-133.1832
			-112.0688
			-118.381
			238.8782
			-198.9691
			-414.7238
			159.2291
			-128.4474
			-402.8955
			-148.2291
			138.4474
			420.8955
	==================================================================================
	Q6:
		Shape: Polyhedra
		q_c:	418.5	18.0	147.0
		ub :	424.7929	25.1509	152.8763
		lb :	412.2071	10.8491	141.1237
		A:
			0.5362	0.034	0.8434
			-0.3785	0.6108	0.6954
			0.237	-0.2889	-0.9275
			0.5161	0.5219	0.6792
			-0.1345	0.1706	0.9761
			-0.6223	0.1927	-0.7587
			0.0846	0.4729	0.8771
			-0.0965	0.88	-0.4651
			-0.9917	-0.0453	0.12
			-0.0846	-0.4729	-0.8771
			0.0965	-0.88	0.4651
			0.9917	0.0453	-0.12
		b:
			353.0899
			-41.5916
			-39.2243
			328.6012
			93.5355
			-363.4918
			175.332
			-86.4023
			-392.7129
			-170.332
			99.4023
			403.7129


===========================================================================================
===========================================================================================
S3:
	q_c:	360.5	18.0	37.0
	ub :	380.5471	40.2988	54.7992
	lb :	352.8082	-3.324	18.8816

	==================================================================================
	Q1:
		Shape: Polyhedra
		q_c:	371.0	23.0	34.0
		ub :	378.9664	29.8367	42.5125
		lb :	363.0336	16.1633	25.4875
		A:
			0.589	-0.1659	0.7909
			-0.4671	-0.7672	-0.4396
			-0.8347	-0.5496	-0.0359
			0.2488	-0.7064	0.6627
			-0.6384	0.6795	-0.3615
			0.9266	-0.2075	0.3137
			0.4432	0.8879	0.1235
			0.7399	-0.4401	0.5089
			0.5062	-0.1341	-0.8519
			-0.4432	-0.8879	-0.1235
			-0.7399	0.4401	-0.5089
			-0.5062	0.1341	0.8519
		b:
			245.1527
			-200.3426
			-318.086
			102.6061
			-230.9168
			352.6546
			194.5336
			283.6719
			163.7344
			-183.5336
			-279.6719
			-147.7344
	==================================================================================
	Q2:
		Shape: Ellipse
		q_c:	357.0	31.5	31.0
		ub :	361.1918	40.2988	39.0138
		lb :	352.8082	22.7012	22.9862
		P^-1:
			0.4019	0.0303	-0.1224
			0.0303	0.0251	-0.0047
			-0.1224	-0.0047	0.0709
	==================================================================================
	Q3:
		Shape: Hybrid
		q_c:	371.0	22.5	46.5
		ub :	380.5471	31.2179	54.7992
		lb :	361.4529	13.7821	38.2008
		P^-1:
			0.0272	-0.0119	-0.0083
			-0.0119	0.043	-0.0044
			-0.0083	-0.0044	0.0463
		A:
			0.5547	-0.7342	-0.3915
			-0.6615	0.5813	-0.4739
			0.1326	-0.9612	-0.242
			-0.244	-0.0335	-0.9692
			0.5558	0.0399	-0.8303
			0.4224	-0.825	0.3754
		b:
			173.3177
			-251.3889
			19.1482
			-133.1244
			170.9387
			157.9091
	==================================================================================
	Q4:
		Shape: Ellipse
		q_c:	372.0	6.5	25.5
		ub :	380.5167	14.0166	32.0409
		lb :	363.4833	-1.0166	18.9591
		P^-1:
			0.073	0.0623	0.0193
			0.0623	0.0915	0.0333
			0.0193	0.0333	0.0626
	==================================================================================
	Q5:
		Shape: Hybrid
		q_c:	361.5	27.0	25.5
		ub :	367.5684	31.8602	30.9753
		lb :	355.4316	22.1398	20.0247
		P^-1:
			0.08	0.0203	-0.0015
			0.0203	0.0948	0.0108
			-0.0015	0.0108	0.0804
		A:
			-0.9537	-0.1823	-0.2393
			-0.6449	-0.076	-0.7604
			-0.9472	0.3174	0.0458
			0.3629	0.7815	0.5076
			0.8125	0.5608	-0.1594
			-0.2957	-0.5064	-0.81
		b:
			-353.7724
			-252.4776
			-330.3353
			166.7845
			306.4648
			-139.475
	==================================================================================
	Q6:
		Shape: Polyhedra
		q_c:	366.0	6.5	29.0
		ub :	371.5853	16.324	39.1184
		lb :	360.4147	-3.324	18.8816
		A:
			0.1638	-0.6334	0.7563
			-0.7902	0.5964	-0.1411
			0.58	-0.0311	0.814
			-0.9644	-0.2535	-0.0753
			-0.7687	0.2116	-0.6036
			0.7514	-0.2273	-0.6195
			0.1466	0.7102	0.6886
			0.344	0.6161	-0.7086
			-0.9274	0.3408	-0.154
			-0.1466	-0.7102	-0.6886
			-0.344	-0.6161	0.7086
			0.9274	-0.3408	0.154
		b:
			85.2234
			-286.6335
			240.6875
			-352.2646
			-293.7821
			261.1405
			83.7364
			117.8655
			-339.698
			-72.7364
			-100.8655
			343.698


===========================================================================================
===========================================================================================
S4:
	q_c:	505.5	243.0	51.0
	ub :	516.5397	249.2724	62.0586
	lb :	495.8629	232.9946	40.0331

	==================================================================================
	Q1:
		Shape: Hybrid
		q_c:	501.0	238.0	49.0
		ub :	506.1371	243.0054	53.9783
		lb :	495.8629	232.9946	44.0217
		P^-1:
			0.0648	0.0008	0.0085
			0.0008	0.0865	-0.0119
			0.0085	-0.0119	0.104
		A:
			0.0083	-0.2632	0.9647
			-0.4344	0.5993	0.6724
			-0.2238	0.9745	-0.017
			-0.507	-0.3148	0.8024
			-0.1018	-0.5981	0.7949
			0.884	-0.4674	-0.0042
		b:
			-9.6774
			-39.8655
			120.9562
			-287.686
			-152.8329
			333.8388
	==================================================================================
	Q2:
		Shape: Ellipse
		q_c:	511.5	246.5	45.0
		ub :	516.5397	249.2724	49.9669
		lb :	506.4603	243.7276	40.0331
		P^-1:
			0.0807	-0.0002	-0.0236
			-0.0002	0.1598	-0.0038
			-0.0236	-0.0038	0.0931
	==================================================================================
	Q3:
		Shape: Hybrid
		q_c:	502.5	243.5	48.5
		ub :	505.8568	248.0248	52.9814
		lb :	499.1432	238.9752	44.0186
		P^-1:
			0.1831	0.0269	0.0293
			0.0269	0.1303	0.0683
			0.0293	0.0683	0.1783
		A:
			0.844	-0.092	0.5284
			0.5266	-0.4768	-0.7039
			-0.106	-0.0754	-0.9915
			-0.7897	0.1464	-0.5958
			0.928	0.3272	-0.1782
			-0.57	-0.7701	-0.2865
		b:
			428.7819
			115.7731
			-118.1737
			-388.5045
			538.8455
			-486.4491
	==================================================================================
	Q4:
		Shape: Ellipse
		q_c:	501.5	237.5	57.5
		ub :	505.5733	241.8748	62.0586
		lb :	497.4267	233.1252	52.9414
		P^-1:
			0.1447	-0.012	-0.0192
			-0.012	0.1505	-0.0151
			-0.0192	-0.0151	0.1359
	==================================================================================
	Q5:
		Shape: Hybrid
		q_c:	504.5	242.0	45.5
		ub :	508.4782	246.6687	50.3911
		lb :	500.5218	237.3313	40.6089
		P^-1:
			0.1432	-0.0147	0.018
			-0.0147	0.1178	-0.0082
			0.018	-0.0082	0.1212
		A:
			-0.3139	0.9008	-0.3
			-0.5529	0.6507	-0.5204
			0.813	0.5812	-0.035
			0.792	-0.3798	-0.478
			0.4224	0.6132	-0.6675
			-0.2806	0.9071	-0.3138
		b:
			47.4655
			-143.8434
			550.8848
			287.5256
			332.846
			65.1589
	==================================================================================
	Q6:
		Shape: Polyhedra
		q_c:	506.5	241.0	47.0
		ub :	510.8045	243.4236	49.9335
		lb :	502.1955	238.5764	44.0665
		A:
			-0.4648	0.6196	-0.6325
			-0.3059	-0.8957	-0.3228
			-0.3956	0.6342	0.6643
			-0.4873	0.4021	-0.7751
			-0.23	-0.9596	-0.1619
			0.1997	0.0799	0.9766
			0.1013	0.3936	0.9137
			-0.2414	0.9007	-0.3612
			-0.9651	-0.184	0.1862
			-0.1013	-0.3936	-0.9137
			0.2414	-0.9007	0.3612
			0.9651	0.184	-0.1862
		b:
			-114.3676
			-383.7882
			-14.0042
			-184.5956
			-353.398
			168.2142
			191.0919
			78.8413
			-520.4209
			-187.0919
			-76.8413
			528.4209


===========================================================================================
===========================================================================================
S5:
	q_c:	203.0	277.5	58.5
	ub :	208.7108	281.2574	65.3819
	lb :	196.1346	271.9791	52.5534

	==================================================================================
	Q1:
		Shape: Hybrid
		q_c:	199.5	275.0	59.5
		ub :	202.8654	278.0209	63.0961
		lb :	196.1346	271.9791	55.9039
		P^-1:
			0.221	0.0007	-0.0421
			0.0007	0.16	-0.0005
			-0.0421	-0.0005	0.189
		A:
			-0.2429	0.3412	-0.9081
			-0.1855	0.4958	-0.8484
			-0.8972	-0.3785	-0.2276
			0.2759	0.5721	-0.7724
			-0.9874	0.0363	-0.1543
			0.1792	-0.5832	-0.7923
		b:
			-7.2022
			50.2933
			-295.2846
			167.7129
			-194.9219
			-170.417
	==================================================================================
	Q2:
		Shape: Polyhedra
		q_c:	200.5	275.0	62.0
		ub :	202.5206	277.8139	65.1409
		lb :	198.4794	272.1861	58.8591
		A:
			0.7274	-0.4023	-0.5559
			0.7993	-0.5748	-0.1754
			-0.1327	0.2278	-0.9646
			-0.8362	-0.1791	-0.5184
			-0.7413	-0.2233	-0.6329
			0.5455	0.5245	-0.6537
			0.1768	0.7899	0.5872
			-0.1157	0.6092	-0.7846
			-0.9774	0.0708	0.1991
			-0.1768	-0.7899	-0.5872
			0.1157	-0.6092	0.7846
			0.9774	-0.0708	-0.1991
		b:
			2.251
			-7.0638
			-21.4029
			-247.3451
			-247.5501
			215.2479
			290.5728
			98.1829
			-162.6674
			-287.5728
			-93.1829
			165.6674
	==================================================================================
	Q3:
		Shape: Ellipse
		q_c:	206.0	278.5	62.5
		ub :	208.7108	281.1698	65.3819
		lb :	203.2892	275.8302	59.6181
		P^-1:
			0.6221	-0.3724	0.0441
			-0.3724	0.6227	-0.0441
			0.0441	-0.0441	0.2552
	==================================================================================
	Q4:
		Shape: Polyhedra
		q_c:	202.0	278.0	56.0
		ub :	205.4426	280.5819	59.4466
		lb :	198.5574	275.4181	52.5534
		A:
			-0.1146	-0.1279	0.9852
			0.6237	0.6456	-0.4407
			0.3563	-0.8741	-0.3301
			-0.2222	0.6104	0.7603
			0.4011	-0.911	-0.0963
			-0.9269	0.3708	-0.0578
			0.4692	0.5932	0.6542
			-0.266	0.8013	-0.5359
			-0.8421	0.0774	0.5338
			-0.4692	-0.5932	-0.6542
			0.266	-0.8013	0.5359
			0.8421	-0.0774	-0.5338
		b:
			-1.464
			282.904
			-187.5188
			169.5968
			-175.7873
			-85.2124
			298.3312
			140.5116
			-116.1911
			-294.3312
			-137.5116
			121.1911
	==================================================================================
	Q5:
		Shape: Hybrid
		q_c:	201.0	278.5	59.0
		ub :	202.6376	281.2574	61.4134
		lb :	199.3624	275.7426	56.5866
		P^-1:
			0.9862	-0.0928	0.053
			-0.0928	0.3769	0.3557
			0.053	0.3557	0.7969
		A:
			0.2631	0.4528	-0.8519
			0.966	-0.2514	0.0605
			0.375	0.2704	0.8867
			-0.5417	0.8373	0.0738
			0.3577	0.039	0.933
			-0.9109	-0.3697	-0.1829
		b:
			130.3962
			128.2591
			203.5591
			129.8935
			138.6193
			-296.0918
	==================================================================================
	Q6:
		Shape: Ellipse
		q_c:	206.0	278.5	60.5
		ub :	208.3879	280.7689	62.6405
		lb :	203.6121	276.2311	58.3595
		P^-1:
			0.2873	0.0653	-0.1493
			0.0653	0.3643	-0.2616
			-0.1493	-0.2616	0.8484


===========================================================================================
===========================================================================================
S6:
	q_c:	306.0	432.5	49.0
	ub :	325.0151	460.5253	66.9955
	lb :	283.1234	405.4559	27.2966

	==================================================================================
	Q1:
		Shape: Polyhedra
		q_c:	297.0	447.0	36.5
		ub :	309.38	460.5253	45.7034
		lb :	284.62	433.4747	27.2966
		A:
			-0.6391	0.3927	0.6613
			0.9421	0.1928	-0.2743
			0.7324	0.4362	-0.5228
			0.4424	0.4637	-0.7676
			0.0791	-0.3799	0.9216
			0.6907	-0.6431	-0.3307
			0.4696	0.8027	0.3676
			0.8503	-0.5233	0.0562
			0.2375	0.2862	-0.9283
			-0.4696	-0.8027	-0.3676
			-0.8503	0.5233	-0.0562
			-0.2375	-0.2862	0.9283
		b:
			16.7755
			363.6981
			400.5752
			316.7372
			-106.9334
			-86.7287
			521.6973
			28.1971
			170.0835
			-501.6973
			-13.1971
			-159.0835
	==================================================================================
	Q2:
		Shape: Polyhedra
		q_c:	294.5	416.5	40.0
		ub :	305.8766	427.5441	50.8747
		lb :	283.1234	405.4559	29.1253
		A:
			-0.2722	0.7395	-0.6157
			0.7948	-0.0881	-0.6005
			0.2529	-0.3025	-0.919
			-0.4916	0.799	0.3462
			0.4846	0.6643	-0.5691
			-0.6586	0.7471	0.0905
			0.7998	0.443	0.4051
			0.1442	-0.7968	0.5868
			0.5827	-0.4109	-0.7011
			-0.7998	-0.443	-0.4051
			-0.1442	0.7968	-0.5868
			-0.5827	0.4109	0.7011
		b:
			209.2884
			179.1183
			-82.6224
			207.1999
			403.3596
			126.4116
			445.7595
			-259.9338
			-22.5569
			-426.7595
			271.9338
			32.5569
	==================================================================================
	Q3:
		Shape: Hybrid
		q_c:	318.0	441.5	49.0
		ub :	325.0151	448.1338	56.1203
		lb :	310.9849	434.8662	41.8797
		P^-1:
			0.0469	0.0018	0.0102
			0.0018	0.0405	0.0026
			0.0102	0.0026	0.0552
		A:
			-0.8093	0.0759	-0.5825
			0.5105	-0.7351	0.4461
			0.8021	0.4236	0.4211
			0.9438	-0.2509	-0.2151
			-0.8822	0.3751	-0.2846
			0.1005	0.0595	-0.9932
		b:
			-250.1956
			-137.6068
			464.9884
			181.7306
			-126.3062
			12.0439
	==================================================================================
	Q4:
		Shape: Ellipse
		q_c:	293.0	435.5	58.0
		ub :	302.6716	440.7797	66.9955
		lb :	283.3284	430.2203	49.0045
		P^-1:
			0.0342	-0.1044	0.0497
			-0.1044	0.808	-0.3746
			0.0497	-0.3746	0.1986
	==================================================================================
	Q5:
		Shape: Polyhedra
		q_c:	318.0	438.5	47.5
		ub :	324.2609	449.5167	56.0436
		lb :	311.7391	427.4833	38.9564
		A:
			0.0987	-0.8446	0.5263
			0.5916	-0.3625	0.7201
			-0.1825	0.6322	-0.753
			0.2129	-0.7214	0.659
			0.1656	0.1119	-0.9798
			-0.1835	0.8092	-0.5582
			0.0653	0.8603	0.5055
			0.0305	0.5047	-0.8628
			-0.9974	0.0718	0.0067
			-0.0653	-0.8603	-0.5055
			-0.0305	-0.5047	0.8628
			0.9974	-0.0718	-0.0067
		b:
			-308.1541
			68.0494
			187.7182
			-212.4865
			60.5883
			275.452
			432.0372
			194.0127
			-279.881
			-412.0372
			-186.0127
			290.881
	==================================================================================
	Q6:
		Shape: Hybrid
		q_c:	311.5	433.5	47.0
		ub :	318.7116	443.6129	57.0372
		lb :	304.2884	423.3871	36.9628
		P^-1:
			0.1721	-0.0997	-0.026
			-0.0997	0.0939	0.0417
			-0.026	0.0417	0.0434
		A:
			-0.6547	-0.6138	-0.4411
			0.0732	-0.7916	-0.6066
			-0.8309	0.5246	0.1856
			0.4856	-0.8315	-0.27
			-0.2806	0.1615	-0.9461
			-0.8923	0.3922	-0.2235
		b:
			-486.1352
			-345.897
			-21.6642
			-219.4233
			-55.8156
			-116.5278


===========================================================================================
===========================================================================================
S7:
	q_c:	406.0	12.5	474.5
	ub :	429.1302	25.1782	490.8501
	lb :	388.5115	-9.5921	454.2543

	==================================================================================
	Q1:
		Shape: Ellipse
		q_c:	410.0	3.5	481.0
		ub :	419.1766	12.2045	490.8501
		lb :	400.8234	-5.2045	471.1499
		P^-1:
			0.0229	-0.0017	-0.0004
			-0.0017	0.0476	-0.0198
			-0.0004	-0.0198	0.0361
	==================================================================================
	Q2:
		Shape: Polyhedra
		q_c:	395.0	21.5	461.0
		ub :	401.4885	25.1782	467.6379
		lb :	388.5115	17.8218	454.3621
		A:
			-0.5288	-0.8075	-0.2614
			0.2072	0.7941	0.5714
			0.3447	0.8674	0.3589
			-0.7234	-0.688	0.0585
			-0.427	-0.7816	-0.4548
			0.2182	0.9632	0.1572
			0.3843	0.8742	0.2968
			0.7882	-0.1433	-0.5986
			-0.4807	0.4639	-0.7441
			-0.3843	-0.8742	-0.2968
			-0.7882	0.1433	0.5986
			0.4807	-0.4639	0.7441
		b:
			-345.5015
			364.2141
			321.3464
			-270.8619
			-393.8276
			180.8052
			308.407
			37.3109
			-518.439
			-306.407
			-27.3109
			527.439
	==================================================================================
	Q3:
		Shape: Polyhedra
		q_c:	421.0	13.0	481.0
		ub :	429.1302	20.462	489.3348
		lb :	412.8698	5.538	472.6652
		A:
			0.5557	0.1723	0.8133
			-0.5162	0.3447	-0.7841
			-0.4156	-0.0127	-0.9095
			-0.9064	-0.3498	-0.2367
			0.4095	-0.2773	0.8691
			-0.0274	-0.9028	0.4292
			0.4259	0.8131	0.3968
			0.5628	0.1054	-0.8199
			-0.7085	0.5725	-0.4127
			-0.4259	-0.8131	-0.3968
			-0.5628	-0.1054	0.8199
			0.7085	-0.5725	0.4127
		b:
			632.495
			-585.9079
			-607.6702
			-494.6581
			591.219
			188.0493
			386.7586
			-150.5731
			-485.821
			-374.7586
			161.5731
			492.821
	==================================================================================
	Q4:
		Shape: Ellipse
		q_c:	404.0	-1.5	461.5
		ub :	413.0076	6.5921	468.7457
		lb :	394.9924	-9.5921	454.2543
		P^-1:
			0.0344	0.0059	-0.0016
			0.0059	0.0338	0.0016
			-0.0016	0.0016	0.0396
	==================================================================================
	Q5:
		Shape: Ellipse
		q_c:	407.0	9.0	471.0
		ub :	417.0437	18.5363	479.6818
		lb :	396.9563	-0.5363	462.3182
		P^-1:
			0.0241	-0.0087	0.0076
			-0.0087	0.0468	-0.0283
			0.0076	-0.0283	0.0548
	==================================================================================
	Q6:
		Shape: Polyhedra
		q_c:	401.0	11.5	470.0
		ub :	409.5186	19.8813	474.3347
		lb :	392.4814	3.1187	465.6653
		A:
			0.7833	-0.6154	0.0877
			0.4352	-0.3687	0.8213
			-0.7808	0.566	-0.2646
			-0.6318	0.4219	0.6502
			-0.1609	-0.1125	-0.9805
			-0.5829	0.7921	-0.1813
			0.693	0.7111	0.1183
			0.5015	-0.3577	-0.7877
			-0.5179	0.6052	-0.6045
			-0.693	-0.7111	-0.1183
			-0.5015	0.3577	0.7877
			0.5179	-0.6052	0.6045
		b:
			350.5418
			558.3938
			-428.5885
			60.1019
			-523.0041
			-307.5889
			350.6796
			-170.2427
			-483.3457
			-332.6796
			176.2427
			486.3457


===========================================================================================
===========================================================================================
S8:
	q_c:	40.5	195.5	477.5
	ub :	51.597	207.7955	487.6184
	lb :	31.6058	184.3477	466.6524

	==================================================================================
	Q1:
		Shape: Hybrid
		q_c:	47.0	198.5	474.0
		ub :	51.597	205.9677	481.3476
		lb :	42.403	191.0323	466.6524
		P^-1:
			0.0806	-0.0065	-0.002
			-0.0065	0.0394	-0.0027
			-0.002	-0.0027	0.0347
		A:
			0.9689	0.0733	0.2363
			0.0611	-0.9981	0.0086
			-0.3249	-0.5092	0.797
			-0.2375	0.9714	-0.0061
			0.9323	0.1057	0.3459
			-0.9113	0.2248	-0.345
		b:
			174.1306
			-187.8505
			264.6846
			181.9199
			231.0018
			-159.6713
	==================================================================================
	Q2:
		Shape: Ellipse
		q_c:	43.5	192.0	479.5
		ub :	47.9232	196.6891	484.3555
		lb :	39.0768	187.3109	474.6445
		P^-1:
			0.1708	0.0668	0.0718
			0.0668	0.1936	-0.0606
			0.0718	-0.0606	0.185
	==================================================================================
	Q3:
		Shape: Ellipse
		q_c:	41.5	203.5	471.5
		ub :	45.7478	207.7955	475.427
		lb :	37.2522	199.2045	467.573
		P^-1:
			0.115	-0.0116	0.0197
			-0.0116	0.1458	-0.059
			0.0197	-0.059	0.2115
	==================================================================================
	Q4:
		Shape: Hybrid
		q_c:	44.5	198.0	483.0
		ub :	49.7899	203.7089	487.6184
		lb :	39.2101	192.2911	478.3816
		P^-1:
			0.0821	0.0014	0.0034
			0.0014	0.0858	0.0101
			0.0034	0.0101	0.1065
		A:
			-0.5885	0.5878	0.5551
			-0.3157	-0.6654	0.6764
			-0.2542	0.7064	-0.6606
			-0.8805	-0.1705	-0.4424
			0.808	-0.2255	-0.5444
			-0.566	0.0556	0.8226
		b:
			360.0871
			182.837
			-188.5723
			-284.768
			-269.7438
			384.8754
	==================================================================================
	Q5:
		Shape: Hybrid
		q_c:	39.5	188.5	473.0
		ub :	42.4085	192.6523	476.7039
		lb :	36.5915	184.3477	469.2961
		P^-1:
			0.2498	-0.0048	0.0015
			-0.0048	0.096	0.0468
			0.0015	0.0468	0.2358
		A:
			0.5523	0.595	-0.584
			0.8877	-0.3556	0.2924
			-0.9796	0.108	0.1696
			-0.992	0.0115	-0.1257
			0.1026	-0.6285	-0.7711
			0.953	0.0062	-0.303
		b:
			-140.2934
			107.638
			62.8724
			-95.4887
			-477.8502
			-103.4619
	==================================================================================
	Q6:
		Shape: Polyhedra
		q_c:	35.5	201.0	477.0
		ub :	39.3942	206.1171	481.6216
		lb :	31.6058	195.8829	472.3784
		A:
			-0.0593	-0.3195	-0.9457
			-0.9212	-0.2785	-0.2717
			-0.8435	0.5356	0.0393
			-0.7958	-0.5602	0.2301
			0.9092	0.3489	0.2271
			0.5505	-0.1726	0.8168
			0.7135	0.1238	0.6897
			-0.0005	-0.9842	0.1772
			0.7007	-0.1267	-0.7021
			-0.7135	-0.1238	-0.6897
			0.0005	0.9842	-0.1772
			-0.7007	0.1267	0.7021
		b:
			-514.6042
			-215.2547
			99.7301
			-27.63
			213.8017
			377.625
			382.1832
			-108.815
			-333.0147
			-376.1832
			117.815
			338.0147


===========================================================================================
===========================================================================================
S9:
	q_c:	451.0	138.0	276.5
	ub :	474.7673	158.7138	297.5005
	lb :	423.7794	112.8893	258.6575

	==================================================================================
	Q1:
		Shape: Ellipse
		q_c:	434.0	128.0	268.0
		ub :	444.2206	136.4712	277.3425
		lb :	423.7794	119.5288	258.6575
		P^-1:
			0.0302	-0.011	-0.0027
			-0.011	0.043	-0.0027
			-0.0027	-0.0027	0.0244
	==================================================================================
	Q2:
		Shape: Polyhedra
		q_c:	436.5	123.5	270.5
		ub :	448.4309	134.1107	279.216
		lb :	424.5691	112.8893	261.784
		A:
			-0.1006	-0.5377	0.8371
			0.1063	0.9931	-0.0501
			-0.0626	0.148	0.987
			-0.0663	-0.706	0.7051
			0.7173	-0.1312	-0.6843
			0.8651	0.1188	-0.4874
			0.5815	0.7592	0.2923
			0.7137	-0.6485	0.2646
			0.3904	0.0548	-0.919
			-0.5815	-0.7592	-0.2923
			-0.7137	0.6485	-0.2646
			-0.3904	-0.0548	0.919
		b:
			122.5437
			162.573
			263.1138
			81.5605
			117.8238
			266.5278
			432.1624
			312.5098
			-66.4074
			-421.1624
			-293.5098
			76.4074
	==================================================================================
	Q3:
		Shape: Polyhedra
		q_c:	440.0	134.0	282.5
		ub :	449.9829	146.1279	288.9508
		lb :	430.0171	121.8721	276.0492
		A:
			-0.7676	-0.3295	0.5497
			-0.7038	0.2453	-0.6667
			-0.172	0.0631	-0.9831
			0.2516	-0.6338	0.7315
			0.2181	0.6766	-0.7033
			0.2416	-0.3069	0.9206
			0.429	0.899	0.0874
			-0.0567	0.1233	-0.9907
			-0.9015	0.4201	0.1039
			-0.429	-0.899	-0.0874
			0.0567	-0.1233	0.9907
			0.9015	-0.4201	-0.1039
		b:
			-219.2764
			-459.5332
			-339.8651
			238.6446
			-4.6078
			330.3805
			343.9339
			-283.3014
			-305.0188
			-323.9339
			293.3014
			317.0188
	==================================================================================
	Q4:
		Shape: Polyhedra
		q_c:	451.0	142.0	268.5
		ub :	458.5049	151.6034	277.3259
		lb :	443.4951	132.3966	259.6741
		A:
			0.1199	0.6044	0.7876
			-0.5162	-0.1232	-0.8475
			0.2152	0.1535	-0.9644
			0.6833	-0.2122	-0.6986
			0.9255	-0.378	-0.0226
			-0.7221	-0.5654	-0.3985
			0.193	0.6211	0.7596
			0.9764	-0.1984	-0.0858
			0.0974	0.7582	-0.6447
			-0.193	-0.6211	-0.7596
			-0.9764	0.1984	0.0858
			-0.0974	-0.7582	0.6447
		b:
			356.3996
			-472.3402
			-133.8219
			96.3129
			363.687
			-507.5099
			384.1899
			395.1145
			-14.4996
			-374.1899
			-383.1145
			28.4996
	==================================================================================
	Q5:
		Shape: Hybrid
		q_c:	449.5	130.5	268.5
		ub :	459.8103	140.4295	277.147
		lb :	439.1897	120.5705	259.853
		P^-1:
			0.0277	0.0039	0.0014
			0.0039	0.0276	0.002
			0.0014	0.002	0.0292
		A:
			-0.8234	0.218	0.5239
			0.1555	0.4598	0.8743
			0.7318	0.6509	0.202
			0.9019	0.4036	-0.1539
			0.3856	-0.856	0.3444
			0.7441	-0.1666	0.647
		b:
			-197.5144
			367.578
			470.943
			419.8153
			157.7848
			489.7199
	==================================================================================
	Q6:
		Shape: Ellipse
		q_c:	464.0	148.5	287.0
		ub :	474.7673	158.7138	297.5005
		lb :	453.2327	138.2862	276.4995
		P^-1:
			0.0254	0.0005	0.002
			0.0005	0.0238	0.0006
			0.002	0.0006	0.0259


===========================================================================================
===========================================================================================
S10:
	q_c:	98.0	138.0	84.0
	ub :	114.4491	145.9301	103.6135
	lb :	82.7831	123.5148	72.1423

	==================================================================================
	Q1:
		Shape: Polyhedra
		q_c:	88.5	130.5	79.5
		ub :	94.2169	137.4852	86.8577
		lb :	82.7831	123.5148	72.1423
		A:
			-0.0613	-0.9865	0.1516
			0.464	-0.1217	0.8774
			0.1504	0.9461	0.2869
			0.0912	-0.9608	-0.2619
			-0.8197	0.464	0.3358
			-0.7063	-0.0967	-0.7012
			0.0433	0.8023	0.5954
			0.6651	0.4215	-0.6164
			-0.7455	0.4227	-0.5154
			-0.0433	-0.8023	-0.5954
			-0.6651	-0.4215	0.6164
			0.7455	-0.4227	0.5154
		b:
			-117.5867
			98.2505
			164.169
			-133.7805
			18.9079
			-127.6782
			160.3649
			70.3637
			-49.2841
			-151.3649
			-59.3637
			54.2841
	==================================================================================
	Q2:
		Shape: Ellipse
		q_c:	106.5	132.0	92.0
		ub :	111.7021	137.3928	98.1068
		lb :	101.2979	126.6072	85.8932
		P^-1:
			0.3116	0.1263	0.1419
			0.1263	0.0987	0.066
			0.1419	0.066	0.1142
	==================================================================================
	Q3:
		Shape: Polyhedra
		q_c:	108.5	135.5	98.5
		ub :	114.4491	140.7302	103.6135
		lb :	102.5509	130.2698	93.3865
		A:
			-0.3738	0.6801	-0.6307
			-0.5083	0.3852	0.7702
			-0.856	0.4114	-0.3129
			-0.9202	0.3683	0.1322
			-0.1255	-0.0692	-0.9897
			0.4735	0.6816	0.5578
			0.5643	0.2146	0.7972
			-0.7037	-0.38	0.6003
			0.4318	-0.8997	-0.0634
			-0.5643	-0.2146	-0.7972
			0.7037	0.38	-0.6003
			-0.4318	0.8997	0.0634
		b:
			-7.0327
			76.4103
			-64.4596
			-33.4085
			-116.9806
			202.1821
			172.3228
			-65.2131
			-77.815
			-165.3228
			72.2131
			84.815
	==================================================================================
	Q4:
		Shape: Ellipse
		q_c:	99.0	137.0	83.5
		ub :	102.1285	142.9072	89.2814
		lb :	95.8715	131.0928	77.7186
		P^-1:
			0.1584	-0.0112	0.0052
			-0.0112	0.0638	-0.0006
			0.0052	-0.0006	0.0628
	==================================================================================
	Q5:
		Shape: Ellipse
		q_c:	105.5	138.0	92.0
		ub :	110.5327	143.2233	97.4699
		lb :	100.4673	132.7767	86.5301
		P^-1:
			0.1257	0.0323	0.0038
			0.0323	0.1043	0.0341
			0.0038	0.0341	0.1036
	==================================================================================
	Q6:
		Shape: Hybrid
		q_c:	104.5	139.5	80.5
		ub :	109.925	145.9301	87.386
		lb :	99.075	133.0699	73.614
		P^-1:
			0.2361	0.1581	0.1312
			0.1581	0.1666	0.0941
			0.1312	0.0941	0.1242
		A:
			-0.4818	-0.2744	-0.8322
			0.7235	-0.6641	0.1885
			0.0579	0.1397	0.9885
			0.6821	0.1808	0.7085
			-0.7587	-0.6438	-0.0998
			0.6485	0.7572	0.0783
		b:
			-153.6441
			2.3057
			108.5848
			155.1883
			-175.6451
			181.2825


===========================================================================================
===========================================================================================
S11:
	q_c:	473.0	326.0	174.5
	ub :	492.0091	348.6245	186.468
	lb :	463.4874	311.68	160.6536

	==================================================================================
	Q1:
		Shape: Hybrid
		q_c:	467.0	318.0	179.0
		ub :	469.741	322.039	181.8986
		lb :	464.259	313.961	176.1014
		P^-1:
			0.2464	0.0238	0.0044
			0.0238	0.0907	-0.0297
			0.0044	-0.0297	0.2445
		A:
			-0.3801	0.5483	-0.7449
			0.5602	-0.1472	0.8152
			0.4539	-0.0609	-0.889
			-0.7085	-0.4944	0.5036
			-0.8108	-0.2843	0.5116
			-0.8455	0.2931	0.4463
		b:
			-135.0941
			361.7239
			34.6659
			-396.7628
			-376.4992
			-220.3203
	==================================================================================
	Q2:
		Shape: Polyhedra
		q_c:	472.5	322.0	181.0
		ub :	478.4129	328.2446	186.468
		lb :	466.5871	315.7554	175.532
		A:
			0.5508	0.8061	-0.2166
			0.3637	-0.4395	-0.8213
			0.9084	-0.0293	-0.4171
			-0.9914	-0.1258	-0.0374
			-0.7425	-0.1458	0.6538
			0.4783	0.284	-0.831
			0.6109	0.5121	0.6038
			0.4191	-0.8562	0.3021
			0.6717	0.0685	-0.7377
			-0.6109	-0.5121	-0.6038
			-0.4191	0.8562	-0.3021
			-0.6717	-0.0685	0.7377
		b:
			484.2992
			-115.2811
			347.147
			-512.3664
			-276.8905
			169.8622
			566.3221
			-17.9751
			208.424
			-559.3221
			27.9751
			-203.424
	==================================================================================
	Q3:
		Shape: Ellipse
		q_c:	473.0	328.0	169.0
		ub :	478.0426	336.1831	177.3464
		lb :	467.9574	319.8169	160.6536
		P^-1:
			0.11	-0.0069	0.0075
			-0.0069	0.0685	0.046
			0.0075	0.046	0.0615
	==================================================================================
	Q4:
		Shape: Polyhedra
		q_c:	475.5	325.0	176.0
		ub :	482.6681	330.1341	183.1299
		lb :	468.3319	319.8659	168.8701
		A:
			0.1722	-0.815	-0.5532
			0.3017	-0.9343	-0.1901
			0.2037	-0.6192	-0.7584
			0.7185	-0.6807	-0.1431
			0.5887	-0.0429	0.8072
			0.693	-0.693	-0.1987
			0.5959	0.1255	0.7932
			-0.4868	0.842	0.2325
			-0.6388	-0.5246	0.5628
			-0.5959	-0.1255	-0.7932
			0.4868	-0.842	-0.2325
			0.6388	0.5246	-0.5628
		b:
			-277.7021
			-191.4074
			-234.5989
			97.6135
			412.5343
			71.6553
			468.2177
			85.1229
			-369.677
			-459.2177
			-81.1229
			380.677
	==================================================================================
	Q5:
		Shape: Hybrid
		q_c:	485.0	339.0	175.5
		ub :	492.0091	348.6245	184.925
		lb :	477.9909	329.3755	166.075
		P^-1:
			0.0884	0.0179	0.0346
			0.0179	0.0281	0.0053
			0.0346	0.0053	0.0427
		A:
			-0.5293	-0.7078	-0.4679
			0.6985	0.0103	0.7155
			-0.016	-0.9998	0.0099
			0.9397	-0.1262	0.3179
			-0.9248	-0.3681	0.0959
			-0.6265	0.5183	-0.5821
		b:
			-575.6653
			469.9123
			-340.0625
			471.0397
			-553.7769
			-226.8909
	==================================================================================
	Q6:
		Shape: Ellipse
		q_c:	471.0	319.0	173.5
		ub :	478.5126	326.32	179.457
		lb :	463.4874	311.68	167.543
		P^-1:
			0.0546	0.0107	-0.0009
			0.0107	0.048	0.0013
			-0.0009	0.0013	0.0624


===========================================================================================
===========================================================================================
S12:
	q_c:	103.0	36.5	117.5
	ub :	117.7168	56.0937	134.2932
	lb :	85.0951	13.114	100.1524

	==================================================================================
	Q1:
		Shape: Hybrid
		q_c:	93.0	29.5	109.0
		ub :	100.9049	38.3703	117.4232
		lb :	85.0951	20.6297	100.5768
		P^-1:
			0.0205	0.0008	0.0001
			0.0008	0.027	0.0015
			0.0001	0.0015	0.0243
		A:
			-0.4143	0.6022	0.6824
			0.1266	-0.9911	0.0403
			-0.4591	0.2929	-0.8387
			0.4676	0.458	0.756
			0.0307	-0.9357	-0.3514
			0.9885	0.1347	0.0685
		b:
			56.9356
			-9.9143
			-121.8527
			142.7064
			-60.0311
			107.3104
	==================================================================================
	Q2:
		Shape: Hybrid
		q_c:	111.0	24.0	127.5
		ub :	117.7168	34.886	134.2932
		lb :	104.2832	13.114	120.7068
		P^-1:
			0.2062	0.0781	0.0483
			0.0781	0.0413	0.0166
			0.0483	0.0166	0.0455
		A:
			-0.8804	-0.4743	0.0002
			-0.7307	-0.4226	-0.5362
			0.5903	0.2548	0.7659
			-0.8628	-0.1478	-0.4834
			-0.8098	-0.5866	-0.0036
			0.916	0.3938	-0.0762
		b:
			-107.5418
			-157.6515
			171.9701
			-159.0844
			-102.1984
			102.9933
	==================================================================================
	Q3:
		Shape: Polyhedra
		q_c:	97.0	47.0	116.0
		ub :	106.0467	56.0937	120.9244
		lb :	87.9533	37.9063	111.0756
		A:
			-0.8449	-0.4156	-0.3367
			0.6779	0.2975	0.6723
			-0.5749	0.1034	0.8117
			-0.9051	-0.418	-0.0783
			-0.435	-0.4388	0.7863
			0.1355	-0.0141	-0.9907
			0.9099	0.2401	0.3382
			-0.2455	0.969	-0.0274
			-0.3343	-0.0581	0.9407
			-0.9099	-0.2401	-0.3382
			0.2455	-0.969	0.0274
			0.3343	0.0581	-0.9407
		b:
			-133.5316
			164.2508
			46.5329
			-109.7027
			32.1803
			-99.5608
			145.7762
			26.0462
			76.4676
			-131.7762
			-11.0462
			-71.4676
	==================================================================================
	Q4:
		Shape: Polyhedra
		q_c:	105.5	48.5	107.5
		ub :	111.1871	55.6073	113.4453
		lb :	99.8129	41.3927	101.5547
		A:
			-0.5584	0.2984	-0.7741
			-0.5983	-0.6	-0.531
			-0.4476	-0.1228	-0.8857
			-0.5422	-0.5496	-0.6355
			-0.5606	0.4538	0.6927
			0.8561	-0.0553	0.5139
			0.3991	0.2834	0.872
			-0.9168	0.1416	0.3735
			-0.0176	-0.9485	0.3163
			-0.3991	-0.2834	-0.872
			0.9168	-0.1416	-0.3735
			0.0176	0.9485	-0.3163
		b:
			-123.7023
			-145.7578
			-145.7454
			-149.0017
			41.867
			146.6467
			152.088
			-44.6991
			-7.8628
			-147.088
			54.6991
			19.8628
	==================================================================================
	Q5:
		Shape: Polyhedra
		q_c:	101.0	36.0	109.5
		ub :	110.7842	43.6251	118.8476
		lb :	91.2158	28.3749	100.1524
		A:
			0.4042	0.5069	0.7614
			-0.6963	-0.032	-0.717
			-0.1665	0.75	0.6401
			0.9812	-0.1073	0.1606
			0.4076	0.7392	0.5361
			-0.101	0.8182	0.5659
			0.5632	0.4615	0.6855
			-0.624	-0.3064	0.7189
			0.5418	-0.8326	0.1154
			-0.5632	-0.4615	-0.6855
			0.624	0.3064	-0.7189
			-0.5418	0.8326	-0.1154
		b:
			145.7129
			-146.7174
			84.8546
			118.2362
			129.7228
			85.2263
			151.5533
			14.1715
			41.3809
			-145.5533
			4.8285
			-33.3809
	==================================================================================
	Q6:
		Shape: Ellipse
		q_c:	91.0	26.5	125.5
		ub :	95.4357	31.3051	130.6749
		lb :	86.5643	21.6949	120.3251
		P^-1:
			0.1111	0.0	0.0
			0.0	0.1111	0.0
			0.0	0.0	0.1111


===========================================================================================
===========================================================================================
S13:
	q_c:	534.5	60.0	66.5
	ub :	568.6323	79.8434	91.1288
	lb :	508.661	32.6843	41.4065

	==================================================================================
	Q1:
		Shape: Hybrid
		q_c:	546.5	52.5	49.0
		ub :	552.947	59.3128	52.7624
		lb :	540.053	45.6872	45.2376
		P^-1:
			0.1443	0.0772	-0.1487
			0.0772	0.0867	-0.1062
			-0.1487	-0.1062	0.309
		A:
			-0.2858	-0.131	0.9493
			-0.7209	0.6387	0.2691
			-0.7436	-0.1924	0.6403
			-0.4582	-0.4388	0.773
			-0.4071	-0.3926	0.8247
			-0.6174	-0.2745	0.7372
		b:
			-115.3686
			-342.8122
			-383.6871
			-234.7039
			-201.8415
			-314.7676
	==================================================================================
	Q2:
		Shape: Polyhedra
		q_c:	540.0	41.5	81.5
		ub :	548.5386	47.2094	91.1288
		lb :	531.4614	35.7906	71.8712
		A:
			-0.0973	0.9829	0.1561
			0.4129	0.8134	-0.4098
			-0.549	-0.781	0.2978
			0.4809	0.7676	-0.4236
			0.0618	0.9722	-0.2258
			-0.1689	-0.9686	-0.1826
			0.1768	0.0023	0.9843
			-0.8704	0.4672	0.1552
			-0.4595	-0.8841	0.0846
			-0.1768	-0.0023	-0.9843
			0.8704	-0.4672	-0.1552
			0.4595	0.8841	-0.0846
		b:
			5.5529
			227.3177
			-301.1105
			261.0991
			59.3411
			-142.3688
			184.2594
			-431.4779
			-274.9361
			-167.2594
			444.4779
			280.9361
	==================================================================================
	Q3:
		Shape: Hybrid
		q_c:	524.0	52.5	76.5
		ub :	539.339	65.9078	89.1523
