3D_50_20_6_e                l = 3

===========================================================================================
===========================================================================================
S1:
	q_c:    309.0000    41.5000    144.5000
	ub :    327.0000    61.0000    160.0000
	lb :    291.0000    22.0000    129.0000

	==================================================================================
	Q1:
		Shape: Ellipse
		q_c:    320.5000    35.5000    126.5000
		ub :    328.1445    43.6497    132.8563
		lb :    312.8555    27.3503    120.1437
		P^-1: 
			    0.0349    -0.0067    0.0121
			    -0.0067    0.0563    -0.0382
			    0.0121    -0.0382    0.0808
	==================================================================================
	Q2:
		Shape: Polyhedra
		q_c:    303.5000    36.0000    134.0000
		ub :    317.2170    48.3036    145.4715
		lb :    289.7830    23.6964    122.5285
		A:
			    0.0948    -0.7413    -0.6644
			    -0.5260    -0.1800    -0.8312
			    -0.3375    0.9259    -0.1697
			    0.8338    -0.5320    -0.1475
			    0.4204    -0.8602    -0.2886
			    0.0825    0.3927    0.9159
			    0.3233    0.5781    0.7491
			    -0.6395    -0.4501    0.6233
			    0.6975    -0.6806    0.2242
			    -0.3233    -0.5781    -0.7491
			    0.6395    0.4501    -0.6233
			    -0.6975    0.6806    -0.2242
		b:
			    -82.1921
			    -272.8510
			    -84.1203
			    222.2951
			    64.4365
			    167.0317
			    222.8327
			    -115.2590
			    224.7316
			    -215.8327
			    138.2590
			    -209.7316
	==================================================================================
	Q3:
		Shape: Polyhedra
		q_c:    308.0000    50.5000    148.0000
		ub :    313.5712    56.2473    152.9954
		lb :    302.4288    44.7527    143.0046
		A:
			    -0.0728    -0.8088    -0.5836
			    0.5303    -0.6854    0.4990
			    -0.0979    0.8540    -0.5110
			    0.3227    -0.9395    0.1147
			    -0.0969    -0.5711    0.8151
			    -0.2941    0.1727    0.9400
			    0.3446    0.4381    0.8303
			    -0.8996    0.4069    0.1587
			    -0.2683    -0.8016    0.5343
			    -0.3446    -0.4381    -0.8303
			    0.8996    -0.4069    -0.1587
			    0.2683    0.8016    -0.5343
		b:
			    -146.4207
			    206.2804
			    -59.0821
			    72.6332
			    65.3835
			    60.6141
			    254.1276
			    -229.0515
			    -40.5474
			    -248.1276
			    237.0515
			    47.5474
	==================================================================================
	Q4:
		Shape: Ellipse
		q_c:    318.0000    48.0000    159.5000
		ub :    327.7222    61.7413    173.3340
		lb :    308.2778    34.2587    145.6660
		P^-1: 
			    0.0285    -0.0051    -0.0069
			    -0.0051    0.0140    0.0022
			    -0.0069    0.0022    0.0153
	==================================================================================
	Q5:
		Shape: Polyhedra
		q_c:    300.5000    37.0000    154.0000
		ub :    311.5823    46.5654    164.1780
		lb :    289.4177    27.4346    143.8220
		A:
			    0.2658    -0.6857    0.6776
			    -0.4611    -0.8873    -0.0079
			    -0.1767    0.7068    0.6850
			    -0.1973    -0.5804    -0.7900
			    -0.0063    0.8950    -0.4461
			    0.9251    0.0318    0.3784
			    0.7081    0.2501    0.6603
			    0.6360    -0.6321    -0.4427
			    0.3066    0.7334    -0.6067
			    -0.7081    -0.2501    -0.6603
			    -0.6360    0.6321    0.4427
			    -0.3066    -0.7334    0.6067
		b:
			    163.7706
			    -167.5219
			    86.5701
			    -195.1667
			    -32.9318
			    344.2886
			    330.2339
			    108.0672
			    29.3450
			    -317.2339
			    -91.0672
			    -22.3450
	==================================================================================
	Q6:
		Shape: Hybrid
		q_c:    300.5000    25.0000    137.0000
		ub :    307.1263    34.5792    146.7428
		lb :    293.8737    15.4208    127.2572
		P^-1: 
			    0.0470    -0.0050    -0.0055
			    -0.0050    0.0247    0.0012
			    -0.0055    0.0012    0.0250
		A:
			    0.7599    -0.2389    0.6046
			    -0.5319    0.3600    -0.7665
			    0.6361    -0.5673    -0.5230
			    0.3292    -0.9030    0.2759
			    0.8315    -0.5409    0.1263
			    -0.6109    -0.0073    0.7917
		b:
			    308.7217
			    -251.8692
			    108.2522
			    118.0732
			    256.4450
			    -72.0931


===========================================================================================
===========================================================================================
S2:
	q_c:    53.0000    396.0000    57.5000
	ub :    67.0000    407.0000    73.0000
	lb :    39.0000    385.0000    42.0000

	==================================================================================
	Q1:
		Shape: Ellipse
		q_c:    45.0000    393.0000    58.0000
		ub :    48.8439    398.0689    62.9396
		lb :    41.1561    387.9311    53.0604
		P^-1: 
			    0.1085    -0.0081    -0.0073
			    -0.0081    0.1083    -0.0473
			    -0.0073    -0.0473    0.1168
	==================================================================================
	Q2:
		Shape: Hybrid
		q_c:    42.5000    404.0000    63.0000
		ub :    48.1957    409.3061    67.7832
		lb :    36.8043    398.6939    58.2168
		P^-1: 
			    0.0637    0.0280    -0.0065
			    0.0280    0.1266    0.0291
			    -0.0065    0.0291    0.1301
		A:
			    0.0269    0.4378    0.8987
			    -0.0038    0.9961    0.0887
			    -0.2972    0.6949    0.6548
			    -0.0754    -0.1500    -0.9858
			    0.0803    0.0513    0.9955
			    0.6204    0.6309    0.4660
		b:
			    235.9603
			    409.5819
			    311.0549
			    -124.3411
			    88.5103
			    312.2955
	==================================================================================
	Q3:
		Shape: Hybrid
		q_c:    49.0000    397.0000    56.5000
		ub :    54.8120    401.3183    62.2755
		lb :    43.1880    392.6817    50.7245
		P^-1: 
			    0.1158    -0.0688    0.0491
			    -0.0688    0.1514    -0.0635
			    0.0491    -0.0635    0.1078
		A:
			    -0.6653    0.7440    0.0624
			    -0.9378    0.2997    -0.1750
			    -0.6045    0.2367    0.7606
			    0.2813    -0.7577    0.5888
			    -0.5849    0.5620    -0.5848
			    -0.9298    -0.2659    -0.2545
		b:
			    268.0488
			    65.0704
			    110.2985
			    -252.5411
			    162.5068
			    -162.7940
	==================================================================================
	Q4:
		Shape: Hybrid
		q_c:    53.0000    397.5000    57.5000
		ub :    56.6361    402.2409    61.5987
		lb :    49.3639    392.7591    53.4013
		P^-1: 
			    0.6094    0.0283    0.4333
			    0.0283    0.1103    0.0895
			    0.4333    0.0895    0.5027
		A:
			    0.6610    0.4385    0.6089
			    0.9591    -0.2828    0.0105
			    0.8465    -0.4494    0.2853
			    -0.9340    0.0369    -0.3552
			    -0.4298    -0.2041    -0.8795
			    -0.6883    0.1985    -0.6977
		b:
			    245.3723
			    -59.5092
			    -116.0292
			    -54.3741
			    -153.5616
			    3.2549
	==================================================================================
	Q5:
		Shape: Hybrid
		q_c:    48.5000    399.5000    63.0000
		ub :    51.9633    403.5065    67.7986
		lb :    45.0367    395.4935    58.2014
		P^-1: 
			    0.4002    0.0693    -0.1035
			    0.0693    0.3358    0.1622
			    -0.1035    0.1622    0.2023
		A:
			    0.4532    -0.8080    -0.3764
			    -0.8380    -0.2970    0.4578
			    -0.9567    -0.2902    -0.0212
			    -0.6654    0.7104    -0.2294
			    -0.7557    -0.5834    0.2976
			    0.3680    0.7258    0.5812
		b:
			    -323.3799
			    -129.4086
			    -162.7142
			    239.9467
			    -249.7897
			    345.3778
	==================================================================================
	Q6:
		Shape: Ellipse
		q_c:    45.5000    390.5000    45.5000
		ub :    52.3552    396.8903    52.2354
		lb :    38.6448    384.1097    38.7646
		P^-1: 
			    0.0682    -0.0046    -0.0272
			    -0.0046    0.0867    -0.0263
			    -0.0272    -0.0263    0.0709


===========================================================================================
===========================================================================================
S3:
	q_c:    268.0000    22.0000    293.0000
	ub :    298.0000    44.0000    307.0000
	lb :    238.0000    0.0000    279.0000

	==================================================================================
	Q1:
		Shape: Polyhedra
		q_c:    272.5000    23.0000    297.5000
		ub :    281.6840    30.2264    306.8144
		lb :    263.3160    15.7736    288.1856
		A:
			    -0.2126    -0.5823    -0.7847
			    -0.4428    0.0152    -0.8965
			    -0.0226    0.8869    0.4614
			    -0.1768    -0.7176    -0.6736
			    0.6811    -0.4104    0.6063
			    -0.4415    0.8347    0.3291
			    0.4900    0.6924    0.5295
			    0.8059    -0.1283    -0.5780
			    -0.3323    0.7100    -0.6209
			    -0.4900    -0.6924    -0.5295
			    -0.8059    0.1283    0.5780
			    0.3323    -0.7100    0.6209
		b:
			    -300.6151
			    -382.2903
			    156.0091
			    -261.0168
			    361.9232
			    2.5464
			    310.4902
			    51.6800
			    -253.4444
			    -303.4902
			    -37.6800
			    264.4444
	==================================================================================
	Q2:
		Shape: Polyhedra
		q_c:    259.5000    28.5000    289.0000
		ub :    263.8943    34.5220    294.6358
		lb :    255.1057    22.4780    283.3642
		A:
			    0.8892    0.0979    -0.4469
			    -0.0534    0.5751    0.8163
			    0.0278    0.2528    0.9671
			    -0.3747    -0.6618    -0.6493
			    0.2390    0.7107    0.6616
			    -0.6408    0.0912    -0.7622
			    0.0059    0.6505    0.7595
			    0.0708    0.7573    -0.6492
			    -0.9975    0.0576    -0.0416
			    -0.0059    -0.6505    -0.7595
			    -0.0708    -0.7573    0.6492
			    0.9975    -0.0576    0.0416
		b:
			    108.6311
			    241.0170
			    297.2119
			    -300.9650
			    276.1597
			    -379.8405
			    242.0584
			    -142.1611
			    -265.2238
			    -237.0584
			    153.1611
			    273.2238
	==================================================================================
	Q3:
		Shape: Ellipse
		q_c:    281.5000    13.0000    303.5000
		ub :    294.1364    26.2326    315.1788
		lb :    268.8636    -0.2326    291.8212
		P^-1: 
			    0.0164    0.0010    -0.0003
			    0.0010    0.0170    0.0002
			    -0.0003    0.0002    0.0177
	==================================================================================
	Q4:
		Shape: Polyhedra
		q_c:    257.5000    16.0000    294.5000
		ub :    264.5510    23.7828    302.0245
		lb :    250.4490    8.2172    286.9755
		A:
			    -0.1230    -0.9466    -0.2980
			    -0.8782    -0.0531    0.4753
			    0.8345    0.1177    0.5384
			    -0.2911    0.0245    0.9564
			    0.0328    0.5245    -0.8508
			    -0.1847    0.1553    0.9704
			    0.4541    0.4047    0.7937
			    -0.2258    -0.8095    0.5420
			    0.8618    -0.4254    -0.2762
			    -0.4541    -0.4047    -0.7937
			    0.2258    0.8095    -0.5420
			    -0.8618    0.4254    0.2762
		b:
			    -129.8820
			    -82.3675
			    379.8039
			    211.7446
			    -228.8202
			    245.3243
			    361.6616
			    93.5072
			    138.2707
			    -352.6616
			    -83.5072
			    -129.2707
	==================================================================================
	Q5:
		Shape: Polyhedra
		q_c:    261.5000    26.0000    287.5000
		ub :    271.2189    35.1620    293.2102
		lb :    251.7811    16.8380    281.7898
		A:
			    -0.4126    0.4510    0.7914
			    0.4039    -0.7393    -0.5388
			    -0.5385    -0.8330    0.1270
			    -0.5314    0.3940    0.7500
			    -0.2680    -0.7889    0.5530
			    0.4841    0.1480    -0.8624
			    0.9063    0.4211    0.0350
			    0.4099    -0.8963    0.1693
			    0.1026    -0.1391    -0.9849
			    -0.9063    -0.4211    -0.0350
			    -0.4099    0.8963    -0.1693
			    -0.1026    0.1391    0.9849
		b:
			    136.2873
			    -63.1323
			    -118.8836
			    92.0357
			    74.6253
			    -112.1566
			    265.5061
			    138.5623
			    -255.4511
			    -250.5061
			    -126.5623
			    264.4511
	==================================================================================
	Q6:
		Shape: Polyhedra
		q_c:    281.5000    11.0000    301.5000
		ub :    291.8911    16.7718    312.2499
		lb :    271.1089    5.2282    290.7501
		A:
			    0.2173    0.9445    0.2462
			    -0.0908    0.9434    0.3191
			    -0.6832    -0.5823    0.4405
			    0.7755    -0.0554    0.6290
			    -0.1602    -0.7723    0.6148
			    0.6712    -0.6849    -0.2834
			    0.0388    0.9739    0.2238
			    0.7025    0.1327    -0.6992
			    -0.7107    0.1843    -0.6789
			    -0.0388    -0.9739    -0.2238
			    -0.7025    -0.1327    0.6992
			    0.7107    -0.1843    0.6789
		b:
			    149.5059
			    84.6302
			    -60.3996
			    415.7451
			    137.5945
			    101.4799
			    92.6097
			    -5.6176
			    -394.2282
			    -85.6097
			    17.6176
			    411.2282


===========================================================================================
===========================================================================================
S4:
	q_c:    33.0000    498.5000    499.5000
	ub :    59.0000    524.0000    507.0000
	lb :    7.0000    473.0000    492.0000

	==================================================================================
	Q1:
		Shape: Ellipse
		q_c:    38.5000    489.5000    506.5000
		ub :    44.9068    493.3192    512.9189
		lb :    32.0932    485.6808    500.0811
		P^-1: 
			    0.0595    -0.0032    0.0214
			    -0.0032    0.1096    -0.0058
			    0.0214    -0.0058    0.0636
	==================================================================================
	Q2:
		Shape: Hybrid
		q_c:    35.0000    502.0000    493.0000
		ub :    41.3109    506.9201    497.5468
		lb :    28.6891    497.0799    488.4532
		P^-1: 
			    0.1222    -0.0281    0.1508
			    -0.0281    0.1414    -0.1080
			    0.1508    -0.1080    0.3251
		A:
			    -0.6163    0.6410    -0.4575
			    -0.5320    0.4589    -0.7116
			    -0.1542    0.5173    -0.8418
			    -0.7526    -0.0124    -0.6583
			    0.7891    -0.0529    0.6120
			    -0.2103    -0.0189    -0.9775
		b:
			    76.8113
			    -137.9991
			    -159.5987
			    -355.6032
			    304.4960
			    -496.9966
	==================================================================================
	Q3:
		Shape: Hybrid
		q_c:    36.0000    495.0000    506.0000
		ub :    41.2484    500.6048    508.7977
		lb :    30.7516    489.3952    503.2023
		P^-1: 
			    0.1154    0.0506    -0.0790
			    0.0506    0.0900    -0.0828
			    -0.0790    -0.0828    0.3995
		A:
			    0.2564    0.4974    -0.8287
			    0.5975    -0.6811    0.4233
			    0.1878    0.0758    0.9793
			    0.4995    -0.0659    -0.8638
			    0.4835    -0.3016    0.8218
			    0.2471    0.7475    0.6166
		b:
			    -162.8325
			    -98.1421
			    541.1191
			    -450.2074
			    285.9967
			    693.5464
	==================================================================================
	Q4:
		Shape: Hybrid
		q_c:    40.5000    496.5000    501.0000
		ub :    46.7255    504.0834    508.5821
		lb :    34.2745    488.9166    493.4179
		P^-1: 
			    0.0883    -0.0300    0.0083
			    -0.0300    0.0609    -0.0153
			    0.0083    -0.0153    0.0444
		A:
			    -0.8231    0.3628    0.4368
			    0.8739    0.2597    -0.4108
			    -0.6408    -0.6666    0.3807
			    -0.9991    0.0264    0.0344
			    -0.1982    -0.1289    0.9716
			    0.1417    -0.2526    -0.9571
		b:
			    367.9985
			    -38.7585
			    -163.0534
			    -7.9797
			    418.0633
			    -595.5416
	==================================================================================
	Q5:
		Shape: Polyhedra
		q_c:    33.5000    493.5000    497.5000
		ub :    35.7399    497.6798    502.3025
		lb :    31.2601    489.3202    492.6975
		A:
			    -0.6891    0.7188    0.0915
			    -0.7041    0.6704    0.2342
			    0.6754    -0.6214    -0.3971
			    0.4675    -0.7227    -0.5090
			    0.0952    0.7793    -0.6193
			    0.9631    -0.0299    -0.2674
			    0.0534    0.8764    0.4786
			    0.9982    -0.0336    -0.0498
			    -0.0275    0.4804    -0.8766
			    -0.0534    -0.8764    -0.4786
			    -0.9982    0.0336    0.0498
			    0.0275    -0.4804    0.8766
		b:
			    379.6070
			    426.0133
			    -479.3416
			    -591.8456
			    83.4562
			    -113.3637
			    674.8966
			    -5.9157
			    -195.9774
			    -669.8966
			    9.9157
			    203.9774
	==================================================================================
	Q6:
		Shape: Hybrid
		q_c:    27.5000    502.0000    495.0000
		ub :    32.6260    507.7583    500.8718
		lb :    22.3740    496.2417    489.1282
		P^-1: 
			    0.1324    0.0107    -0.0410
			    0.0107    0.0596    0.0109
			    -0.0410    0.0109    0.0990
		A:
			    -0.4546    -0.8727    0.1783
			    0.6828    0.4709    -0.5586
			    0.8588    -0.3020    -0.4138
			    -0.3171    0.1172    0.9411
			    -0.7440    -0.0885    0.6623
			    0.9670    -0.0891    0.2385
		b:
			    -359.8047
			    -19.6391
			    -331.2420
			    517.7161
			    264.2054
			    102.0888


===========================================================================================
===========================================================================================
S5:
	q_c:    370.0000    57.5000    140.0000
	ub :    378.0000    82.0000    148.0000
	lb :    362.0000    33.0000    132.0000

	==================================================================================
	Q1:
		Shape: Ellipse
		q_c:    374.0000    60.5000    149.5000
		ub :    378.4914    65.3678    153.8215
		lb :    369.5086    55.6322    145.1785
		P^-1: 
			    0.1308    0.0181    -0.0158
			    0.0181    0.1277    -0.0144
			    -0.0158    -0.0144    0.1237
	==================================================================================
	Q2:
		Shape: Hybrid
		q_c:    363.5000    60.0000    141.5000
		ub :    369.1925    64.8017    146.0665
		lb :    357.8075    55.1983    136.9335
		P^-1: 
			    0.1017    -0.0400    0.0381
			    -0.0400    0.1325    0.0261
			    0.0381    0.0261    0.1351
		A:
			    0.8019    -0.3571    0.4790
			    0.8938    -0.2016    -0.4006
			    -0.8410    -0.5222    -0.1414
			    0.8889    -0.2179    0.4029
			    -0.0759    -0.8675    0.4917
			    0.7065    -0.6578    0.2609
		b:
			    339.1815
			    258.5964
			    -354.3948
			    368.6251
			    -7.6164
			    255.5336
	==================================================================================
	Q3:
		Shape: Hybrid
		q_c:    376.5000    63.5000    142.5000
		ub :    381.5614    69.1636    148.2026
		lb :    371.4386    57.8364    136.7974
		P^-1: 
			    0.0958    -0.0079    -0.0124
			    -0.0079    0.0861    0.0069
			    -0.0124    0.0069    0.0925
		A:
			    0.5181    -0.5079    0.6882
			    0.6141    0.7892    -0.0021
			    -0.6541    0.0421    -0.7553
			    0.1166    0.0739    -0.9904
			    0.3087    0.5085    0.8038
			    -0.5940    0.8044    -0.0080
		b:
			    262.8905
			    283.0089
			    -349.2067
			    -90.7485
			    264.9647
			    -171.9409
	==================================================================================
	Q4:
		Shape: Hybrid
		q_c:    363.5000    59.0000    144.0000
		ub :    366.4945    62.3970    147.3739
		lb :    360.5055    55.6030    140.6261
		P^-1: 
			    0.3505    0.0056    0.1053
			    0.0056    0.1947    0.0591
			    0.1053    0.0591    0.3092
		A:
			    0.5622    0.6656    0.4908
			    -0.5043    -0.5397    -0.6741
			    -0.6666    -0.6380    -0.3855
			    0.8574    -0.4464    -0.2563
			    -0.2369    -0.1843    -0.9539
			    -0.6508    0.5876    0.4808
		b:
			    315.3320
			    -311.3343
			    -334.4002
			    249.5962
			    -233.3713
			    -131.4273
	==================================================================================
	Q5:
		Shape: Ellipse
		q_c:    372.5000    62.0000    145.5000
		ub :    376.7519    65.9190    149.1526
		lb :    368.2481    58.0810    141.8474
		P^-1: 
			    0.1085    0.0381    0.0871
			    0.0381    0.1356    0.1234
			    0.0871    0.1234    0.3636
	==================================================================================
	Q6:
		Shape: Ellipse
		q_c:    364.5000    53.0000    146.0000
		ub :    370.2119    57.7981    151.8242
		lb :    358.7881    48.2019    140.1758
		P^-1: 
			    0.0944    0.0210    0.0497
			    0.0210    0.0732    0.0222
			    0.0497    0.0222    0.1043


===========================================================================================
===========================================================================================
S6:
	q_c:    179.5000    277.0000    98.0000
	ub :    194.0000    288.0000    122.0000
	lb :    165.0000    266.0000    74.0000

	==================================================================================
	Q1:
		Shape: Polyhedra
		q_c:    186.5000    281.5000    95.5000
		ub :    191.1123    285.3102    100.6401
		lb :    181.8877    277.6898    90.3599
		A:
			    0.4807    -0.7993    0.3606
			    -0.3177    0.9479    0.0242
			    0.2796    0.7395    -0.6124
			    0.9197    0.3911    0.0343
			    -0.0979    0.9950    -0.0177
			    0.5584    -0.6890    0.4621
			    0.6911    0.2290    0.6855
			    -0.7227    0.2141    0.6571
			    0.0038    -0.9496    0.3135
			    -0.6911    -0.2290    -0.6855
			    0.7227    -0.2141    -0.6571
			    -0.0038    0.9496    -0.3135
		b:
			    -98.2174
			    212.6087
			    204.5600
			    287.9976
			    262.7486
			    -42.9567
			    261.8264
			    -8.2762
			    -234.1748
			    -255.8264
			    15.2762
			    239.1748
	==================================================================================
	Q2:
		Shape: Ellipse
		q_c:    185.5000    273.0000    89.0000
		ub :    190.8568    276.2609    94.2781
		lb :    180.1432    269.7391    83.7219
		P^-1: 
			    0.0920    0.0352    -0.0399
			    0.0352    0.2152    -0.0488
			    -0.0399    -0.0488    0.1164
	==================================================================================
	Q3:
		Shape: Polyhedra
		q_c:    188.0000    279.5000    89.5000
		ub :    193.5102    283.5312    94.7738
		lb :    182.4898    275.4688    84.2262
		A:
			    -0.2650    0.7987    -0.5403
			    -0.8207    -0.1777    0.5429
			    0.7894    0.5302    -0.3094
			    -0.2742    0.8308    0.4842
			    0.0595    -0.7927    -0.6067
			    0.6690    -0.4901    0.5587
			    0.7056    0.5289    0.4716
			    0.5469    0.0168    -0.8370
			    -0.4506    0.8485    -0.2774
			    -0.7056    -0.5289    -0.4716
			    -0.5469    -0.0168    0.8370
			    0.4506    -0.8485    0.2774
		b:
			    127.6773
			    -151.8861
			    272.3810
			    227.0646
			    -261.4243
			    41.5578
			    326.1834
			    36.0947
			    130.1225
			    -319.1834
			    -29.0947
			    -125.1225
	==================================================================================
	Q4:
		Shape: Ellipse
		q_c:    181.0000    277.5000    93.5000
		ub :    185.9667    281.6468    97.8180
		lb :    176.0333    273.3532    89.1820
		P^-1: 
			    0.0497    -0.0015    0.0029
			    -0.0015    0.0816    0.0001
			    0.0029    0.0001    0.0814
	==================================================================================
	Q5:
		Shape: Polyhedra
		q_c:    173.5000    280.5000    90.0000
		ub :    178.0139    285.0222    95.1289
		lb :    168.9861    275.9778    84.8711
		A:
			    -0.3706    0.7808    -0.5030
			    -0.2810    0.3151    -0.9065
			    0.1410    -0.8284    0.5422
			    -0.4782    -0.6544    -0.5858
			    -0.5122    -0.5464    0.6627
			    -0.8405    0.4103    0.3539
			    0.3908    0.6680    0.6333
			    -0.6357    0.6935    -0.3391
			    -0.6657    -0.2701    0.6956
			    -0.3908    -0.6680    -0.6333
			    0.6357    -0.6935    0.3391
			    0.6657    0.2701    -0.6956
		b:
			    111.1534
			    -39.2747
			    -157.0229
			    -315.2462
			    -179.5506
			    3.5371
			    316.1658
			    55.2047
			    -125.6500
			    -308.1658
			    -52.2047
			    131.6500
	==================================================================================
	Q6:
		Shape: Hybrid
		q_c:    184.0000    287.0000    88.0000
		ub :    187.6496    291.5957    91.3332
		lb :    180.3504    282.4043    84.6668
		P^-1: 
			    0.3151    0.1661    0.0704
			    0.1661    0.1929    -0.0131
			    0.0704    -0.0131    0.2489
		A:
			    0.3775    0.0611    0.9240
			    0.8406    -0.1476    0.5212
			    0.7595    0.6471    -0.0667
			    0.6879    0.3258    0.6486
			    -0.1242    0.0894    0.9882
			    -0.9945    -0.0298    -0.1001
		b:
			    169.4300
			    159.7785
			    320.4129
			    278.0206
			    91.4633
			    -198.6537


===========================================================================================
===========================================================================================
S7:
	q_c:    308.0000    259.0000    343.0000
	ub :    326.0000    278.0000    361.0000
	lb :    290.0000    240.0000    325.0000

	==================================================================================
	Q1:
		Shape: Ellipse
		q_c:    322.0000    259.5000    362.5000
		ub :    330.1113    267.3200    370.7016
		lb :    313.8887    251.6800    354.2984
		P^-1: 
			    0.0431    0.0010    -0.0054
			    0.0010    0.0351    0.0034
			    -0.0054    0.0034    0.0442
	==================================================================================
	Q2:
		Shape: Polyhedra
		q_c:    308.0000    254.5000    328.5000
		ub :    314.6575    265.0002    339.4946
		lb :    301.3425    243.9998    317.5054
		A:
			    -0.4338    0.4047    -0.8050
			    0.5205    0.8002    -0.2979
			    0.2604    -0.5353    -0.8035
			    0.0302    -0.0579    0.9979
			    -0.5507    -0.8321    -0.0660
			    0.5245    -0.1333    -0.8409
			    0.1966    0.7398    0.6435
			    -0.1203    0.6695    -0.7330
			    -0.9731    0.0667    0.2206
			    -0.1966    -0.7398    -0.6435
			    0.1203    -0.6695    0.7330
			    0.9731    -0.0667    -0.2206
		b:
			    -287.7833
			    272.7850
			    -313.4365
			    329.5927
			    -396.4145
			    -142.6150
			    467.2184
			    -99.9467
			    -205.7397
			    -453.2184
			    114.9467
			    214.7397
	==================================================================================
	Q3:
		Shape: Ellipse
		q_c:    318.0000    253.5000    358.0000
		ub :    327.7411    264.5582    367.9145
		lb :    308.2589    242.4418    348.0855
		P^-1: 
			    0.0596    0.0176    -0.0415
			    0.0176    0.0307    -0.0252
			    -0.0415    -0.0252    0.0568
	==================================================================================
	Q4:
		Shape: Polyhedra
		q_c:    319.5000    250.0000    343.0000
		ub :    328.5419    259.0605    352.3134
		lb :    310.4581    240.9395    333.6866
		A:
			    0.0578    -0.8657    0.4973
			    -0.2422    -0.3184    0.9165
			    0.3299    -0.0195    0.9438
			    0.3096    -0.9236    0.2262
			    -0.7714    -0.0590    -0.6336
			    -0.7132    0.5261    -0.4632
			    0.7084    0.5842    0.3960
			    0.2273    -0.7200    0.6557
			    0.6682    -0.3745    -0.6429
			    -0.7084    -0.5842    -0.3960
			    -0.2273    0.7200    -0.6557
			    -0.6682    0.3745    0.6429
		b:
			    -22.3579
			    162.8081
			    429.5800
			    -49.1765
			    -473.1705
			    -249.9862
			    513.7180
			    122.5222
			    -94.6591
			    -502.7180
			    -112.5222
			    106.6591
	==================================================================================
	Q5:
		Shape: Ellipse
		q_c:    305.5000    258.5000    348.0000
		ub :    314.6763    263.5697    356.0219
		lb :    296.3237    253.4303    339.9781
		P^-1: 
			    0.0250    -0.0120    0.0040
			    -0.0120    0.0789    0.0036
			    0.0040    0.0036    0.0312
	==================================================================================
	Q6:
		Shape: Hybrid
		q_c:    293.5000    249.0000    350.5000
		ub :    296.7246    255.8947    354.0224
		lb :    290.2754    242.1053    346.9776
		P^-1: 
			    0.1110    -0.0028    0.0000
			    -0.0028    0.0270    -0.0209
			    0.0000    -0.0209    0.1567
		A:
			    -0.6617    -0.0137    -0.7496
			    0.6096    0.1208    0.7835
			    0.8389    0.0233    -0.5439
			    -0.4871    0.8611    -0.1459
			    0.3074    -0.1081    -0.9454
			    0.1802    0.4769    -0.8603
		b:
			    -458.7458
			    485.4571
			    63.0091
			    24.6128
			    -266.3816
			    -127.8823


===========================================================================================
===========================================================================================
S8:
	q_c:    251.5000    257.5000    503.5000
	ub :    275.0000    275.0000    526.0000
	lb :    228.0000    240.0000    481.0000

	==================================================================================
	Q1:
		Shape: Polyhedra
		q_c:    238.0000    273.0000    515.5000
		ub :    249.5548    282.7987    526.9062
		lb :    226.4452    263.2013    504.0938
		A:
			    -0.1812    0.9555    -0.2326
			    0.0631    -0.9569    0.2833
			    0.2773    -0.8488    0.4502
			    -0.9297    -0.1645    0.3296
			    0.0823    -0.9623    0.2594
			    -0.4891    -0.8683    0.0822
			    0.5039    0.4892    0.7118
			    0.6930    0.2629    -0.6713
			    -0.5155    0.8316    -0.2066
			    -0.5039    -0.4892    -0.7118
			    -0.6930    -0.2629    0.6713
			    0.5155    -0.8316    0.2066
		b:
			    103.2035
			    -94.5447
			    71.7137
			    -88.9132
			    -103.7906
			    -304.1299
			    627.9447
			    -101.8478
			    2.8443
			    -612.9447
			    116.8478
			    7.1557
	==================================================================================
	Q2:
		Shape: Polyhedra
		q_c:    240.5000    256.0000    500.0000
		ub :    253.6371    268.5285    514.6369
		lb :    227.3629    243.4715    485.3631
		A:
			    -0.5791    -0.2991    0.7584
			    0.9125    -0.3961    0.1027
			    0.6057    0.2444    -0.7573
			    0.4306    0.6022    -0.6723
			    0.1183    -0.9920    -0.0436
			    -0.0261    -0.8575    -0.5138
			    0.7244    0.4284    0.5400
			    0.6776    -0.2984    -0.6722
			    -0.1269    0.8529    -0.5064
			    -0.7244    -0.4284    -0.5400
			    -0.6776    0.2984    0.6722
			    0.1269    -0.8529    0.5064
		b:
			    172.9062
			    178.2588
			    -160.6679
			    -69.8871
			    -239.2867
			    -474.2382
			    560.9214
			    -239.0414
			    -57.8946
			    -546.9214
			    260.0414
			    72.8946
	==================================================================================
	Q3:
		Shape: Ellipse
		q_c:    241.5000    248.0000    506.5000
		ub :    251.3150    256.6033    516.3385
		lb :    231.6850    239.3967    496.6615
		P^-1: 
			    0.0295    0.0161    0.0101
			    0.0161    0.0487    0.0083
			    0.0101    0.0083    0.0298
	==================================================================================
	Q4:
		Shape: Ellipse
		q_c:    256.5000    254.0000    511.5000
		ub :    263.9411    262.2071    521.8751
		lb :    249.0589    245.7929    501.1249
		P^-1: 
			    0.0704    -0.0091    -0.0200
			    -0.0091    0.0416    0.0119
			    -0.0200    0.0119    0.0220
	==================================================================================
	Q5:
		Shape: Ellipse
		q_c:    269.5000    250.0000    506.5000
		ub :    278.5141    255.6948    515.0161
		lb :    260.4859    244.3052    497.9839
		P^-1: 
			    0.0248    -0.0014    0.0017
			    -0.0014    0.0399    0.0004
			    0.0017    0.0004    0.0268
	==================================================================================
	Q6:
		Shape: Ellipse
		q_c:    241.0000    271.5000    488.0000
		ub :    251.2407    281.6051    499.5157
		lb :    230.7593    261.3949    476.4843
		P^-1: 
			    0.0213    0.0037    0.0021
			    0.0037    0.0208    0.0084
			    0.0021    0.0084    0.0252


===========================================================================================
===========================================================================================
S9:
	q_c:    256.0000    130.5000    296.5000
	ub :    269.0000    153.0000    319.0000
	lb :    243.0000    108.0000    274.0000

	==================================================================================
	Q1:
		Shape: Ellipse
		q_c:    266.0000    129.5000    299.0000
		ub :    273.1682    136.9783    304.5341
		lb :    258.8318    122.0217    293.4659
		P^-1: 
			    0.0431    -0.0049    0.0017
			    -0.0049    0.0480    -0.0041
			    0.0017    -0.0041    0.0608
	==================================================================================
	Q2:
		Shape: Hybrid
		q_c:    261.5000    140.0000    303.0000
		ub :    265.3440    143.6251    306.3876
		lb :    257.6560    136.3749    299.6124
		P^-1: 
			    0.2748    -0.1480    -0.1043
			    -0.1480    0.3153    -0.0910
			    -0.1043    -0.0910    0.3804
		A:
			    -0.1683    -0.3711    0.9132
			    0.1970    -0.9758    -0.0947
			    0.8460    -0.4787    -0.2349
			    0.0847    -0.5141    0.8536
			    0.1701    -0.2432    0.9549
			    -0.5741    0.6837    0.4505
		b:
			    181.4770
			    -112.4056
			    83.8897
			    209.6062
			    300.9329
			    82.9812
	==================================================================================
	Q3:
		Shape: Ellipse
		q_c:    257.5000    143.0000    286.0000
		ub :    263.5679    151.4415    294.2718
		lb :    251.4321    134.5585    277.7282
		P^-1: 
			    0.0494    0.0006    -0.0003
			    0.0006    0.0292    0.0106
			    -0.0003    0.0106    0.0439
	==================================================================================
	Q4:
		Shape: Polyhedra
		q_c:    259.5000    132.0000    288.5000
		ub :    266.2992    139.4971    294.5695
		lb :    252.7008    124.5029    282.4305
		A:
			    0.4304    0.6408    0.6357
			    0.0023    -0.9775    0.2109
			    0.3423    -0.9266    -0.1559
			    -0.2852    0.1950    -0.9384
			    -0.8556    -0.3459    0.3850
			    0.7765    0.3694    0.5105
			    0.1730    0.2870    0.9422
			    -0.9043    0.4253    0.0365
			    -0.3903    -0.8583    0.3331
			    -0.1730    -0.2870    -0.9422
			    0.9043    -0.4253    -0.0365
			    0.3903    0.8583    -0.3331
		b:
			    384.3071
			    -62.6717
			    -73.7661
			    -314.4357
			    -151.8319
			    402.1458
			    359.0949
			    -163.4985
			    -113.4715
			    -350.0949
			    172.4985
			    123.4715
	==================================================================================
	Q5:
		Shape: Hybrid
		q_c:    255.5000    135.0000    304.0000
		ub :    261.1104    137.1977    306.4217
		lb :    249.8896    132.8023    301.5783
		P^-1: 
			    0.0352    -0.0106    0.0276
			    -0.0106    0.4442    0.0007
			    0.0276    0.0007    0.4426
		A:
			    -0.1269    -0.0387    0.9912
			    0.2058    -0.9523    0.2252
			    -0.4537    0.7553    -0.4730
			    -0.2241    0.1183    0.9674
			    -0.4095    0.8807    -0.2381
			    -0.0785    0.9492    0.3046
		b:
			    264.7408
			    -6.5161
			    -155.8985
			    254.1749
			    -56.4070
			    201.4896
	==================================================================================
	Q6:
		Shape: Polyhedra
		q_c:    257.0000    126.5000    293.5000
		ub :    263.9920    133.5599    298.8173
		lb :    250.0080    119.4401    288.1827
		A:
			    -0.6628    -0.5310    0.5280
			    -0.3222    0.0970    0.9417
			    -0.8680    -0.1003    0.4862
			    0.2441    0.1173    -0.9626
			    0.1071    -0.2680    -0.9575
			    0.9367    -0.3264    -0.1269
			    0.5034    0.5238    0.6872
			    -0.6638    0.7436    -0.0805
			    -0.5531    -0.4156    0.7220
			    -0.5034    -0.5238    -0.6872
			    0.6638    -0.7436    0.0805
			    0.5531    0.4156    -0.7220
		b:
			    -79.4730
			    209.2720
			    -89.5146
			    -201.6859
			    -283.7280
			    166.7697
			    401.3223
			    -95.1660
			    20.1838
			    -393.3223
			    105.1660
			    -14.1838


===========================================================================================
===========================================================================================
S10:
	q_c:    478.0000    497.0000    124.5000
	ub :    497.0000    527.0000    143.0000
	lb :    459.0000    467.0000    106.0000

	==================================================================================
	Q1:
		Shape: Polyhedra
		q_c:    498.0000    508.5000    142.0000
		ub :    506.3490    520.6007    151.2673
		lb :    489.6510    496.3993    132.7327
		A:
			    0.2206    0.9112    0.3481
			    0.9731    -0.1903    0.1301
			    -0.7307    -0.3223    0.6018
			    -0.1665    -0.5545    -0.8154
			    -0.8620    -0.3329    0.3824
			    -0.3183    0.9472    -0.0381
			    0.7853    0.4106    0.4634
			    0.2295    -0.8882    0.3980
			    0.5751    -0.2062    -0.7917
			    -0.7853    -0.4106    -0.4634
			    -0.2295    0.8882    -0.3980
			    -0.5751    0.2062    0.7917
		b:
			    630.0938
			    412.5378
			    -437.1447
			    -476.1040
			    -539.3802
			    327.5760
			    670.6558
			    -270.3309
			    72.6128
			    -660.6558
			    291.3309
			    -65.6128
	==================================================================================
	Q2:
		Shape: Ellipse
		q_c:    478.5000    492.5000    121.0000
		ub :    488.7311    506.5377    134.3144
		lb :    468.2689    478.4623    107.6856
		P^-1: 
			    0.0220    0.0042    0.0003
			    0.0042    0.0125    0.0008
			    0.0003    0.0008    0.0093
	==================================================================================
	Q3:
		Shape: Polyhedra
		q_c:    473.0000    513.5000    122.5000
		ub :    484.3529    524.1629    132.2315
		lb :    461.6471    502.8371    112.7685
		A:
			    0.4979    0.8651    -0.0605
			    0.6194    0.3089    -0.7218
			    -0.3524    -0.6022    0.7164
			    0.4772    0.8191    -0.3182
			    0.2532    0.4109    -0.8758
			    0.5868    -0.5136    0.6260
			    0.5954    0.5947    0.5402
			    0.8024    -0.4731    -0.3637
			    0.0393    0.6500    -0.7589
			    -0.5954    -0.5947    -0.5402
			    -0.8024    0.4731    0.3637
			    -0.0393    -0.6500    0.7589
		b:
			    677.6411
			    369.8425
			    -383.5003
			    612.2829
			    228.3819
			    96.5162
			    659.1978
			    101.5502
			    263.3780
			    -647.1978
			    -82.5502
			    -255.3780
	==================================================================================
	Q4:
		Shape: Polyhedra
		q_c:    492.0000    484.0000    147.0000
		ub :    497.3779    496.2591    158.8264
		lb :    486.6221    471.7409    135.1736
		A:
			    -0.6843    0.3127    -0.6587
			    -0.3517    -0.0438    -0.9351
			    0.8344    -0.1684    -0.5248
			    -0.4095    -0.1141    -0.9051
			    0.3525    0.8535    -0.3837
			    0.7537    -0.6293    0.1895
			    0.0496    0.7685    0.6379
			    0.9484    -0.2366    0.2113
			    0.3133    0.5944    -0.7406
			    -0.0496    -0.7685    -0.6379
			    -0.9484    0.2366    -0.2113
			    -0.3133    -0.5944    0.7406
		b:
			    -277.6552
			    -324.0859
			    257.8001
			    -382.0741
			    537.3982
			    98.7105
			    500.1614
			    386.1328
			    339.4866
			    -480.1614
			    -380.1328
			    -326.4866
	==================================================================================
	Q5:
		Shape: Hybrid
		q_c:    477.5000    510.5000    134.0000
		ub :    485.7502    518.2091    141.4669
		lb :    469.2498    502.7909    126.5331
		P^-1: 
			    0.0257    0.0017    0.0068
			    0.0017    0.0250    0.0054
			    0.0068    0.0054    0.0460
		A:
			    -0.4532    0.1298    0.8819
			    -0.3665    -0.1556    -0.9173
			    -0.6076    -0.7055    -0.3650
			    -0.2493    -0.7412    -0.6233
			    -0.2305    -0.1489    -0.9616
			    0.3057    -0.0334    0.9515
		b:
			    -28.6898
			    -375.0510
			    -695.7185
			    -577.9422
			    -312.6629
			    258.8577
