3D_50_11_6_f                l = 3

===========================================================================================
===========================================================================================
S1:
	q_c:	360.5	18.0	37.0
	ub :	380.5471	40.2988	54.7992
	lb :	352.8082	-3.324	18.8816

	==================================================================================
	Q1:
		Shape: Polyhedra
		q_c:	371.0	23.0	34.0
		ub :	378.9664	29.8367	42.5125
		lb :	363.0336	16.1633	25.4875
		A:
			0.589	-0.1659	0.7909
			-0.4671	-0.7672	-0.4396
			-0.8347	-0.5496	-0.0359
			0.2488	-0.7064	0.6627
			-0.6384	0.6795	-0.3615
			0.9266	-0.2075	0.3137
			0.4432	0.8879	0.1235
			0.7399	-0.4401	0.5089
			0.5062	-0.1341	-0.8519
			-0.4432	-0.8879	-0.1235
			-0.7399	0.4401	-0.5089
			-0.5062	0.1341	0.8519
		b:
			245.1527
			-200.3426
			-318.086
			102.6061
			-230.9168
			352.6546
			194.5336
			283.6719
			163.7344
			-183.5336
			-279.6719
			-147.7344
	==================================================================================
	Q2:
		Shape: Ellipse
		q_c:	357.0	31.5	31.0
		ub :	361.1918	40.2988	39.0138
		lb :	352.8082	22.7012	22.9862
		P^-1:
			0.4019	0.0303	-0.1224
			0.0303	0.0251	-0.0047
			-0.1224	-0.0047	0.0709
	==================================================================================
	Q3:
		Shape: Hybrid
		q_c:	371.0	22.5	46.5
		ub :	380.5471	31.2179	54.7992
		lb :	361.4529	13.7821	38.2008
		P^-1:
			0.0272	-0.0119	-0.0083
			-0.0119	0.043	-0.0044
			-0.0083	-0.0044	0.0463
		A:
			0.5547	-0.7342	-0.3915
			-0.6615	0.5813	-0.4739
			0.1326	-0.9612	-0.242
			-0.244	-0.0335	-0.9692
			0.5558	0.0399	-0.8303
			0.4224	-0.825	0.3754
		b:
			173.3177
			-251.3889
			19.1482
			-133.1244
			170.9387
			157.9091
	==================================================================================
	Q4:
		Shape: Ellipse
		q_c:	372.0	6.5	25.5
		ub :	380.5167	14.0166	32.0409
		lb :	363.4833	-1.0166	18.9591
		P^-1:
			0.073	0.0623	0.0193
			0.0623	0.0915	0.0333
			0.0193	0.0333	0.0626
	==================================================================================
	Q5:
		Shape: Hybrid
		q_c:	361.5	27.0	25.5
		ub :	367.5684	31.8602	30.9753
		lb :	355.4316	22.1398	20.0247
		P^-1:
			0.08	0.0203	-0.0015
			0.0203	0.0948	0.0108
			-0.0015	0.0108	0.0804
		A:
			-0.9537	-0.1823	-0.2393
			-0.6449	-0.076	-0.7604
			-0.9472	0.3174	0.0458
			0.3629	0.7815	0.5076
			0.8125	0.5608	-0.1594
			-0.2957	-0.5064	-0.81
		b:
			-353.7724
			-252.4776
			-330.3353
			166.7845
			306.4648
			-139.475
	==================================================================================
	Q6:
		Shape: Polyhedra
		q_c:	366.0	6.5	29.0
		ub :	371.5853	16.324	39.1184
		lb :	360.4147	-3.324	18.8816
		A:
			0.1638	-0.6334	0.7563
			-0.7902	0.5964	-0.1411
			0.58	-0.0311	0.814
			-0.9644	-0.2535	-0.0753
			-0.7687	0.2116	-0.6036
			0.7514	-0.2273	-0.6195
			0.1466	0.7102	0.6886
			0.344	0.6161	-0.7086
			-0.9274	0.3408	-0.154
			-0.1466	-0.7102	-0.6886
			-0.344	-0.6161	0.7086
			0.9274	-0.3408	0.154
		b:
			85.2234
			-286.6335
			240.6875
			-352.2646
			-293.7821
			261.1405
			83.7364
			117.8655
			-339.698
			-72.7364
			-100.8655
			343.698


===========================================================================================
===========================================================================================
S2:
	q_c:	257.0	30.5	158.5
	ub :	268.9918	44.7613	176.5708
	lb :	237.6477	12.429	151.5699

	==================================================================================
	Q1:
		Shape: Ellipse
		q_c:	248.5	34.5	164.5
		ub :	255.4912	39.9419	167.5196
		lb :	241.5088	29.0581	161.4804
		P^-1:
			0.036	0.0143	0.0234
			0.0143	0.0782	-0.0208
			0.0234	-0.0208	0.2453
	==================================================================================
	Q2:
		Shape: Hybrid
		q_c:	265.0	36.5	160.0
		ub :	268.9918	44.4509	168.4301
		lb :	261.0082	28.5491	151.5699
		P^-1:
			0.2312	0.0418	0.0464
			0.0418	0.0435	0.0018
			0.0464	0.0018	0.039
		A:
			0.8794	0.2371	0.4128
			0.9377	-0.0746	0.3393
			-0.4237	0.1968	-0.8842
			-0.4304	0.1847	-0.8836
			-0.6047	-0.6347	0.4812
			-0.9298	-0.3473	0.1219
		b:
			309.1417
			301.4751
			-242.8097
			-244.9358
			-103.1276
			-237.8563
	==================================================================================
	Q3:
		Shape: Hybrid
		q_c:	249.5	37.5	160.0
		ub :	253.7614	42.0904	164.2444
		lb :	245.2386	32.9096	155.7556
		P^-1:
			0.144	0.0238	0.0054
			0.0238	0.1247	-0.0061
			0.0054	-0.0061	0.084
		A:
			-0.1836	-0.5774	0.7956
			0.9752	-0.0786	0.2067
			-0.0081	0.5296	0.8482
			-0.7608	-0.1814	-0.6231
			0.2331	0.9659	-0.1125
			-0.841	-0.2401	0.4848
		b:
			61.712
			274.9085
			155.7187
			-294.685
			77.8928
			-139.6841
	==================================================================================
	Q4:
		Shape: Hybrid
		q_c:	247.0	19.5	170.5
		ub :	253.6271	26.571	176.5708
		lb :	240.3729	12.429	164.4292
		P^-1:
			0.0751	0.0245	-0.0234
			0.0245	0.0598	-0.0084
			-0.0234	-0.0084	0.0787
		A:
			-0.8808	-0.3922	0.2652
			0.6902	0.3488	-0.6339
			-0.7873	0.2409	-0.5675
			0.7301	0.5604	-0.391
			-0.3907	0.7195	0.5741
			0.2356	0.5238	0.8186
		b:
			-178.2462
			70.7165
			-283.3256
			126.1776
			18.2529
			210.4634
	==================================================================================
	Q5:
		Shape: Ellipse
		q_c:	260.5	28.0	168.5
		ub :	268.0714	35.6774	176.2389
		lb :	252.9286	20.3226	160.7611
		P^-1:
			0.0406	-0.0106	-0.0067
			-0.0106	0.0721	-0.0392
			-0.0067	-0.0392	0.0714
	==================================================================================
	Q6:
		Shape: Ellipse
		q_c:	244.0	37.5	159.5
		ub :	250.3523	44.7613	163.8003
		lb :	237.6477	30.2387	155.1997
		P^-1:
			0.117	0.032	-0.0858
			0.032	0.0395	-0.0265
			-0.0858	-0.0265	0.1837


===========================================================================================
===========================================================================================
S3:
	q_c:	216.5	53.0	296.5
	ub :	238.9399	66.1661	322.1762
	lb :	193.9243	32.699	278.8714

	==================================================================================
	Q1:
		Shape: Hybrid
		q_c:	226.0	54.5	289.5
		ub :	232.0002	60.8804	295.4262
		lb :	219.9998	48.1196	283.5738
		P^-1:
			0.0408	0.0046	0.0019
			0.0046	0.068	0.0157
			0.0019	0.0157	0.0623
		A:
			0.7049	0.5726	-0.4187
			-0.2582	-0.9658	0.0249
			0.1483	-0.9799	0.1337
			-0.3187	0.6289	0.7091
			0.8466	0.4255	-0.3196
			0.58	0.1777	-0.795
		b:
			72.1649
			-101.5518
			21.2471
			169.6101
			124.9935
			-86.6049
	==================================================================================
	Q2:
		Shape: Ellipse
		q_c:	205.0	43.5	313.0
		ub :	215.1829	54.301	322.1762
		lb :	194.8171	32.699	303.8238
		P^-1:
			0.0339	-0.0099	-0.0114
			-0.0099	0.0243	0.0053
			-0.0114	0.0053	0.0326
	==================================================================================
	Q3:
		Shape: Hybrid
		q_c:	205.5	49.0	302.5
		ub :	213.4454	56.7639	311.1049
		lb :	197.5546	41.2361	293.8951
		P^-1:
			0.0292	-0.0014	0.0037
			-0.0014	0.0398	0.0005
			0.0037	0.0005	0.0387
		A:
			0.8585	-0.4188	-0.2959
			0.304	-0.8531	-0.4239
			-0.516	0.8213	0.2432
			0.172	0.9781	0.1173
			-0.3718	-0.8177	-0.4396
			0.3066	0.3212	-0.896
		b:
			69.641
			-104.9717
			10.5136
			121.3234
			-246.8263
			-189.4056
	==================================================================================
	Q4:
		Shape: Polyhedra
		q_c:	217.5	54.0	285.0
		ub :	221.1916	59.9527	291.1286
		lb :	213.8084	48.0473	278.8714
		A:
			0.7782	-0.0975	0.6204
			-0.556	-0.8294	-0.0545
			-0.9665	-0.0062	0.2565
			-0.8809	0.0468	-0.4711
			-0.8418	-0.1877	0.5062
			-0.6675	-0.5443	-0.5082
			0.9576	0.2262	0.1786
			-0.1191	-0.2536	0.9599
			0.2624	-0.9405	-0.2159
			-0.9576	-0.2262	-0.1786
			0.1191	0.2536	-0.9599
			-0.2624	0.9405	0.2159
		b:
			344.0076
			-177.8122
			-134.5712
			-320.6322
			-45.3875
			-316.4396
			273.3855
			238.975
			-50.7524
			-269.3855
			-228.975
			59.7524
	==================================================================================
	Q5:
		Shape: Hybrid
		q_c:	203.5	44.0	305.0
		ub :	213.0757	53.7779	314.9488
		lb :	193.9243	34.2221	295.0512
		P^-1:
			0.0766	-0.0444	-0.016
			-0.0444	0.0414	0.0119
			-0.016	0.0119	0.0198
		A:
			0.5568	-0.5061	-0.6587
			-0.9116	0.3967	-0.1081
			0.8413	-0.3914	-0.3729
			-0.5989	0.7207	0.3493
			-0.7195	0.617	0.3188
			-0.3746	0.8379	-0.397
		b:
			-106.6078
			-198.4173
			42.2888
			18.7825
			-20.2922
			-155.0703
	==================================================================================
	Q6:
		Shape: Ellipse
		q_c:	230.5	56.0	303.0
		ub :	238.9399	66.1661	312.0143
		lb :	222.0601	45.8339	293.9857
		P^-1:
			0.0372	-0.0052	0.0053
			-0.0052	0.0306	0.0097
			0.0053	0.0097	0.03


===========================================================================================
===========================================================================================
S4:
	q_c:	395.0	230.0	488.0
	ub :	408.377	244.8569	500.1413
	lb :	381.5833	223.1437	478.2281

	==================================================================================
	Q1:
		Shape: Polyhedra
		q_c:	387.5	233.0	492.5
		ub :	393.4167	240.6278	500.1413
		lb :	381.5833	225.3722	484.8587
		A:
			-0.1611	-0.8555	-0.492
			0.6051	-0.4548	-0.6535
			-0.9591	-0.2195	0.1789
			-0.4539	-0.8596	-0.2348
			-0.1126	0.9505	0.2896
			-0.126	0.7765	0.6173
			0.5536	0.5546	0.6212
			-0.8133	0.5206	0.26
			-0.1792	-0.6491	0.7393
			-0.5536	-0.5546	-0.6212
			0.8133	-0.5206	-0.26
			0.1792	0.6491	-0.7393
		b:
			-499.7898
			-189.8583
			-330.6261
			-487.0698
			324.5805
			440.0373
			654.1942
			-62.7956
			148.922
			-645.1942
			68.7956
			-137.922
	==================================================================================
	Q2:
		Shape: Polyhedra
		q_c:	398.5	234.0	494.0
		ub :	404.5744	240.0331	498.3071
		lb :	392.4256	227.9669	489.6929
		A:
			0.2886	0.7566	0.5868
			-0.1075	0.6804	0.7249
			-0.4384	0.0124	-0.8987
			-0.9727	0.216	-0.0847
			-0.3917	-0.8371	-0.3819
			-0.1262	0.3915	0.9115
			0.5291	0.5964	0.6036
			-0.7687	0.6381	0.0435
			-0.3593	-0.487	0.7961
			-0.5291	-0.5964	-0.6036
			0.7687	-0.6381	-0.0435
			0.3593	0.487	-0.7961
		b:
			583.9404
			477.6859
			-612.8046
			-374.4069
			-538.5114
			494.8167
			650.1037
			-130.5621
			140.1265
			-647.1037
			140.5621
			-132.1265
	==================================================================================
	Q3:
		Shape: Hybrid
		q_c:	392.5	229.0	484.0
		ub :	396.4895	234.5164	489.7719
		lb :	388.5105	223.4836	478.2281
		P^-1:
			0.236	0.133	0.0948
			0.133	0.1997	0.136
			0.0948	0.136	0.1598
		A:
			0.9186	-0.0414	0.3929
			-0.7377	-0.4382	-0.5136
			0.2698	0.8311	0.4863
			-0.7393	-0.5451	-0.3954
			0.9439	0.2984	0.1417
			-0.5513	-0.7356	-0.3938
		b:
			543.4121
			-637.5135
			532.8462
			-605.5603
			508.6925
			-574.4496
	==================================================================================
	Q4:
		Shape: Ellipse
		q_c:	389.5	230.0	490.0
		ub :	395.6875	236.1571	496.157
		lb :	383.3125	223.8429	483.843
		P^-1:
			0.089	-0.0215	0.0134
			-0.0215	0.0901	0.0143
			0.0134	0.0143	0.0536
	==================================================================================
	Q5:
		Shape: Polyhedra
		q_c:	389.5	228.5	494.0
		ub :	394.9671	233.8563	497.1884
		lb :	384.0329	223.1437	490.8116
		A:
			-0.802	-0.294	-0.52
			0.0326	0.2783	-0.9599
			-0.5735	0.2999	-0.7624
			-0.491	0.3443	-0.8002
			-0.2415	0.7937	-0.5583
			0.5748	-0.284	0.7674
			0.5963	0.7861	0.1627
			0.1508	-0.3087	0.9391
			0.7885	-0.5354	-0.3026
			-0.5963	-0.7861	-0.1627
			-0.1508	0.3087	-0.9391
			-0.7885	0.5354	0.3026
		b:
			-633.277
			-396.267
			-529.2706
			-505.8972
			-185.9625
			540.2686
			495.7405
			453.6196
			39.2944
			-488.7405
			-450.6196
			-31.2944
	==================================================================================
	Q6:
		Shape: Polyhedra
		q_c:	403.0	239.5	488.0
		ub :	408.377	244.8569	490.5188
		lb :	397.623	234.1431	485.4812
		A:
			0.2486	-0.6722	-0.6974
			-0.5917	0.3132	-0.7428
			-0.2771	0.2426	0.9297
			-0.0314	-0.2432	0.9695
			0.0188	0.5128	-0.8583
			0.5165	0.3743	-0.7702
			0.6633	0.6591	0.3544
			0.7168	-0.6956	-0.0478
			0.215	0.2857	-0.9339
			-0.6633	-0.6591	-0.3544
			-0.7168	0.6956	0.0478
			-0.215	-0.2857	0.9339
		b:
			-397.9276
			-523.0912
			402.2072
			403.4239
			-287.0081
			-76.4131
			602.1205
			102.4398
			-299.626
			-594.1205
			-95.4398
			301.626


===========================================================================================
===========================================================================================
S5:
	q_c:	103.0	36.5	117.5
	ub :	117.7168	56.0937	134.2932
	lb :	85.0951	13.114	100.1524

	==================================================================================
	Q1:
		Shape: Hybrid
		q_c:	93.0	29.5	109.0
		ub :	100.9049	38.3703	117.4232
		lb :	85.0951	20.6297	100.5768
		P^-1:
			0.0205	0.0008	0.0001
			0.0008	0.027	0.0015
			0.0001	0.0015	0.0243
		A:
			-0.4143	0.6022	0.6824
			0.1266	-0.9911	0.0403
			-0.4591	0.2929	-0.8387
			0.4676	0.458	0.756
			0.0307	-0.9357	-0.3514
			0.9885	0.1347	0.0685
		b:
			56.9356
			-9.9143
			-121.8527
			142.7064
			-60.0311
			107.3104
	==================================================================================
	Q2:
		Shape: Hybrid
		q_c:	111.0	24.0	127.5
		ub :	117.7168	34.886	134.2932
		lb :	104.2832	13.114	120.7068
		P^-1:
			0.2062	0.0781	0.0483
			0.0781	0.0413	0.0166
			0.0483	0.0166	0.0455
		A:
			-0.8804	-0.4743	0.0002
			-0.7307	-0.4226	-0.5362
			0.5903	0.2548	0.7659
			-0.8628	-0.1478	-0.4834
			-0.8098	-0.5866	-0.0036
			0.916	0.3938	-0.0762
		b:
			-107.5418
			-157.6515
			171.9701
			-159.0844
			-102.1984
			102.9933
	==================================================================================
	Q3:
		Shape: Polyhedra
		q_c:	97.0	47.0	116.0
		ub :	106.0467	56.0937	120.9244
		lb :	87.9533	37.9063	111.0756
		A:
			-0.8449	-0.4156	-0.3367
			0.6779	0.2975	0.6723
			-0.5749	0.1034	0.8117
			-0.9051	-0.418	-0.0783
			-0.435	-0.4388	0.7863
			0.1355	-0.0141	-0.9907
			0.9099	0.2401	0.3382
			-0.2455	0.969	-0.0274
			-0.3343	-0.0581	0.9407
			-0.9099	-0.2401	-0.3382
			0.2455	-0.969	0.0274
			0.3343	0.0581	-0.9407
		b:
			-133.5316
			164.2508
			46.5329
			-109.7027
			32.1803
			-99.5608
			145.7762
			26.0462
			76.4676
			-131.7762
			-11.0462
			-71.4676
	==================================================================================
	Q4:
		Shape: Polyhedra
		q_c:	105.5	48.5	107.5
		ub :	111.1871	55.6073	113.4453
		lb :	99.8129	41.3927	101.5547
		A:
			-0.5584	0.2984	-0.7741
			-0.5983	-0.6	-0.531
			-0.4476	-0.1228	-0.8857
			-0.5422	-0.5496	-0.6355
			-0.5606	0.4538	0.6927
			0.8561	-0.0553	0.5139
			0.3991	0.2834	0.872
			-0.9168	0.1416	0.3735
			-0.0176	-0.9485	0.3163
			-0.3991	-0.2834	-0.872
			0.9168	-0.1416	-0.3735
			0.0176	0.9485	-0.3163
		b:
			-123.7023
			-145.7578
			-145.7454
			-149.0017
			41.867
			146.6467
			152.088
			-44.6991
			-7.8628
			-147.088
			54.6991
			19.8628
	==================================================================================
	Q5:
		Shape: Polyhedra
		q_c:	101.0	36.0	109.5
		ub :	110.7842	43.6251	118.8476
		lb :	91.2158	28.3749	100.1524
		A:
			0.4042	0.5069	0.7614
			-0.6963	-0.032	-0.717
			-0.1665	0.75	0.6401
			0.9812	-0.1073	0.1606
			0.4076	0.7392	0.5361
			-0.101	0.8182	0.5659
			0.5632	0.4615	0.6855
			-0.624	-0.3064	0.7189
			0.5418	-0.8326	0.1154
			-0.5632	-0.4615	-0.6855
			0.624	0.3064	-0.7189
			-0.5418	0.8326	-0.1154
		b:
			145.7129
			-146.7174
			84.8546
			118.2362
			129.7228
			85.2263
			151.5533
			14.1715
			41.3809
			-145.5533
			4.8285
			-33.3809
	==================================================================================
	Q6:
		Shape: Ellipse
		q_c:	91.0	26.5	125.5
		ub :	95.4357	31.3051	130.6749
		lb :	86.5643	21.6949	120.3251
		P^-1:
			0.1111	0.0	0.0
			0.0	0.1111	0.0
			0.0	0.0	0.1111


===========================================================================================
===========================================================================================
S6:
	q_c:	56.0	258.5	195.0
	ub :	66.1864	273.2604	204.2959
	lb :	41.3443	245.6281	182.8364

	==================================================================================
	Q1:
		Shape: Ellipse
		q_c:	56.5	251.5	194.5
		ub :	61.4227	257.3719	200.5653
		lb :	51.5773	245.6281	188.4347
		P^-1:
			0.0814	0.0012	-0.0016
			0.0012	0.0748	0.0091
			-0.0016	0.0091	0.0695
	==================================================================================
	Q2:
		Shape: Hybrid
		q_c:	53.5	263.5	191.5
		ub :	60.9304	270.6599	197.4885
		lb :	46.0696	256.3401	185.5115
		P^-1:
			0.0425	0.0168	0.0003
			0.0168	0.0656	0.0104
			0.0003	0.0104	0.0691
		A:
			-0.829	-0.1247	0.5452
			0.5851	0.5257	0.6175
			-0.6683	-0.1518	0.7282
			0.168	-0.6087	-0.7754
			-0.5184	-0.8489	0.103
			0.8577	0.1959	0.4753
		b:
			30.0139
			290.0936
			66.2307
			-297.7922
			-229.7025
			191.3993
	==================================================================================
	Q3:
		Shape: Polyhedra
		q_c:	64.5	260.5	201.0
		ub :	66.1864	263.8186	204.2959
		lb :	62.8136	257.1814	197.7041
		A:
			0.2202	-0.043	0.9745
			0.6723	-0.733	-0.1038
			0.7716	-0.1776	0.6108
			0.9773	0.0973	-0.188
			-0.7061	-0.5628	0.4298
			0.9312	-0.3275	-0.1599
			0.2736	0.6866	0.6736
			0.9616	-0.2101	-0.1764
			0.0204	0.6961	-0.7177
			-0.2736	-0.6866	-0.6736
			-0.9616	0.2101	0.1764
			-0.0204	-0.6961	0.7177
		b:
			201.1254
			-166.9306
			128.0837
			51.7596
			-104.0372
			-56.3745
			334.3967
			-27.1632
			40.3788
			-329.3967
			29.1632
			-36.3788
	==================================================================================
	Q4:
		Shape: Hybrid
		q_c:	47.5	255.5	192.0
		ub :	52.3941	262.2977	197.9102
		lb :	42.6059	248.7023	186.0898
		P^-1:
			0.593	0.1219	-0.4522
			0.1219	0.0792	-0.1207
			-0.4522	-0.1207	0.4234
		A:
			-0.1385	-0.9897	0.037
			-0.8687	-0.1486	0.4725
			-0.5995	-0.1965	0.7759
			0.8585	0.0469	-0.5107
			0.8652	0.0592	-0.4979
			-0.4476	-0.6605	0.6028
		b:
			-248.1509
			12.3158
			71.1867
			-44.5158
			-38.577
			-72.2751
	==================================================================================
	Q5:
		Shape: Hybrid
		q_c:	49.5	265.0	189.5
		ub :	57.6557	273.2604	196.1636
		lb :	41.3443	256.7396	182.8364
		P^-1:
			0.0429	-0.0079	-0.001
			-0.0079	0.0397	-0.0012
			-0.001	-0.0012	0.0492
		A:
			0.0276	0.9514	-0.3068
			-0.5643	-0.3773	0.7343
			0.6732	-0.6971	0.2467
			0.8833	-0.4651	-0.0586
			0.6761	0.6083	0.4158
			0.8711	-0.4777	0.1144
		b:
			198.1451
			13.8513
			-102.4084
			-88.3355
			276.5933
			-59.5031
	==================================================================================
	Q6:
		Shape: Ellipse
		q_c:	56.5	261.0	191.5
		ub :	63.7765	268.5505	198.9207
		lb :	49.2235	253.4495	184.0793
		P^-1:
			0.0432	-0.0032	-0.0082
			-0.0032	0.0602	-0.0208
			-0.0082	-0.0208	0.0607


===========================================================================================
===========================================================================================
S7:
	q_c:	272.0	343.5	197.5
	ub :	292.6251	356.7721	218.538
	lb :	255.2394	322.9123	187.4875

	==================================================================================
	Q1:
		Shape: Ellipse
		q_c:	284.5	339.5	199.5
		ub :	292.6251	346.4076	205.6878
		lb :	276.3749	332.5924	193.3122
		P^-1:
			0.0546	-0.0371	0.0199
			-0.0371	0.0865	0.0106
			0.0199	0.0106	0.072
	==================================================================================
	Q2:
		Shape: Polyhedra
		q_c:	275.5	340.5	208.0
		ub :	283.0501	351.2797	218.538
		lb :	267.9499	329.7203	197.462
		A:
			-0.7252	0.0033	-0.6885
			0.4732	0.5918	-0.6526
			0.1985	0.9665	-0.1629
			0.6782	0.538	-0.5006
			-0.2561	-0.3395	0.9051
			0.3251	0.9456	-0.0061
			0.23	0.852	0.4703
			-0.0695	0.4964	-0.8653
			-0.9707	0.1663	0.1734
			-0.23	-0.852	-0.4703
			0.0695	-0.4964	0.8653
			0.9707	-0.1663	-0.1734
		b:
			-335.2238
			202.8957
			357.2049
			272.3771
			8.9444
			417.6575
			458.7924
			-23.0973
			-169.2392
			-443.7924
			37.0973
			180.2392
	==================================================================================
	Q3:
		Shape: Ellipse
		q_c:	263.5	332.0	209.0
		ub :	271.7606	341.0877	218.3593
		lb :	255.2394	322.9123	199.6407
		P^-1:
			0.0385	-0.0082	-0.0016
			-0.0082	0.0392	0.0079
			-0.0016	0.0079	0.0283
	==================================================================================
	Q4:
		Shape: Ellipse
		q_c:	268.5	350.0	195.0
		ub :	274.7737	355.3987	202.5125
		lb :	262.2263	344.6013	187.4875
		P^-1:
			0.1063	0.0426	0.0219
			0.0426	0.1254	-0.007
			0.0219	-0.007	0.0337
	==================================================================================
	Q5:
		Shape: Ellipse
		q_c:	265.5	351.5	200.5
		ub :	269.3027	356.7721	202.8925
		lb :	261.6973	346.2279	198.1075
		P^-1:
			0.3519	0.1684	0.0203
			0.1684	0.1317	-0.0021
			0.0203	-0.0021	0.2508
	==================================================================================
	Q6:
		Shape: Hybrid
		q_c:	283.0	345.5	198.0
		ub :	291.6257	354.7028	206.8277
		lb :	274.3743	336.2972	189.1723
		P^-1:
			0.0318	-0.0111	-0.0088
			-0.0111	0.0397	-0.0013
			-0.0088	-0.0013	0.0383
		A:
			-0.8217	0.4584	-0.3386
			0.0996	-0.3674	-0.9247
			-0.2022	-0.1975	-0.9592
			-0.3574	0.8843	0.3005
			0.2943	-0.8841	0.363
			0.6501	-0.0894	-0.7546
		b:
			-137.9194
			-278.7895
			-311.7554
			266.3771
			-147.7104
			6.1986


===========================================================================================
===========================================================================================
S8:
	q_c:	453.5	362.5	438.5
	ub :	468.6053	369.8357	445.9432
	lb :	442.2874	347.9076	422.7393

	==================================================================================
	Q1:
		Shape: Hybrid
		q_c:	449.0	352.5	437.0
		ub :	454.0639	357.0924	442.2825
		lb :	443.9361	347.9076	431.7175
		P^-1:
			0.1139	0.0062	0.0479
			0.0062	0.0803	-0.0012
			0.0479	-0.0012	0.11
		A:
			-0.8558	-0.4964	0.1454
			-0.1662	0.8554	0.4906
			-0.4343	0.3364	-0.8356
			0.496	0.4926	0.7151
			0.9144	-0.0831	0.3961
			-0.9389	0.3304	-0.0961
		b:
			-493.5758
			443.7442
			-440.0348
			710.4011
			555.8726
			-345.13
	==================================================================================
	Q2:
		Shape: Ellipse
		q_c:	457.5	355.0	430.0
		ub :	461.7917	359.3055	434.5622
		lb :	453.2083	350.6945	425.4378
		P^-1:
			0.1901	0.0326	0.0677
			0.0326	0.13	-0.0225
			0.0677	-0.0225	0.1715
	==================================================================================
	Q3:
		Shape: Hybrid
		q_c:	451.0	364.5	432.5
		ub :	457.0809	369.8357	436.9056
		lb :	444.9191	359.1643	428.0944
		P^-1:
			0.0619	-0.0559	0.0605
			-0.0559	0.4162	-0.455
			0.0605	-0.455	0.6339
		A:
			0.8293	-0.099	-0.55
			0.0556	-0.4683	0.8818
			-0.0512	0.8678	-0.4942
			-0.0241	0.4021	-0.9153
			-0.2558	-0.5862	0.7687
			0.1901	-0.0437	-0.9808
		b:
			103.4738
			236.526
			80.8343
			-259.2387
			4.6676
			-352.0297
	==================================================================================
	Q4:
		Shape: Ellipse
		q_c:	447.5	356.0	442.0
		ub :	452.7126	361.1386	445.9432
		lb :	442.2874	350.8614	438.0568
		P^-1:
			0.116	0.0252	-0.0202
			0.0252	0.1001	-0.0138
			-0.0202	-0.0138	0.1367
	==================================================================================
	Q5:
		Shape: Ellipse
		q_c:	462.5	355.5	428.5
		ub :	468.6053	360.0465	434.2607
		lb :	456.3947	350.9535	422.7393
		P^-1:
			0.0946	0.0246	-0.068
			0.0246	0.1693	-0.0691
			-0.068	-0.0691	0.1372
	==================================================================================
	Q6:
		Shape: Ellipse
		q_c:	449.0	354.5	432.5
		ub :	455.5291	359.3481	438.9992
		lb :	442.4709	349.6519	426.0008
		P^-1:
			0.0615	0.016	0.0163
			0.016	0.1023	-0.0169
			0.0163	-0.0169	0.069


===========================================================================================
===========================================================================================
S9:
	q_c:	167.0	258.5	465.0
	ub :	173.242	266.87	473.0188
	lb :	158.5201	252.1344	460.3769

	==================================================================================
	Q1:
		Shape: Hybrid
		q_c:	163.5	263.0	463.0
		ub :	166.328	265.9004	465.6231
		lb :	160.672	260.0996	460.3769
		P^-1:
			0.5707	-0.2006	-0.3435
			-0.2006	0.3648	0.014
			-0.3435	0.014	0.669
		A:
			-0.8118	-0.5198	0.266
			0.4515	0.2959	-0.8418
			-0.8102	-0.1099	0.5757
			0.555	-0.7507	-0.3584
			-0.7468	0.0346	0.6642
			0.7646	-0.641	-0.0665
		b:
			-144.7913
			-237.4042
			105.9896
			-271.8325
			195.1219
			-73.5938
	==================================================================================
	Q2:
		Shape: Polyhedra
		q_c:	165.0	254.5	469.5
		ub :	167.6076	256.8656	471.776
		lb :	162.3924	252.1344	467.224
		A:
			0.6833	-0.6795	0.267
			0.396	0.3913	-0.8307
			0.9764	0.1804	-0.1188
			0.1542	-0.4554	-0.8768
			-0.8322	0.4455	0.3302
			0.8811	-0.3773	-0.2851
			0.6001	0.7527	0.2709
			0.5782	-0.6421	0.5034
			0.5529	-0.1454	-0.8205
			-0.6001	-0.7527	-0.2709
			-0.5782	0.6421	-0.5034
			-0.5529	0.1454	0.8205
		b:
			66.222
			-223.5818
			152.9481
			-500.4859
			132.4649
			-83.1362
			419.7718
			169.3104
			-329.5042
			-415.7718
			-167.3104
			332.5042
	==================================================================================
	Q3:
		Shape: Polyhedra
		q_c:	169.5	257.0	465.0
		ub :	173.242	258.7544	468.341
		lb :	165.758	255.2456	461.659
		A:
			0.3369	-0.793	0.5076
			0.1905	0.8157	0.5463
			-0.2053	-0.8052	-0.5564
			0.8448	0.3955	0.3605
			0.074	-0.8596	-0.5056
			-0.8014	0.5412	0.2545
			0.0772	0.9969	0.0151
			0.3156	-0.01	-0.9488
			-0.9458	0.078	-0.3154
			-0.0772	-0.9969	-0.0151
			-0.3156	0.01	0.9488
			0.9458	-0.078	0.3154
		b:
			91.5244
			497.8503
			-498.4961
			415.1963
			-441.6714
			124.2112
			277.8283
			-387.7953
			-283.9085
			-274.8283
			392.7953
			289.9085
	==================================================================================
	Q4:
		Shape: Polyhedra
		q_c:	169.0	256.0	468.0
		ub :	172.9975	258.3372	472.2211
		lb :	165.0025	253.6628	463.7789
		A:
			0.5218	-0.7671	0.3733
			0.2342	-0.9375	0.2575
			-0.384	0.8911	-0.2419
			-0.5755	0.8024	-0.1581
			-0.4804	0.8768	-0.02
			0.0121	-0.8047	0.5936
			0.609	0.4974	0.6178
			0.4588	-0.8563	0.2372
			0.647	0.139	-0.7497
			-0.609	-0.4974	-0.6178
			-0.4588	0.8563	-0.2372
			-0.647	-0.139	0.7497
		b:
			67.2367
			-79.0522
			50.5386
			34.8417
			134.7453
			75.568
			522.3894
			-30.18
			-202.9475
			-516.3894
			31.18
			208.9475
	==================================================================================
	Q5:
		Shape: Hybrid
		q_c:	162.5	262.5	469.0
		ub :	166.4799	266.87	473.0188
		lb :	158.5201	258.13	464.9812
		P^-1:
			0.1928	0.0467	-0.0466
			0.0467	0.1473	-0.0065
			-0.0466	-0.0065	0.181
		A:
			-0.5558	-0.4518	-0.6978
			-0.7862	-0.5653	0.2496
			0.5693	-0.2814	-0.7725
			-0.9716	0.0196	0.2357
			-0.9137	-0.3891	-0.1171
			0.6855	0.5568	-0.4692
		b:
			-534.6731
			-158.0431
			-342.3804
			-40.8686
			-304.2726
			38.5454
	==================================================================================
	Q6:
		Shape: Polyhedra
		q_c:	165.5	261.0	466.5
		ub :	169.6333	264.6847	470.1651
		lb :	161.3667	257.3153	462.8349
		A:
			-0.641	-0.3033	0.7051
			-0.5787	0.4674	-0.6684
			-0.2582	0.9462	-0.1949
			0.0944	-0.806	0.5843
			-0.6745	-0.5729	0.4657
			-0.641	0.362	-0.6768
			0.784	0.5626	0.2625
			-0.3734	0.0894	0.9234
			0.496	-0.8219	0.2801
			-0.784	-0.5626	-0.2625
			0.3734	-0.0894	-0.9234
			-0.496	0.8219	-0.2801
		b:
			146.1589
			-283.065
			115.82
			80.3143
			-41.3975
			-324.8326
			401.5402
			394.7976
			0.7671
			-396.5402
			-389.7976
			4.2329


===========================================================================================
===========================================================================================
S10:
	q_c:	40.5	195.5	477.5
	ub :	51.597	207.7955	487.6184
	lb :	31.6058	184.3477	466.6524

	==================================================================================
	Q1:
		Shape: Hybrid
		q_c:	47.0	198.5	474.0
		ub :	51.597	205.9677	481.3476
		lb :	42.403	191.0323	466.6524
		P^-1:
			0.0806	-0.0065	-0.002
			-0.0065	0.0394	-0.0027
			-0.002	-0.0027	0.0347
		A:
			0.9689	0.0733	0.2363
			0.0611	-0.9981	0.0086
			-0.3249	-0.5092	0.797
			-0.2375	0.9714	-0.0061
			0.9323	0.1057	0.3459
			-0.9113	0.2248	-0.345
		b:
			174.1306
			-187.8505
			264.6846
			181.9199
			231.0018
			-159.6713
	==================================================================================
	Q2:
		Shape: Ellipse
		q_c:	43.5	192.0	479.5
		ub :	47.9232	196.6891	484.3555
		lb :	39.0768	187.3109	474.6445
		P^-1:
			0.1708	0.0668	0.0718
			0.0668	0.1936	-0.0606
			0.0718	-0.0606	0.185
	==================================================================================
	Q3:
		Shape: Ellipse
		q_c:	41.5	203.5	471.5
		ub :	45.7478	207.7955	475.427
		lb :	37.2522	199.2045	467.573
		P^-1:
			0.115	-0.0116	0.0197
			-0.0116	0.1458	-0.059
			0.0197	-0.059	0.2115
	==================================================================================
	Q4:
		Shape: Hybrid
		q_c:	44.5	198.0	483.0
		ub :	49.7899	203.7089	487.6184
		lb :	39.2101	192.2911	478.3816
		P^-1:
			0.0821	0.0014	0.0034
			0.0014	0.0858	0.0101
			0.0034	0.0101	0.1065
		A:
			-0.5885	0.5878	0.5551
			-0.3157	-0.6654	0.6764
			-0.2542	0.7064	-0.6606
			-0.8805	-0.1705	-0.4424
			0.808	-0.2255	-0.5444
			-0.566	0.0556	0.8226
		b:
			360.0871
			182.837
			-188.5723
			-284.768
			-269.7438
			384.8754
	==================================================================================
	Q5:
		Shape: Hybrid
		q_c:	39.5	188.5	473.0
		ub :	42.4085	192.6523	476.7039
		lb :	36.5915	184.3477	469.2961
		P^-1:
			0.2498	-0.0048	0.0015
			-0.0048	0.096	0.0468
			0.0015	0.0468	0.2358
		A:
			0.5523	0.595	-0.584
			0.8877	-0.3556	0.2924
			-0.9796	0.108	0.1696
			-0.992	0.0115	-0.1257
			0.1026	-0.6285	-0.7711
			0.953	0.0062	-0.303
		b:
			-140.2934
			107.638
			62.8724
			-95.4887
			-477.8502
			-103.4619
	==================================================================================
	Q6:
		Shape: Polyhedra
		q_c:	35.5	201.0	477.0
		ub :	39.3942	206.1171	481.6216
		lb :	31.6058	195.8829	472.3784
		A:
			-0.0593	-0.3195	-0.9457
			-0.9212	-0.2785	-0.2717
			-0.8435	0.5356	0.0393
			-0.7958	-0.5602	0.2301
			0.9092	0.3489	0.2271
			0.5505	-0.1726	0.8168
			0.7135	0.1238	0.6897
			-0.0005	-0.9842	0.1772
			0.7007	-0.1267	-0.7021
			-0.7135	-0.1238	-0.6897
			0.0005	0.9842	-0.1772
			-0.7007	0.1267	0.7021
		b:
			-514.6042
			-215.2547
			99.7301
			-27.63
			213.8017
			377.625
			382.1832
			-108.815
			-333.0147
			-376.1832
			117.815
			338.0147


===========================================================================================
===========================================================================================
S11:
	q_c:	111.5	286.5	89.0
	ub :	125.303	299.8586	99.8069
	lb :	99.2472	277.7859	76.971

	==================================================================================
	Q1:
		Shape: Ellipse
		q_c:	114.5	284.0	83.0
		ub :	119.0759	289.9286	89.029
		lb :	109.9241	278.0714	76.971
		P^-1:
			0.1263	-0.0642	-0.0614
			-0.0642	0.1198	0.0683
			-0.0614	0.0683	0.1157
	==================================================================================
	Q2:
		Shape: Hybrid
		q_c:	119.5	284.0	88.5
		ub :	125.303	290.2141	93.6029
		lb :	113.697	277.7859	83.3971
		P^-1:
			0.0802	-0.0082	0.0142
			-0.0082	0.0608	0.0167
			0.0142	0.0167	0.1011
		A:
			-0.9406	-0.0772	0.3307
			0.4111	-0.5915	0.6937
			0.461	0.5282	0.7131
			-0.5715	0.3999	-0.7165
			0.6302	0.0515	0.7747
			-0.22	0.1717	-0.9603
		b:
			-102.6986
			-55.2489
			269.9278
			-16.2342
			160.0543
			-60.6989
	==================================================================================
	Q3:
		Shape: Ellipse
		q_c:	112.5	287.5	94.5
		ub :	116.626	292.1776	99.8069
		lb :	108.374	282.8224	89.1931
		P^-1:
			0.6071	-0.3861	0.2604
			-0.3861	0.3617	-0.1497
			0.2604	-0.1497	0.1917
	==================================================================================
	Q4:
		Shape: Hybrid
		q_c:	105.0	284.5	86.0
		ub :	108.2967	289.789	89.7195
		lb :	101.7033	279.211	82.2805
		P^-1:
			0.2327	-0.0517	-0.0223
			-0.0517	0.0955	-0.0668
			-0.0223	-0.0668	0.2211
		A:
			0.5388	0.1194	-0.8339
			-0.6163	-0.5402	0.573
			0.9973	-0.0674	0.0282
			-0.0874	-0.5763	0.8126
			-0.6561	0.0835	0.75
			-0.5969	0.7008	-0.3906
		b:
			19.8392
			-167.4502
			89.1886
			-102.056
			20.476
			104.431
	==================================================================================
	Q5:
		Shape: Ellipse
		q_c:	110.5	288.5	85.5
		ub :	116.0743	294.859	92.5598
		lb :	104.9257	282.141	78.4402
		P^-1:
			0.1056	-0.089	-0.0396
			-0.089	0.1587	0.0567
			-0.0396	0.0567	0.0587
	==================================================================================
	Q6:
		Shape: Polyhedra
		q_c:	105.0	294.0	95.5
		ub :	110.7528	299.8586	98.4415
		lb :	99.2472	288.1414	92.5585
		A:
			-0.5288	0.0808	0.8449
			0.8869	0.0162	-0.4616
			-0.3957	-0.3375	0.8541
			0.3356	-0.4977	0.7998
			0.6258	0.1637	0.7626
			0.0024	-0.0899	0.9959
			0.7534	0.6534	0.0731
			0.6139	-0.739	0.2775
			0.2353	-0.1642	-0.9579
			-0.7534	-0.6534	-0.0731
			-0.6139	0.739	-0.2775
			-0.2353	0.1642	0.9579
		b:
			50.7713
			56.8639
			-56.8916
			-31.0256
			189.8792
			71.0234
			281.704
			-121.7963
			-113.5349
			-274.704
			130.7963
			116.5349


===========================================================================================
===========================================================================================
