3D_50_10_6_a                l = 3

===========================================================================================
===========================================================================================
S1:
	q_c:    51.0000    386.5000    259.0000
	ub :    69.0000    404.0000    272.0000
	lb :    33.0000    369.0000    246.0000

	==================================================================================
	Q1:
		Shape: Hybrid
		q_c:    52.0000    392.0000    262.5000
		ub :    55.9034    398.5202    269.6798
		lb :    48.0966    385.4798    255.3202
		P^-1: 
			    0.1507    -0.0173    0.0282
			    -0.0173    0.0571    0.0089
			    0.0282    0.0089    0.0478
		A:
			    -0.5629    -0.7667    -0.3087
			    0.1015    -0.0729    -0.9922
			    0.9964    0.0211    0.0816
			    0.6031    0.1056    0.7906
			    -0.9664    -0.2446    0.0786
			    0.6873    0.6853    0.2407
		b:
			    -408.2799
			    -279.9819
			    82.9844
			    282.6826
			    -123.3716
			    370.0493
	==================================================================================
	Q2:
		Shape: Ellipse
		q_c:    48.0000    395.5000    258.0000
		ub :    53.3339    402.0025    264.2382
		lb :    42.6661    388.9975    251.7618
		P^-1: 
			    0.1825    0.0156    -0.0930
			    0.0156    0.0501    0.0025
			    -0.0930    0.0025    0.1199
	==================================================================================
	Q3:
		Shape: Ellipse
		q_c:    65.5000    399.5000    258.0000
		ub :    71.9078    405.3585    264.4878
		lb :    59.0922    393.6415    251.5122
		P^-1: 
			    0.0281    0.0030    0.0024
			    0.0030    0.0698    0.0186
			    0.0024    0.0186    0.0515
	==================================================================================
	Q4:
		Shape: Ellipse
		q_c:    44.0000    400.0000    260.0000
		ub :    47.5332    404.6315    265.0765
		lb :    40.4668    395.3685    254.9235
		P^-1: 
			    0.2429    0.0184    -0.0322
			    0.0184    0.2026    0.0832
			    -0.0322    0.0832    0.1039
	==================================================================================
	Q5:
		Shape: Polyhedra
		q_c:    63.0000    376.5000    251.0000
		ub :    69.3153    382.5518    254.2485
		lb :    56.6847    370.4482    247.7515
		A:
			    -0.7555    -0.6547    0.0232
			    0.3408    0.6881    0.6407
			    -0.1774    -0.2717    -0.9459
			    0.1466    0.5847    0.7979
			    -0.1975    -0.5544    -0.8085
			    0.0284    -0.1114    -0.9934
			    0.5757    0.6728    0.4647
			    0.6985    -0.7001    0.1483
			    0.4251    0.2392    -0.8730
			    -0.5757    -0.6728    -0.4647
			    -0.6985    0.7001    -0.1483
			    -0.4251    -0.2392    0.8730
		b:
			    -286.8922
			    442.8314
			    -349.2415
			    431.5006
			    -422.5041
			    -287.6702
			    407.2090
			    -175.3618
			    -100.2773
			    -405.2090
			    189.3618
			    104.2773
	==================================================================================
	Q6:
		Shape: Ellipse
		q_c:    48.0000    391.5000    270.5000
		ub :    52.3501    398.8238    278.1759
		lb :    43.6499    384.1762    262.8241
		P^-1: 
			    0.0624    -0.0009    -0.0014
			    -0.0009    0.0410    -0.0105
			    -0.0014    -0.0105    0.0362


===========================================================================================
===========================================================================================
S2:
	q_c:    253.5000    96.0000    467.5000
	ub :    264.0000    107.0000    482.0000
	lb :    243.0000    85.0000    453.0000

	==================================================================================
	Q1:
		Shape: Ellipse
		q_c:    251.0000    87.5000    471.0000
		ub :    256.5132    93.6886    477.8703
		lb :    245.4868    81.3114    464.1297
		P^-1: 
			    0.0774    -0.0013    -0.0108
			    -0.0013    0.0494    0.0005
			    -0.0108    0.0005    0.0535
	==================================================================================
	Q2:
		Shape: Polyhedra
		q_c:    255.0000    105.5000    478.0000
		ub :    257.6592    110.0677    482.3365
		lb :    252.3408    100.9323    473.6635
		A:
			    0.0079    0.2385    0.9711
			    0.7482    0.2561    0.6121
			    -0.9378    -0.0038    -0.3472
			    -0.9262    -0.0341    -0.3756
			    -0.7935    -0.4730    -0.3829
			    -0.7655    -0.4977    -0.4077
			    0.7784    0.2901    0.5567
			    -0.0212    -0.8742    0.4852
			    0.6274    -0.3895    -0.6743
			    -0.7784    -0.2901    -0.5567
			    0.0212    0.8742    -0.4852
			    -0.6274    0.3895    0.6743
		b:
			    494.1292
			    510.9391
			    -404.1018
			    -418.0118
			    -434.2670
			    -441.6054
			    495.7026
			    137.7732
			    -199.9315
			    -494.7026
			    -130.7732
			    206.9315
	==================================================================================
	Q3:
		Shape: Ellipse
		q_c:    259.0000    93.0000    467.0000
		ub :    264.9686    98.3546    472.1047
		lb :    253.0314    87.6454    461.8953
		P^-1: 
			    0.1353    0.0387    -0.0845
			    0.0387    0.1228    0.0465
			    -0.0845    0.0465    0.1850
	==================================================================================
	Q4:
		Shape: Polyhedra
		q_c:    255.5000    94.5000    468.5000
		ub :    260.0128    99.5360    474.3575
		lb :    250.9872    89.4640    462.6425
		A:
			    -0.3807    0.6161    -0.6896
			    -0.1544    0.6723    -0.7240
			    -0.3632    0.6860    -0.6305
			    0.5214    -0.6896    0.5026
			    -0.1739    0.8437    -0.5079
			    -0.3380    0.7903    -0.5110
			    0.0958    0.6643    0.7413
			    -0.3105    0.7275    -0.6118
			    -0.9457    -0.1716    0.2760
			    -0.0958    -0.6643    -0.7413
			    0.3105    -0.7275    0.6118
			    0.9457    0.1716    -0.2760
		b:
			    -361.1110
			    -314.0582
			    -322.7371
			    304.5699
			    -201.4537
			    -250.2202
			    440.5414
			    -296.7339
			    -124.5634
			    -428.5414
			    297.7339
			    132.5634
	==================================================================================
	Q5:
		Shape: Ellipse
		q_c:    257.5000    98.0000    467.5000
		ub :    263.6697    102.2643    473.7579
		lb :    251.3303    93.7357    461.2421
		P^-1: 
			    0.0652    0.0108    0.0032
			    0.0108    0.1047    0.0125
			    0.0032    0.0125    0.0662
	==================================================================================
	Q6:
		Shape: Hybrid
		q_c:    246.5000    88.5000    473.5000
		ub :    250.9931    92.3124    477.6726
		lb :    242.0069    84.6876    469.3274
		P^-1: 
			    0.1316    0.0020    -0.0240
			    0.0020    0.1113    -0.0023
			    -0.0240    -0.0023    0.1393
		A:
			    0.9590    0.0959    -0.2666
			    -0.6699    -0.0656    0.7395
			    0.2483    0.6765    -0.6933
			    0.7882    -0.3301    0.5193
			    0.9723    0.1972    -0.1258
			    -0.7538    0.1629    0.6366
		b:
			    120.0489
			    180.4905
			    -205.6994
			    412.7479
			    199.0336
			    131.3347


===========================================================================================
===========================================================================================
S3:
	q_c:    463.0000    276.0000    313.5000
	ub :    483.0000    291.0000    326.0000
	lb :    443.0000    261.0000    301.0000

	==================================================================================
	Q1:
		Shape: Ellipse
		q_c:    460.0000    266.0000    313.0000
		ub :    470.9316    276.6715    321.1726
		lb :    449.0684    255.3285    304.8274
		P^-1: 
			    0.0266    0.0086    -0.0138
			    0.0086    0.0263    -0.0146
			    -0.0138    -0.0146    0.0478
	==================================================================================
	Q2:
		Shape: Polyhedra
		q_c:    463.5000    282.5000    298.5000
		ub :    471.0866    289.8611    302.4188
		lb :    455.9134    275.1389    294.5812
		A:
			    -0.0551    -0.2002    -0.9782
			    0.9057    0.1058    -0.4105
			    -0.2187    0.5265    0.8216
			    0.4085    -0.5591    0.7215
			    -0.2239    0.3848    0.8954
			    0.1860    -0.2660    -0.9458
			    0.5514    0.8264    0.1145
			    0.2035    -0.0002    -0.9791
			    -0.8091    0.5631    -0.1683
			    -0.5514    -0.8264    -0.1145
			    -0.2035    0.0002    0.9791
			    0.8091    -0.5631    0.1683
		b:
			    -371.1302
			    331.6377
			    296.1199
			    250.9904
			    275.2886
			    -268.4675
			    528.6827
			    -195.4522
			    -261.1496
			    -517.6827
			    200.4522
			    271.1496
	==================================================================================
	Q3:
		Shape: Hybrid
		q_c:    465.5000    281.5000    326.0000
		ub :    471.7856    287.7400    331.1859
		lb :    459.2144    275.2600    320.8141
		P^-1: 
			    0.9134    1.2132    -1.1160
			    1.2132    1.7049    -1.5379
			    -1.1160    -1.5379    1.4478
		A:
			    0.4405    0.6798    -0.5863
			    -0.1268    0.5356    -0.8349
			    -0.7070    -0.6856    0.1735
			    -0.4374    -0.6013    0.6687
			    -0.4614    -0.7254    0.5108
			    -0.4271    -0.6336    0.6451
		b:
			    205.5757
			    -177.2763
			    -463.1801
			    -154.3832
			    -251.9316
			    -166.5155
	==================================================================================
	Q4:
		Shape: Polyhedra
		q_c:    468.5000    273.0000    326.0000
		ub :    477.2256    283.3920    333.0180
		lb :    459.7744    262.6080    318.9820
		A:
			    -0.1040    -0.1894    0.9764
			    0.2875    0.7652    -0.5760
			    -0.6469    -0.2557    0.7184
			    -0.0774    0.1011    0.9919
			    0.1053    0.0607    0.9926
			    0.5266    -0.0615    0.8479
			    0.7783    0.5873    0.2221
			    -0.0093    -0.3429    0.9393
			    0.6278    -0.7331    -0.2614
			    -0.7783    -0.5873    -0.2221
			    0.0093    0.3429    -0.9393
			    -0.6278    0.7331    0.2614
		b:
			    222.1769
			    160.1731
			    -133.4685
			    319.8159
			    393.9493
			    510.4259
			    600.8697
			    212.2540
			    18.2748
			    -593.8697
			    -204.2540
			    0.7252
	==================================================================================
	Q5:
		Shape: Polyhedra
		q_c:    467.5000    281.0000    326.5000
		ub :    475.1311    289.2056    334.6901
		lb :    459.8689    272.7944    318.3099
		A:
			    0.6726    -0.3500    0.6520
			    -0.3549    -0.1357    -0.9250
			    0.4183    -0.0181    -0.9081
			    0.7674    0.2584    -0.5868
			    0.9589    -0.2490    0.1361
			    -0.0879    -0.9935    0.0723
			    0.2847    0.5928    0.7533
			    0.6476    0.4605    -0.6071
			    -0.7068    0.6607    -0.2528
			    -0.2847    -0.5928    -0.7533
			    -0.6476    -0.4605    0.6071
			    0.7068    -0.6607    0.2528
		b:
			    433.3787
			    -500.8112
			    -100.8659
			    244.7463
			    427.0174
			    -291.8695
			    551.1498
			    238.9255
			    -223.2987
			    -540.1498
			    -228.9255
			    231.2987
	==================================================================================
	Q6:
		Shape: Polyhedra
		q_c:    473.5000    268.5000    304.0000
		ub :    483.4416    278.5160    311.0058
		lb :    463.5584    258.4840    296.9942
		A:
			    0.2481    -0.7582    0.6030
			    0.5853    0.1283    -0.8006
			    0.1164    -0.0199    -0.9930
			    -0.6994    0.3401    -0.6287
			    0.2512    -0.1037    0.9624
			    0.5869    -0.7991    0.1302
			    0.6475    0.6961    0.3101
			    -0.1193    0.4945    -0.8610
			    -0.7527    0.5205    0.4032
			    -0.6475    -0.6961    -0.3101
			    0.1193    -0.4945    0.8610
			    0.7527    -0.5205    -0.4032
		b:
			    100.5333
			    72.8059
			    -248.0951
			    -426.2416
			    387.7355
			    107.7314
			    596.2625
			    -182.9562
			    -88.5835
			    -579.2625
			    187.9562
			    99.5835


===========================================================================================
===========================================================================================
S4:
	q_c:    264.5000    384.5000    340.5000
	ub :    269.0000    393.0000    349.0000
	lb :    260.0000    376.0000    332.0000

	==================================================================================
	Q1:
		Shape: Hybrid
		q_c:    267.0000    387.5000    344.0000
		ub :    268.7462    390.5383    347.2861
		lb :    265.2538    384.4617    340.7139
		P^-1: 
			    0.4423    0.0095    0.0228
			    0.0095    0.2267    -0.0388
			    0.0228    -0.0388    0.1855
		A:
			    -0.5690    0.0061    -0.8223
			    -0.8592    0.4528    0.2383
			    -0.8189    0.4039    0.4077
			    -0.8809    0.3770    0.2862
			    -0.9114    0.1910    0.3646
			    0.7462    0.6276    0.2222
		b:
			    -431.1079
			    29.1573
			    79.3149
			    10.4369
			    -42.8514
			    519.9487
	==================================================================================
	Q2:
		Shape: Ellipse
		q_c:    266.0000    384.0000    341.0000
		ub :    268.1424    387.1847    343.7232
		lb :    263.8576    380.8153    338.2768
		P^-1: 
			    0.4385    -0.0351    -0.0207
			    -0.0351    0.2376    -0.1217
			    -0.0207    -0.1217    0.3728
	==================================================================================
	Q3:
		Shape: Polyhedra
		q_c:    265.0000    384.5000    340.0000
		ub :    267.5317    385.5076    342.4947
		lb :    262.4683    383.4924    337.5053
		A:
			    0.2982    -0.9371    -0.1816
			    0.5703    -0.8214    -0.0096
			    -0.5114    0.8581    -0.0455
			    0.0842    -0.9921    -0.0927
			    -0.2853    0.9185    0.2740
			    0.2164    0.9100    0.3537
			    0.6744    0.1900    0.7135
			    0.7059    0.1176    -0.6985
			    -0.2166    0.9747    -0.0548
			    -0.6744    -0.1900    -0.7135
			    -0.7059    -0.1176    0.6985
			    0.2166    -0.9747    0.0548
		b:
			    -342.3491
			    -167.1369
			    179.7057
			    -390.0978
			    371.4876
			    528.4505
			    495.8599
			    -3.2104
			    299.2413
			    -492.8599
			    7.2104
			    -298.2413
	==================================================================================
	Q4:
		Shape: Hybrid
		q_c:    268.0000    384.0000    342.5000
		ub :    270.7376    387.1750    345.1247
		lb :    265.2624    380.8250    339.8753
		P^-1: 
			    0.3979    -0.0786    -0.0599
			    -0.0786    0.1871    0.0094
			    -0.0599    0.0094    0.2694
		A:
			    -0.8273    -0.2554    -0.5004
			    -0.7430    0.4034    0.5341
			    -0.8760    0.3975    0.2731
			    0.5290    0.4782    -0.7011
			    -0.7382    0.5490    -0.3920
			    0.9444    0.2826    0.1681
		b:
			    -489.8587
			    139.5460
			    12.1779
			    86.5646
			    -120.2484
			    420.4299
	==================================================================================
	Q5:
		Shape: Ellipse
		q_c:    261.5000    388.0000    341.0000
		ub :    265.0216    390.5472    344.3253
		lb :    257.9784    385.4528    337.6747
		P^-1: 
			    0.2238    0.0892    0.0140
			    0.0892    0.3868    -0.0712
			    0.0140    -0.0712    0.2438
	==================================================================================
	Q6:
		Shape: Ellipse
		q_c:    268.5000    389.5000    343.0000
		ub :    270.7358    390.9473    345.0052
		lb :    266.2642    388.0527    340.9948
		P^-1: 
			    0.5674    -0.1033    0.5031
			    -0.1033    2.9916    -1.4839
			    0.5031    -1.4839    1.6910


===========================================================================================
===========================================================================================
S5:
	q_c:    65.5000    515.5000    214.5000
	ub :    94.0000    544.0000    233.0000
	lb :    37.0000    487.0000    196.0000

	==================================================================================
	Q1:
		Shape: Ellipse
		q_c:    75.0000    517.5000    230.0000
		ub :    85.1437    528.9558    240.2877
		lb :    64.8563    506.0442    219.7123
		P^-1: 
			    0.0459    0.0037    0.0328
			    0.0037    0.0148    0.0050
			    0.0328    0.0050    0.0505
	==================================================================================
	Q2:
		Shape: Hybrid
		q_c:    78.5000    525.5000    203.0000
		ub :    86.7375    534.4869    208.9091
		lb :    70.2625    516.5131    197.0909
		P^-1: 
			    0.0669    0.0284    -0.0255
			    0.0284    0.0359    -0.0048
			    -0.0255    -0.0048    0.0886
		A:
			    0.8309    0.4829    -0.2764
			    0.9477    0.2573    0.1888
			    0.1440    0.9874    -0.0652
			    0.7256    0.6664    0.1716
			    -0.2228    -0.4098    0.8846
			    -0.5437    -0.8161    -0.1959
		b:
			    264.7167
			    250.7490
			    521.5546
			    444.3580
			    -50.8841
			    -508.3844
	==================================================================================
	Q3:
		Shape: Ellipse
		q_c:    67.0000    528.5000    212.5000
		ub :    75.4170    535.1830    220.7981
		lb :    58.5830    521.8170    204.2019
		P^-1: 
			    0.0455    -0.0032    0.0140
			    -0.0032    0.0548    -0.0065
			    0.0140    -0.0065    0.0394
	==================================================================================
	Q4:
		Shape: Hybrid
		q_c:    77.0000    505.0000    223.0000
		ub :    84.7668    515.5075    233.1627
		lb :    69.2332    494.4925    212.8373
		P^-1: 
			    0.0373    0.0054    0.0052
			    0.0054    0.0225    0.0138
			    0.0052    0.0138    0.0365
		A:
			    0.8407    0.5030    -0.2006
			    0.7642    0.3043    0.5687
			    -0.2587    -0.1095    0.9597
			    0.5214    -0.1265    0.8439
			    0.8254    -0.5565    -0.0957
			    -0.4756    0.4546    0.7531
		b:
			    277.8000
			    341.7438
			    142.9079
			    168.3482
			    -234.6509
			    363.8881
	==================================================================================
	Q5:
		Shape: Hybrid
		q_c:    64.0000    511.5000    206.0000
		ub :    69.8924    515.5737    211.3637
		lb :    58.1076    507.4263    200.6363
		P^-1: 
			    0.0845    -0.0244    -0.0303
			    -0.0244    0.1519    -0.0060
			    -0.0303    -0.0060    0.0841
		A:
			    -0.6029    0.2417    0.7603
			    0.8261    -0.2507    -0.5046
			    -0.2033    -0.7622    -0.6146
			    -0.4287    -0.1894    0.8834
			    0.2912    -0.5273    0.7982
			    -0.0626    0.8058    0.5889
		b:
			    243.3555
			    -177.6143
			    -527.0641
			    59.5363
			    -84.3264
			    531.4114
	==================================================================================
	Q6:
		Shape: Polyhedra
		q_c:    82.5000    504.0000    203.5000
		ub :    92.1671    514.7768    213.5376
		lb :    72.8329    493.2232    193.4624
		A:
			    -0.0053    -0.0342    0.9994
			    -0.9406    0.0956    -0.3259
			    -0.5307    0.6479    -0.5464
			    0.3550    0.9086    0.2201
			    -0.4701    -0.3103    0.8263
			    -0.9961    0.0876    -0.0063
			    0.7926    0.3527    0.4975
			    -0.1985    -0.6222    0.7573
			    0.5766    -0.6989    -0.4232
			    -0.7926    -0.3527    -0.4975
			    0.1985    0.6222    -0.7573
			    -0.5766    0.6989    0.4232
		b:
			    191.5706
			    -89.9141
			    177.7833
			    538.0814
			    -21.0616
			    -32.9138
			    349.3616
			    -170.3671
			    -382.7945
			    -339.3616
			    181.3671
			    398.7945


===========================================================================================
===========================================================================================
S6:
	q_c:    37.5000    246.5000    438.5000
	ub :    57.0000    261.0000    454.0000
	lb :    18.0000    232.0000    423.0000

	==================================================================================
	Q1:
		Shape: Polyhedra
		q_c:    37.5000    258.5000    435.0000
		ub :    47.4932    268.6572    445.1163
		lb :    27.5068    248.3428    424.8837
		A:
			    0.4593    -0.0599    -0.8863
			    0.0536    -0.7886    -0.6126
			    -0.4038    0.1091    0.9083
			    -0.1181    -0.5536    -0.8243
			    0.0791    0.5811    0.8100
			    -0.6684    -0.1181    0.7343
			    0.5296    0.2383    0.8141
			    -0.7393    0.6002    0.3053
			    -0.4159    -0.7635    0.4940
			    -0.5296    -0.2383    -0.8141
			    0.7393    -0.6002    -0.3053
			    0.4159    0.7635    -0.4940
		b:
			    -377.5961
			    -462.6414
			    414.2748
			    -500.3552
			    511.2608
			    270.3390
			    441.5802
			    265.2299
			    9.4446
			    -429.5802
			    -255.2299
			    5.5554
	==================================================================================
	Q2:
		Shape: Polyhedra
		q_c:    29.5000    244.0000    434.5000
		ub :    37.3341    251.9220    441.1789
		lb :    21.6659    236.0780    427.8211
		A:
			    -0.7931    0.1210    -0.5969
			    0.1179    0.1159    0.9862
			    0.0608    -0.1577    0.9856
			    -0.0539    -0.9904    0.1275
			    0.6796    0.3614    0.6384
			    -0.5940    -0.4453    -0.6700
			    0.6172    0.3303    0.7141
			    -0.7033    0.6386    0.3124
			    -0.3528    -0.6950    0.6264
			    -0.6172    -0.3303    -0.7141
			    0.7033    -0.6386    -0.3124
			    0.3528    0.6950    -0.6264
		b:
			    -249.2462
			    463.9824
			    395.2239
			    -183.0023
			    388.6461
			    -414.2479
			    412.0880
			    277.3228
			    96.1876
			    -406.0880
			    -264.3228
			    -88.1876
	==================================================================================
	Q3:
		Shape: Ellipse
		q_c:    38.0000    261.5000    439.5000
		ub :    44.2287    267.1966    445.9809
		lb :    31.7713    255.8034    433.0191
		P^-1: 
			    0.0730    0.0008    0.0095
			    0.0008    0.0626    0.0007
			    0.0095    0.0007    0.0710
	==================================================================================
	Q4:
		Shape: Hybrid
		q_c:    27.0000    259.5000    443.0000
		ub :    32.1415    264.3916    447.3715
		lb :    21.8585    254.6084    438.6285
		P^-1: 
			    0.1581    -0.0901    -0.0178
			    -0.0901    0.1566    -0.0400
			    -0.0178    -0.0400    0.1447
		A:
			    0.1266    -0.9382    0.3221
			    -0.7671    0.5802    0.2737
			    0.4407    -0.6664    0.6014
			    0.0072    0.8177    -0.5756
			    -0.4871    0.4554    -0.7452
			    -0.5176    0.1232    0.8467
		b:
			    -95.6770
			    252.2213
			    106.5098
			    -41.0153
			    -223.6448
			    394.5889
	==================================================================================
	Q5:
		Shape: Polyhedra
		q_c:    27.5000    257.0000    455.5000
		ub :    31.9122    262.2077    459.9803
		lb :    23.0878    251.7923    451.0197
		A:
			    0.8782    -0.0968    0.4684
			    0.7778    0.1730    0.6042
			    0.7893    -0.3098    0.5302
			    0.5278    -0.0875    -0.8448
			    0.4454    -0.2088    0.8707
			    -0.2277    -0.0783    0.9706
			    0.7178    0.0387    0.6952
			    -0.4269    0.8132    0.3955
			    -0.5500    -0.5807    0.6002
			    -0.7178    -0.0387    -0.6952
			    0.4269    -0.8132    -0.3955
			    0.5500    0.5807    -0.6002
		b:
			    214.0954
			    342.2630
			    185.2120
			    -389.0775
			    356.9952
			    419.1013
			    347.3568
			    380.9089
			    113.0184
			    -345.3568
			    -373.9089
			    -105.0184
	==================================================================================
	Q6:
		Shape: Ellipse
		q_c:    30.0000    245.0000    443.0000
		ub :    34.1857    250.8651    448.2875
		lb :    25.8143    239.1349    437.7125
		P^-1: 
			    0.3458    0.0688    0.1529
			    0.0688    0.0726    0.0211
			    0.1529    0.0211    0.1570


===========================================================================================
===========================================================================================
S7:
	q_c:    307.0000    348.0000    240.5000
	ub :    326.0000    354.0000    261.0000
	lb :    288.0000    342.0000    220.0000

	==================================================================================
	Q1:
		Shape: Polyhedra
		q_c:    304.5000    348.5000    238.5000
		ub :    308.9536    353.0813    242.6521
		lb :    300.0464    343.9187    234.3479
		A:
			    0.1448    0.1052    -0.9839
			    0.5440    0.7086    0.4495
			    0.0496    -0.9965    -0.0671
			    -0.5927    -0.4195    -0.6875
			    -0.6163    -0.3799    0.6898
			    0.4285    -0.8981    0.0987
			    0.3113    0.9447    0.1034
			    0.8597    -0.2336    -0.4542
			    -0.4049    0.2303    -0.8849
			    -0.3113    -0.9447    -0.1034
			    -0.8597    0.2336    0.4542
			    0.4049    -0.2303    0.8849
		b:
			    -151.0278
			    523.1680
			    -344.7712
			    -487.4387
			    -152.6772
			    -155.8468
			    452.1806
			    74.5596
			    -251.0627
			    -445.1806
			    -69.5596
			    257.0627
	==================================================================================
	Q2:
		Shape: Ellipse
		q_c:    304.0000    345.0000    245.5000
		ub :    310.0542    351.5781    251.9522
		lb :    297.9458    338.4219    239.0478
		P^-1: 
			    0.0625    0.0000    0.0000
			    0.0000    0.0625    -0.0000
			    0.0000    -0.0000    0.0625
	==================================================================================
	Q3:
		Shape: Ellipse
		q_c:    311.0000    344.5000    247.0000
		ub :    316.6123    350.0333    252.1723
		lb :    305.3877    338.9667    241.8277
		P^-1: 
			    0.0965    0.0146    0.0021
			    0.0146    0.0960    0.0021
			    0.0021    0.0021    0.0819
	==================================================================================
	Q4:
		Shape: Hybrid
		q_c:    309.5000    350.5000    244.0000
		ub :    312.8357    354.1623    247.7005
		lb :    306.1643    346.8377    240.2995
		P^-1: 
			    0.3672    -0.1161    -0.0927
			    -0.1161    0.2701    -0.1392
			    -0.0927    -0.1392    0.3333
		A:
			    0.4003    0.7398    -0.5409
			    -0.0231    -0.5769    0.8165
			    0.8772    0.2852    -0.3862
			    -0.9917    0.1108    0.0657
			    -0.9993    0.0297    0.0247
			    -0.2466    0.9435    -0.2216
		b:
			    252.3994
			    -9.3532
			    278.4196
			    -250.9524
			    -291.5638
			    201.5582
	==================================================================================
	Q5:
		Shape: Polyhedra
		q_c:    304.0000    351.5000    238.5000
		ub :    307.0055    355.0676    242.1815
		lb :    300.9945    347.9324    234.8185
		A:
			    0.2325    0.1892    0.9540
			    0.0877    0.9925    -0.0853
			    -0.5003    0.8597    -0.1029
			    -0.3787    -0.7126    -0.5906
			    -0.8936    -0.3051    0.3293
			    0.1949    0.9452    0.2619
			    0.6971    0.6896    0.1963
			    0.6909    -0.5729    -0.4410
			    -0.1917    0.4431    -0.8758
			    -0.6971    -0.6896    -0.1963
			    -0.6909    0.5729    0.4410
			    0.1917    -0.4431    0.8758
		b:
			    367.3714
			    357.3863
			    127.6558
			    -504.4412
			    -298.4170
			    455.8556
			    503.1258
			    -95.0105
			    -108.3965
			    -499.1258
			    98.0105
			    114.3965
	==================================================================================
	Q6:
		Shape: Polyhedra
		q_c:    308.5000    354.0000    246.5000
		ub :    313.5978    359.2732    251.7550
		lb :    303.4022    348.7268    241.2450
		A:
			    0.3729    -0.8249    -0.4248
			    0.5738    -0.5284    -0.6257
			    0.5522    -0.5215    -0.6505
			    -0.0201    0.9870    0.1593
			    -0.2878    -0.8750    0.3893
			    -0.1512    -0.5640    -0.8118
			    0.0636    0.6890    0.7220
			    -0.7066    0.5420    -0.4550
			    -0.7048    -0.4812    0.5213
			    -0.0636    -0.6890    -0.7220
			    0.7066    -0.5420    0.4550
			    0.7048    0.4812    -0.5213
		b:
			    -279.0468
			    -161.2665
			    -171.6380
			    385.3485
			    -298.9016
			    -443.8917
			    443.9837
			    -135.2669
			    -255.2777
			    -438.9837
			    141.2669
			    263.2777


===========================================================================================
===========================================================================================
S8:
	q_c:    480.5000    137.5000    124.5000
	ub :    494.0000    159.0000    141.0000
	lb :    467.0000    116.0000    108.0000

	==================================================================================
	Q1:
		Shape: Hybrid
		q_c:    495.0000    130.5000    113.0000
		ub :    507.2974    141.6617    123.5836
		lb :    482.7026    119.3383    102.4164
		P^-1: 
			    0.0256    -0.0157    0.0137
			    -0.0157    0.0347    -0.0183
			    0.0137    -0.0183    0.0299
		A:
			    0.7526    -0.6166    0.2310
			    -0.5082    0.0607    -0.8591
			    0.1899    -0.8126    0.5510
			    -0.2611    0.9653    0.0092
			    0.5334    -0.4631    0.7079
			    -0.4440    0.3131    -0.8395
		b:
			    321.2672
			    -336.5878
			    52.9316
			    2.0972
			    285.9410
			    -270.6984
	==================================================================================
	Q2:
		Shape: Hybrid
		q_c:    470.0000    125.5000    124.5000
		ub :    478.8976    134.3280    133.9013
		lb :    461.1024    116.6720    115.0987
		P^-1: 
			    0.0489    0.0104    -0.0158
			    0.0104    0.0345    0.0132
			    -0.0158    0.0132    0.0441
		A:
			    -0.9499    -0.3121    -0.0191
			    -0.2087    -0.7835    -0.5853
			    -0.2507    0.9034    0.3478
			    0.9451    0.2296    -0.2326
			    -0.1063    0.9430    0.3154
			    -0.4659    -0.2834    0.8382
		b:
			    -485.3761
			    -266.8016
			    42.4389
			    446.3289
			    111.1969
			    -147.1507
	==================================================================================
	Q3:
		Shape: Ellipse
		q_c:    486.5000    131.5000    114.0000
		ub :    491.1602    138.7309    120.9492
		lb :    481.8398    124.2691    107.0508
		P^-1: 
			    0.3371    -0.0436    -0.1690
			    -0.0436    0.0542    0.0455
			    -0.1690    0.0455    0.1434
	==================================================================================
	Q4:
		Shape: Ellipse
		q_c:    472.0000    141.5000    137.0000
		ub :    481.7978    147.2133    146.6462
		lb :    462.2022    135.7867    127.3538
		P^-1: 
			    0.0477    0.0051    0.0343
			    0.0051    0.0809    -0.0051
			    0.0343    -0.0051    0.0470
	==================================================================================
	Q5:
		Shape: Ellipse
		q_c:    472.5000    141.0000    116.5000
		ub :    480.7999    150.2086    125.5153
		lb :    464.2001    131.7914    107.4847
		P^-1: 
			    0.0390    -0.0017    0.0043
			    -0.0017    0.0372    0.0072
			    0.0043    0.0072    0.0216
	==================================================================================
	Q6:
		Shape: Polyhedra
		q_c:    485.5000    132.0000    112.5000
		ub :    491.0968    140.3735    120.1960
		lb :    479.9032    123.6265    104.8040
		A:
			    0.9838    0.0264    -0.1774
			    -0.6294    0.7768    -0.0202
			    0.8086    -0.3298    -0.4872
			    -0.9416    -0.2910    -0.1693
			    0.6515    0.6970    -0.2997
			    -0.8172    0.4838    0.3131
			    0.0513    0.5625    0.8252
			    -0.9874    0.1522    -0.0423
			    -0.1494    -0.8127    0.5632
			    -0.0513    -0.5625    -0.8252
			    0.9874    -0.1522    0.0423
			    0.1494    0.8127    -0.5632
		b:
			    465.7801
			    -200.2287
			    298.9259
			    -509.9161
			    380.1720
			    -293.0396
			    197.0095
			    -459.5685
			    -110.4615
			    -187.0095
			    468.5685
			    122.4615


===========================================================================================
===========================================================================================
S9:
	q_c:    269.0000    256.5000    233.5000
	ub :    274.0000    282.0000    248.0000
	lb :    264.0000    231.0000    219.0000

	==================================================================================
	Q1:
		Shape: Ellipse
		q_c:    269.5000    257.0000    230.0000
		ub :    272.0541    259.2273    232.2367
		lb :    266.9459    254.7727    227.7633
		P^-1: 
			    0.4444    0.0000    0.0000
			    0.0000    0.4444    -0.0000
			    0.0000    -0.0000    0.4444
	==================================================================================
	Q2:
		Shape: Polyhedra
		q_c:    274.5000    256.0000    230.0000
		ub :    276.8351    258.3225    232.4804
		lb :    272.1649    253.6775    227.5196
		A:
			    -0.1258    0.9266    0.3544
			    0.0158    0.5682    0.8228
			    -0.4153    -0.8950    0.1630
			    0.7381    -0.4635    0.4904
			    -0.8997    0.1861    -0.3949
			    0.4757    0.7824    -0.4020
			    0.8170    0.3959    0.4192
			    -0.5414    0.2768    0.7939
			    0.1983    -0.8756    0.4405
			    -0.8170    -0.3959    -0.4192
			    0.5414    -0.2768    -0.7939
			    -0.1983    0.8756    -0.4405
		b:
			    285.6782
			    340.5302
			    -304.1155
			    198.2343
			    -288.6439
			    239.9185
			    423.5418
			    106.3246
			    -66.9015
			    -420.5418
			    -103.3246
			    69.9015
	==================================================================================
	Q3:
		Shape: Polyhedra
		q_c:    271.5000    258.0000    230.0000
		ub :    273.6730    260.1540    232.2973
		lb :    269.3270    255.8460    227.7027
		A:
			    -0.7036    0.2288    -0.6727
			    -0.7578    0.2483    0.6034
			    0.1756    -0.8984    0.4025
			    -0.1673    -0.4002    -0.9010
			    0.2122    0.1882    0.9589
			    0.4859    0.5422    0.6855
			    0.9304    0.1490    0.3348
			    -0.2616    -0.3700    0.8915
			    0.2567    -0.9170    -0.3053
			    -0.9304    -0.1490    -0.3348
			    0.2616    0.3700    -0.8915
			    -0.2567    0.9170    0.3053
		b:
			    -285.2468
			    -1.3932
			    -90.0484
			    -354.4030
			    328.2316
			    430.9752
			    369.5646
			    40.0718
			    -235.6011
			    -366.5646
			    -37.0718
			    238.6011
	==================================================================================
	Q4:
		Shape: Polyhedra
		q_c:    272.0000    255.5000    232.5000
		ub :    274.9673    257.9227    235.3627
		lb :    269.0327    253.0773    229.6373
		A:
			    -0.1752    0.4830    -0.8579
			    -0.0311    0.9755    -0.2178
			    0.2784    -0.6208    -0.7329
			    0.4927    0.7447    0.4502
			    -0.9614    -0.2692    0.0564
			    0.3331    -0.9199    0.2070
			    0.6404    0.3097    0.7028
			    -0.7394    0.4961    0.4552
			    -0.2077    -0.8112    0.5467
			    -0.6404    -0.3097    -0.7028
			    0.7394    -0.4961    -0.4552
			    0.2077    0.8112    -0.5467
		b:
			    -122.2993
			    191.3932
			    -251.2897
			    430.7871
			    -315.3426
			    -94.8152
			    418.7283
			    33.4456
			    -135.6352
			    -414.7283
			    -29.4456
			    137.6352
	==================================================================================
	Q5:
		Shape: Ellipse
		q_c:    270.0000    261.5000    236.0000
		ub :    272.5020    264.8283    239.4382
		lb :    267.4980    258.1717    232.5618
		P^-1: 
			    0.2477    0.0105    -0.0096
			    0.0105    0.2023    0.0437
			    -0.0096    0.0437    0.2100
	==================================================================================
	Q6:
		Shape: Polyhedra
		q_c:    268.0000    257.0000    231.5000
		ub :    269.9526    259.4877    233.0652
		lb :    266.0474    254.5123    229.9348
		A:
			    0.9275    0.2417    0.2851
			    0.8705    -0.1508    0.4686
			    0.5429    0.1374    0.8285
			    -0.4582    -0.5600    -0.6902
			    0.4840    -0.3115    -0.8177
			    -0.0546    -0.6995    -0.7125
			    0.0568    0.2920    0.9547
			    -0.9745    0.2241    -0.0106
			    -0.2170    -0.9298    0.2973
			    -0.0568    -0.2920    -0.9547
			    0.9745    -0.2241    0.0106
			    0.2170    0.9298    -0.2973
		b:
			    378.2097
			    304.4063
			    373.7625
			    -425.2333
			    -138.4710
			    -358.0947
			    312.2935
			    -204.5202
			    -226.2921
			    -310.2935
			    207.5202
			    230.2921


===========================================================================================
===========================================================================================
S10:
	q_c:    324.0000    420.0000    397.0000
	ub :    337.0000    443.0000    421.0000
	lb :    311.0000    397.0000    373.0000

	==================================================================================
	Q1:
		Shape: Hybrid
		q_c:    332.0000    419.5000    405.5000
		ub :    334.9925    423.6395    409.7788
		lb :    329.0075    415.3605    401.2212
		P^-1: 
			    0.6135    0.3420    0.2462
			    0.3420    0.3579    0.2232
			    0.2462    0.2232    0.2702
		A:
			    -0.9338    -0.2633    -0.2422
			    -0.7221    -0.5811    -0.3753
			    -0.4103    -0.6069    -0.6806
			    0.7942    -0.2710    -0.5439
			    0.3653    0.7763    0.5137
			    0.7550    0.3972    0.5217
		b:
			    -517.8195
			    -635.1819
			    -665.9390
			    -68.6079
			    656.2388
			    629.5052
	==================================================================================
	Q2:
		Shape: Ellipse
		q_c:    333.5000    419.5000    408.5000
		ub :    341.1858    425.8518    415.9027
		lb :    325.8142    413.1482    401.0973
		P^-1: 
			    0.0494    -0.0000    0.0000
			    -0.0000    0.0494    -0.0000
			    0.0000    -0.0000    0.0494
	==================================================================================
	Q3:
		Shape: Polyhedra
		q_c:    333.0000    430.5000    396.0000
		ub :    338.6017    437.0936    402.6286
		lb :    327.3983    423.9064    389.3714
		A:
			    0.8306    0.5077    -0.2289
			    -0.6202    -0.5078    -0.5980
			    -0.7466    -0.3466    -0.5679
			    0.9852    -0.0134    0.1708
			    -0.2665    0.8927    0.3635
			    -0.8607    -0.0401    0.5076
			    0.7530    0.6317    0.1841
			    0.2840    -0.5644    0.7751
			    0.5935    -0.5314    -0.6044
			    -0.7530    -0.6317    -0.1841
			    -0.2840    0.5644    -0.7751
			    -0.5935    0.5314    0.6044
		b:
			    407.6868
			    -658.4929
			    -619.0392
			    393.5173
			    442.7679
			    -99.7554
			    598.6074
			    164.0209
			    -267.4776
			    -592.6074
			    -153.0209
			    273.4776
	==================================================================================
	Q4:
		Shape: Ellipse
		q_c:    327.0000    410.5000    392.5000
		ub :    334.8745    416.2371    400.2602
		lb :    319.1255    404.7629    384.7398
		P^-1: 
			    0.0428    0.0072    -0.0063
			    0.0072    0.0588    0.0066
			    -0.0063    0.0066    0.0434
	==================================================================================
	Q5:
		Shape: Hybrid
		q_c:    334.0000    416.5000    389.5000
		ub :    339.0558    421.6548    395.2262
		lb :    328.9442    411.3452    383.7738
		P^-1: 
			    0.1064    0.0263    0.0049
			    0.0263    0.1047    -0.0485
			    0.0049    -0.0485    0.1095
		A:
			    0.7655    0.6271    -0.1442
			    -0.5055    0.1898    -0.8417
			    -0.6425    -0.7613    -0.0879
			    0.0579    0.1839    -0.9812
			    -0.4720    -0.1080    -0.8750
			    0.9684    0.2217    -0.1145
		b:
			    462.1743
			    -415.9448
			    -564.0969
			    -284.3473
			    -541.4017
			    372.9236
	==================================================================================
	Q6:
		Shape: Ellipse
		q_c:    333.0000    424.0000    412.5000
		ub :    340.0377    430.8372    418.6016
		lb :    325.9623    417.1628    406.3984
		P^-1: 
			    0.0630    0.0137    -0.0055
			    0.0137    0.0495    -0.0096
			    -0.0055    -0.0096    0.0716


===========================================================================================
===========================================================================================
