3D_50_12_6_f                l = 3

===========================================================================================
===========================================================================================
S1:
	q_c:	508.0	44.5	400.0
	ub :	525.6386	79.5501	435.4842
	lb :	478.2532	5.6592	382.3082

	==================================================================================
	Q1:
		Shape: Polyhedra
		q_c:	497.0	23.5	397.0
		ub :	515.7468	41.3408	411.6918
		lb :	478.2532	5.6592	382.3082
		A:
			0.3425	-0.8517	0.3966
			-0.0216	0.8102	-0.5858
			-0.1021	0.9796	-0.1728
			-0.2348	-0.5064	-0.8297
			-0.9363	0.1119	0.3328
			0.5488	-0.4831	-0.6822
			0.676	0.7316	0.0881
			0.6778	-0.6643	0.3153
			0.2892	-0.1534	-0.9449
			-0.676	-0.7316	-0.0881
			-0.6778	0.6643	-0.3153
			-0.2892	0.1534	0.9449
		b:
			318.1407
			-213.1761
			-85.0396
			-446.2511
			-319.3572
			1.3418
			401.1569
			456.3954
			-224.0227
			-375.1569
			-436.3954
			246.0227
	==================================================================================
	Q2:
		Shape: Hybrid
		q_c:	495.0	65.0	406.0
		ub :	511.6806	79.5501	423.5037
		lb :	478.3194	50.4499	388.4963
		P^-1:
			0.0135	-0.0068	0.004
			-0.0068	0.0159	-0.0037
			0.004	-0.0037	0.0095
		A:
			-0.0948	0.9748	-0.2019
			-0.6859	0.7005	0.1971
			0.0558	-0.3181	-0.9464
			-0.3359	-0.9178	0.2117
			0.5599	-0.8132	-0.159
			-0.1558	0.7947	-0.5866
		b:
			-60.3928
			-208.8845
			-369.1423
			-132.8311
			164.5291
			-258.6764
	==================================================================================
	Q3:
		Shape: Polyhedra
		q_c:	511.5	30.5	405.0
		ub :	521.1569	40.5808	414.107
		lb :	501.8431	20.4192	395.893
		A:
			0.4145	0.0199	-0.9099
			-0.0661	-0.8762	0.4774
			0.0947	-0.9574	0.2728
			0.666	-0.3566	0.6552
			0.5891	-0.7542	-0.2901
			0.7634	-0.3966	-0.5098
			0.143	0.648	0.7481
			0.1629	0.7301	-0.6636
			-0.9762	0.2168	-0.0012
			-0.143	-0.648	-0.7481
			-0.1629	-0.7301	0.6636
			0.9762	-0.2168	0.0012
		b:
			-148.9699
			136.491
			134.9244
			602.0788
			169.1833
			180.2818
			405.3713
			-160.1574
			-485.2069
			-386.3713
			166.1574
			501.2069
	==================================================================================
	Q4:
		Shape: Polyhedra
		q_c:	499.0	41.5	419.0
		ub :	503.5341	49.9973	426.6283
		lb :	494.4659	33.0027	411.3717
		A:
			0.4702	0.7753	0.4218
			0.841	-0.2389	0.4855
			0.9542	0.2979	-0.0279
			0.468	0.5378	0.7013
			0.6118	0.2285	0.7573
			-0.9727	0.0637	0.2233
			0.9329	0.2557	0.2537
			0.146	-0.9123	0.3827
			0.3293	-0.32	-0.8883
			-0.9329	-0.2557	-0.2537
			-0.146	0.9123	-0.3827
			-0.3293	0.32	0.8883
		b:
			447.8606
			617.2106
			479.3114
			553.3762
			635.4706
			-385.8781
			584.425
			202.3392
			-216.1515
			-580.425
			-188.3392
			226.1515
	==================================================================================
	Q5:
		Shape: Hybrid
		q_c:	516.0	51.5	412.0
		ub :	525.6386	61.4243	422.0751
		lb :	506.3614	41.5757	401.9249
		P^-1:
			0.0436	-0.0201	0.0034
			-0.0201	0.0358	-0.0101
			0.0034	-0.0101	0.0266
		A:
			-0.2549	-0.9004	0.3525
			0.9009	-0.396	-0.1779
			-0.9472	0.2983	0.1173
			0.3239	-0.5233	0.7882
			-0.2617	0.7144	-0.6489
			0.6432	-0.7588	0.1025
		b:
			-28.2514
			373.7643
			-422.3628
			467.9379
			-362.8199
			337.2644
	==================================================================================
	Q6:
		Shape: Polyhedra
		q_c:	510.0	52.0	420.5
		ub :	522.9115	69.4247	435.4842
		lb :	497.0885	34.5753	405.5158
		A:
			0.7584	-0.2831	-0.5871
			0.7872	0.0428	-0.6152
			-0.7532	0.2633	0.6028
			0.7789	0.0022	-0.6271
			0.9292	-0.0606	-0.3645
			0.7099	0.098	-0.6974
			0.5583	0.7093	0.4304
			0.7458	-0.2019	-0.6348
			-0.3634	0.6754	-0.6417
			-0.5583	-0.7093	-0.4304
			-0.7458	0.2019	0.6348
			0.3634	-0.6754	0.6417
		b:
			127.9583
			148.8193
			-114.2805
			137.138
			322.1279
			78.4711
			513.6022
			105.4262
			-406.5255
			-491.6022
			-100.4262
			433.5255


===========================================================================================
===========================================================================================
S2:
	q_c:	451.0	138.0	276.5
	ub :	474.7673	158.7138	297.5005
	lb :	423.7794	112.8893	258.6575

	==================================================================================
	Q1:
		Shape: Ellipse
		q_c:	434.0	128.0	268.0
		ub :	444.2206	136.4712	277.3425
		lb :	423.7794	119.5288	258.6575
		P^-1:
			0.0302	-0.011	-0.0027
			-0.011	0.043	-0.0027
			-0.0027	-0.0027	0.0244
	==================================================================================
	Q2:
		Shape: Polyhedra
		q_c:	436.5	123.5	270.5
		ub :	448.4309	134.1107	279.216
		lb :	424.5691	112.8893	261.784
		A:
			-0.1006	-0.5377	0.8371
			0.1063	0.9931	-0.0501
			-0.0626	0.148	0.987
			-0.0663	-0.706	0.7051
			0.7173	-0.1312	-0.6843
			0.8651	0.1188	-0.4874
			0.5815	0.7592	0.2923
			0.7137	-0.6485	0.2646
			0.3904	0.0548	-0.919
			-0.5815	-0.7592	-0.2923
			-0.7137	0.6485	-0.2646
			-0.3904	-0.0548	0.919
		b:
			122.5437
			162.573
			263.1138
			81.5605
			117.8238
			266.5278
			432.1624
			312.5098
			-66.4074
			-421.1624
			-293.5098
			76.4074
	==================================================================================
	Q3:
		Shape: Polyhedra
		q_c:	440.0	134.0	282.5
		ub :	449.9829	146.1279	288.9508
		lb :	430.0171	121.8721	276.0492
		A:
			-0.7676	-0.3295	0.5497
			-0.7038	0.2453	-0.6667
			-0.172	0.0631	-0.9831
			0.2516	-0.6338	0.7315
			0.2181	0.6766	-0.7033
			0.2416	-0.3069	0.9206
			0.429	0.899	0.0874
			-0.0567	0.1233	-0.9907
			-0.9015	0.4201	0.1039
			-0.429	-0.899	-0.0874
			0.0567	-0.1233	0.9907
			0.9015	-0.4201	-0.1039
		b:
			-219.2764
			-459.5332
			-339.8651
			238.6446
			-4.6078
			330.3805
			343.9339
			-283.3014
			-305.0188
			-323.9339
			293.3014
			317.0188
	==================================================================================
	Q4:
		Shape: Polyhedra
		q_c:	451.0	142.0	268.5
		ub :	458.5049	151.6034	277.3259
		lb :	443.4951	132.3966	259.6741
		A:
			0.1199	0.6044	0.7876
			-0.5162	-0.1232	-0.8475
			0.2152	0.1535	-0.9644
			0.6833	-0.2122	-0.6986
			0.9255	-0.378	-0.0226
			-0.7221	-0.5654	-0.3985
			0.193	0.6211	0.7596
			0.9764	-0.1984	-0.0858
			0.0974	0.7582	-0.6447
			-0.193	-0.6211	-0.7596
			-0.9764	0.1984	0.0858
			-0.0974	-0.7582	0.6447
		b:
			356.3996
			-472.3402
			-133.8219
			96.3129
			363.687
			-507.5099
			384.1899
			395.1145
			-14.4996
			-374.1899
			-383.1145
			28.4996
	==================================================================================
	Q5:
		Shape: Hybrid
		q_c:	449.5	130.5	268.5
		ub :	459.8103	140.4295	277.147
		lb :	439.1897	120.5705	259.853
		P^-1:
			0.0277	0.0039	0.0014
			0.0039	0.0276	0.002
			0.0014	0.002	0.0292
		A:
			-0.8234	0.218	0.5239
			0.1555	0.4598	0.8743
			0.7318	0.6509	0.202
			0.9019	0.4036	-0.1539
			0.3856	-0.856	0.3444
			0.7441	-0.1666	0.647
		b:
			-197.5144
			367.578
			470.943
			419.8153
			157.7848
			489.7199
	==================================================================================
	Q6:
		Shape: Ellipse
		q_c:	464.0	148.5	287.0
		ub :	474.7673	158.7138	297.5005
		lb :	453.2327	138.2862	276.4995
		P^-1:
			0.0254	0.0005	0.002
			0.0005	0.0238	0.0006
			0.002	0.0006	0.0259


===========================================================================================
===========================================================================================
S3:
	q_c:	272.0	343.5	197.5
	ub :	292.6251	356.7721	218.538
	lb :	255.2394	322.9123	187.4875

	==================================================================================
	Q1:
		Shape: Ellipse
		q_c:	284.5	339.5	199.5
		ub :	292.6251	346.4076	205.6878
		lb :	276.3749	332.5924	193.3122
		P^-1:
			0.0546	-0.0371	0.0199
			-0.0371	0.0865	0.0106
			0.0199	0.0106	0.072
	==================================================================================
	Q2:
		Shape: Polyhedra
		q_c:	275.5	340.5	208.0
		ub :	283.0501	351.2797	218.538
		lb :	267.9499	329.7203	197.462
		A:
			-0.7252	0.0033	-0.6885
			0.4732	0.5918	-0.6526
			0.1985	0.9665	-0.1629
			0.6782	0.538	-0.5006
			-0.2561	-0.3395	0.9051
			0.3251	0.9456	-0.0061
			0.23	0.852	0.4703
			-0.0695	0.4964	-0.8653
			-0.9707	0.1663	0.1734
			-0.23	-0.852	-0.4703
			0.0695	-0.4964	0.8653
			0.9707	-0.1663	-0.1734
		b:
			-335.2238
			202.8957
			357.2049
			272.3771
			8.9444
			417.6575
			458.7924
			-23.0973
			-169.2392
			-443.7924
			37.0973
			180.2392
	==================================================================================
	Q3:
		Shape: Ellipse
		q_c:	263.5	332.0	209.0
		ub :	271.7606	341.0877	218.3593
		lb :	255.2394	322.9123	199.6407
		P^-1:
			0.0385	-0.0082	-0.0016
			-0.0082	0.0392	0.0079
			-0.0016	0.0079	0.0283
	==================================================================================
	Q4:
		Shape: Ellipse
		q_c:	268.5	350.0	195.0
		ub :	274.7737	355.3987	202.5125
		lb :	262.2263	344.6013	187.4875
		P^-1:
			0.1063	0.0426	0.0219
			0.0426	0.1254	-0.007
			0.0219	-0.007	0.0337
	==================================================================================
	Q5:
		Shape: Ellipse
		q_c:	265.5	351.5	200.5
		ub :	269.3027	356.7721	202.8925
		lb :	261.6973	346.2279	198.1075
		P^-1:
			0.3519	0.1684	0.0203
			0.1684	0.1317	-0.0021
			0.0203	-0.0021	0.2508
	==================================================================================
	Q6:
		Shape: Hybrid
		q_c:	283.0	345.5	198.0
		ub :	291.6257	354.7028	206.8277
		lb :	274.3743	336.2972	189.1723
		P^-1:
			0.0318	-0.0111	-0.0088
			-0.0111	0.0397	-0.0013
			-0.0088	-0.0013	0.0383
		A:
			-0.8217	0.4584	-0.3386
			0.0996	-0.3674	-0.9247
			-0.2022	-0.1975	-0.9592
			-0.3574	0.8843	0.3005
			0.2943	-0.8841	0.363
			0.6501	-0.0894	-0.7546
		b:
			-137.9194
			-278.7895
			-311.7554
			266.3771
			-147.7104
			6.1986


===========================================================================================
===========================================================================================
S4:
	q_c:	203.0	277.5	58.5
	ub :	208.7108	281.2574	65.3819
	lb :	196.1346	271.9791	52.5534

	==================================================================================
	Q1:
		Shape: Hybrid
		q_c:	199.5	275.0	59.5
		ub :	202.8654	278.0209	63.0961
		lb :	196.1346	271.9791	55.9039
		P^-1:
			0.221	0.0007	-0.0421
			0.0007	0.16	-0.0005
			-0.0421	-0.0005	0.189
		A:
			-0.2429	0.3412	-0.9081
			-0.1855	0.4958	-0.8484
			-0.8972	-0.3785	-0.2276
			0.2759	0.5721	-0.7724
			-0.9874	0.0363	-0.1543
			0.1792	-0.5832	-0.7923
		b:
			-7.2022
			50.2933
			-295.2846
			167.7129
			-194.9219
			-170.417
	==================================================================================
	Q2:
		Shape: Polyhedra
		q_c:	200.5	275.0	62.0
		ub :	202.5206	277.8139	65.1409
		lb :	198.4794	272.1861	58.8591
		A:
			0.7274	-0.4023	-0.5559
			0.7993	-0.5748	-0.1754
			-0.1327	0.2278	-0.9646
			-0.8362	-0.1791	-0.5184
			-0.7413	-0.2233	-0.6329
			0.5455	0.5245	-0.6537
			0.1768	0.7899	0.5872
			-0.1157	0.6092	-0.7846
			-0.9774	0.0708	0.1991
			-0.1768	-0.7899	-0.5872
			0.1157	-0.6092	0.7846
			0.9774	-0.0708	-0.1991
		b:
			2.251
			-7.0638
			-21.4029
			-247.3451
			-247.5501
			215.2479
			290.5728
			98.1829
			-162.6674
			-287.5728
			-93.1829
			165.6674
	==================================================================================
	Q3:
		Shape: Ellipse
		q_c:	206.0	278.5	62.5
		ub :	208.7108	281.1698	65.3819
		lb :	203.2892	275.8302	59.6181
		P^-1:
			0.6221	-0.3724	0.0441
			-0.3724	0.6227	-0.0441
			0.0441	-0.0441	0.2552
	==================================================================================
	Q4:
		Shape: Polyhedra
		q_c:	202.0	278.0	56.0
		ub :	205.4426	280.5819	59.4466
		lb :	198.5574	275.4181	52.5534
		A:
			-0.1146	-0.1279	0.9852
			0.6237	0.6456	-0.4407
			0.3563	-0.8741	-0.3301
			-0.2222	0.6104	0.7603
			0.4011	-0.911	-0.0963
			-0.9269	0.3708	-0.0578
			0.4692	0.5932	0.6542
			-0.266	0.8013	-0.5359
			-0.8421	0.0774	0.5338
			-0.4692	-0.5932	-0.6542
			0.266	-0.8013	0.5359
			0.8421	-0.0774	-0.5338
		b:
			-1.464
			282.904
			-187.5188
			169.5968
			-175.7873
			-85.2124
			298.3312
			140.5116
			-116.1911
			-294.3312
			-137.5116
			121.1911
	==================================================================================
	Q5:
		Shape: Hybrid
		q_c:	201.0	278.5	59.0
		ub :	202.6376	281.2574	61.4134
		lb :	199.3624	275.7426	56.5866
		P^-1:
			0.9862	-0.0928	0.053
			-0.0928	0.3769	0.3557
			0.053	0.3557	0.7969
		A:
			0.2631	0.4528	-0.8519
			0.966	-0.2514	0.0605
			0.375	0.2704	0.8867
			-0.5417	0.8373	0.0738
			0.3577	0.039	0.933
			-0.9109	-0.3697	-0.1829
		b:
			130.3962
			128.2591
			203.5591
			129.8935
			138.6193
			-296.0918
	==================================================================================
	Q6:
		Shape: Ellipse
		q_c:	206.0	278.5	60.5
		ub :	208.3879	280.7689	62.6405
		lb :	203.6121	276.2311	58.3595
		P^-1:
			0.2873	0.0653	-0.1493
			0.0653	0.3643	-0.2616
			-0.1493	-0.2616	0.8484


===========================================================================================
===========================================================================================
S5:
	q_c:	473.0	326.0	174.5
	ub :	492.0091	348.6245	186.468
	lb :	463.4874	311.68	160.6536

	==================================================================================
	Q1:
		Shape: Hybrid
		q_c:	467.0	318.0	179.0
		ub :	469.741	322.039	181.8986
		lb :	464.259	313.961	176.1014
		P^-1:
			0.2464	0.0238	0.0044
			0.0238	0.0907	-0.0297
			0.0044	-0.0297	0.2445
		A:
			-0.3801	0.5483	-0.7449
			0.5602	-0.1472	0.8152
			0.4539	-0.0609	-0.889
			-0.7085	-0.4944	0.5036
			-0.8108	-0.2843	0.5116
			-0.8455	0.2931	0.4463
		b:
			-135.0941
			361.7239
			34.6659
			-396.7628
			-376.4992
			-220.3203
	==================================================================================
	Q2:
		Shape: Polyhedra
		q_c:	472.5	322.0	181.0
		ub :	478.4129	328.2446	186.468
		lb :	466.5871	315.7554	175.532
		A:
			0.5508	0.8061	-0.2166
			0.3637	-0.4395	-0.8213
			0.9084	-0.0293	-0.4171
			-0.9914	-0.1258	-0.0374
			-0.7425	-0.1458	0.6538
			0.4783	0.284	-0.831
			0.6109	0.5121	0.6038
			0.4191	-0.8562	0.3021
			0.6717	0.0685	-0.7377
			-0.6109	-0.5121	-0.6038
			-0.4191	0.8562	-0.3021
			-0.6717	-0.0685	0.7377
		b:
			484.2992
			-115.2811
			347.147
			-512.3664
			-276.8905
			169.8622
			566.3221
			-17.9751
			208.424
			-559.3221
			27.9751
			-203.424
	==================================================================================
	Q3:
		Shape: Ellipse
		q_c:	473.0	328.0	169.0
		ub :	478.0426	336.1831	177.3464
		lb :	467.9574	319.8169	160.6536
		P^-1:
			0.11	-0.0069	0.0075
			-0.0069	0.0685	0.046
			0.0075	0.046	0.0615
	==================================================================================
	Q4:
		Shape: Polyhedra
		q_c:	475.5	325.0	176.0
		ub :	482.6681	330.1341	183.1299
		lb :	468.3319	319.8659	168.8701
		A:
			0.1722	-0.815	-0.5532
			0.3017	-0.9343	-0.1901
			0.2037	-0.6192	-0.7584
			0.7185	-0.6807	-0.1431
			0.5887	-0.0429	0.8072
			0.693	-0.693	-0.1987
			0.5959	0.1255	0.7932
			-0.4868	0.842	0.2325
			-0.6388	-0.5246	0.5628
			-0.5959	-0.1255	-0.7932
			0.4868	-0.842	-0.2325
			0.6388	0.5246	-0.5628
		b:
			-277.7021
			-191.4074
			-234.5989
			97.6135
			412.5343
			71.6553
			468.2177
			85.1229
			-369.677
			-459.2177
			-81.1229
			380.677
	==================================================================================
	Q5:
		Shape: Hybrid
		q_c:	485.0	339.0	175.5
		ub :	492.0091	348.6245	184.925
		lb :	477.9909	329.3755	166.075
		P^-1:
			0.0884	0.0179	0.0346
			0.0179	0.0281	0.0053
			0.0346	0.0053	0.0427
		A:
			-0.5293	-0.7078	-0.4679
			0.6985	0.0103	0.7155
			-0.016	-0.9998	0.0099
			0.9397	-0.1262	0.3179
			-0.9248	-0.3681	0.0959
			-0.6265	0.5183	-0.5821
		b:
			-575.6653
			469.9123
			-340.0625
			471.0397
			-553.7769
			-226.8909
	==================================================================================
	Q6:
		Shape: Ellipse
		q_c:	471.0	319.0	173.5
		ub :	478.5126	326.32	179.457
		lb :	463.4874	311.68	167.543
		P^-1:
			0.0546	0.0107	-0.0009
			0.0107	0.048	0.0013
			-0.0009	0.0013	0.0624


===========================================================================================
===========================================================================================
S6:
	q_c:	426.0	33.5	140.5
	ub :	448.5722	60.5196	152.8763
	lb :	412.2071	10.8491	123.691

	==================================================================================
	Q1:
		Shape: Hybrid
		q_c:	420.5	48.5	141.0
		ub :	425.5854	57.7737	146.2049
		lb :	415.4146	39.2263	135.7951
		P^-1:
			0.1133	-0.0135	0.0188
			-0.0135	0.0239	0.0302
			0.0188	0.0302	0.1477
		A:
			0.8218	-0.1029	0.5604
			0.9217	0.2272	0.3142
			0.8164	-0.2323	-0.5288
			0.8146	-0.3291	-0.4776
			-0.7601	0.2929	0.5801
			-0.3418	-0.792	-0.5058
		b:
			421.1501
			445.3732
			259.2008
			260.9862
			-221.9092
			-248.553
	==================================================================================
	Q2:
		Shape: Hybrid
		q_c:	424.5	51.0	140.0
		ub :	433.3138	60.5196	147.0473
		lb :	415.6862	41.4804	132.9527
		P^-1:
			0.0284	0.005	0.0001
			0.005	0.0306	-0.0064
			0.0001	-0.0064	0.0471
		A:
			0.2135	0.3855	0.8977
			-0.2936	-0.1054	-0.9501
			0.6068	0.2995	-0.7363
			0.5669	0.7044	0.4271
			0.9227	0.2296	0.3097
			-0.4643	0.5384	-0.7032
		b:
			238.8393
			-260.4463
			172.5316
			339.6281
			450.1937
			-265.0872
	==================================================================================
	Q3:
		Shape: Hybrid
		q_c:	433.0	20.0	134.5
		ub :	440.8034	26.7521	141.9148
		lb :	425.1966	13.2479	127.0852
		P^-1:
			0.0503	-0.009	-0.0008
			-0.009	0.0538	-0.0061
			-0.0008	-0.0061	0.0479
		A:
			-0.6596	-0.7049	0.261
			0.6573	-0.7093	-0.2546
			-0.0619	-0.7075	-0.704
			-0.6345	0.3511	-0.6885
			-0.0404	0.5807	-0.8131
			-0.1836	0.8599	0.4762
		b:
			-261.8791
			238.3721
			-132.7928
			-358.0289
			-112.9933
			4.2951
	==================================================================================
	Q4:
		Shape: Polyhedra
		q_c:	434.0	27.0	135.5
		ub :	441.8302	35.9672	145.1943
		lb :	426.1698	18.0328	125.8057
		A:
			0.0779	0.8621	-0.5007
			0.691	-0.7224	0.0254
			0.5414	-0.5786	-0.61
			0.5846	-0.7591	-0.2863
			-0.2058	0.4733	-0.8565
			-0.986	0.154	-0.0641
			0.4796	0.8723	0.0955
			0.8755	-0.483	0.0151
			0.0593	0.0764	-0.9953
			-0.4796	-0.8723	-0.0955
			-0.8755	0.483	-0.0151
			-0.0593	-0.0764	0.9953
		b:
			-3.2853
			288.6137
			143.3672
			199.8171
			-184.3074
			-427.5767
			251.6305
			373.465
			-98.0793
			-237.6305
			-364.465
			116.0793
	==================================================================================
	Q5:
		Shape: Polyhedra
		q_c:	438.5	35.5	132.5
		ub :	448.5722	43.3744	141.309
		lb :	428.4278	27.6256	123.691
		A:
			-0.2572	-0.9644	0.0611
			0.0135	-0.6529	-0.7573
			-0.0177	0.298	-0.9544
			0.2734	-0.2554	0.9274
			-0.6881	0.3874	0.6136
			-0.9382	-0.3462	0.0021
			0.081	0.7068	0.7028
			-0.1523	0.7056	-0.692
			-0.985	-0.051	0.1648
			-0.081	-0.7068	-0.7028
			0.1523	-0.7056	0.692
			0.985	0.051	-0.1648
		b:
			-133.1832
			-112.0688
			-118.381
			238.8782
			-198.9691
			-414.7238
			159.2291
			-128.4474
			-402.8955
			-148.2291
			138.4474
			420.8955
	==================================================================================
	Q6:
		Shape: Polyhedra
		q_c:	418.5	18.0	147.0
		ub :	424.7929	25.1509	152.8763
		lb :	412.2071	10.8491	141.1237
		A:
			0.5362	0.034	0.8434
			-0.3785	0.6108	0.6954
			0.237	-0.2889	-0.9275
			0.5161	0.5219	0.6792
			-0.1345	0.1706	0.9761
			-0.6223	0.1927	-0.7587
			0.0846	0.4729	0.8771
			-0.0965	0.88	-0.4651
			-0.9917	-0.0453	0.12
			-0.0846	-0.4729	-0.8771
			0.0965	-0.88	0.4651
			0.9917	0.0453	-0.12
		b:
			353.0899
			-41.5916
			-39.2243
			328.6012
			93.5355
			-363.4918
			175.332
			-86.4023
			-392.7129
			-170.332
			99.4023
			403.7129


===========================================================================================
===========================================================================================
S7:
	q_c:	360.5	370.5	135.5
	ub :	379.8105	383.8813	149.1531
	lb :	345.7615	354.5261	118.2308

	==================================================================================
	Q1:
		Shape: Polyhedra
		q_c:	373.5	377.5	134.0
		ub :	379.8105	383.8813	138.2551
		lb :	367.1895	371.1187	129.7449
		A:
			-0.5672	0.6147	0.5481
			0.1839	0.2418	0.9527
			0.7679	0.4099	-0.4922
			0.7139	-0.3787	-0.589
			0.9098	-0.1849	-0.3717
			-0.351	0.2965	0.8882
			0.6803	0.7309	0.055
			0.5857	-0.5872	0.5588
			0.4407	-0.3479	-0.8275
			-0.6803	-0.7309	-0.055
			-0.5857	0.5872	-0.5588
			-0.4407	0.3479	0.8275
		b:
			96.0434
			290.7356
			378.9187
			46.9564
			223.271
			101.4506
			541.3658
			76.9541
			-76.1216
			-533.3658
			-66.9541
			79.1216
	==================================================================================
	Q2:
		Shape: Hybrid
		q_c:	363.0	373.5	132.5
		ub :	367.9677	376.3642	137.8291
		lb :	358.0323	370.6358	127.1709
		P^-1:
			0.0809	-0.0198	0.0036
			-0.0198	0.2428	0.03
			0.0036	0.03	0.0704
		A:
			-0.4892	0.8706	-0.0532
			-0.0389	0.9978	-0.0545
			0.7348	0.6599	-0.1568
			-0.4664	0.8639	-0.1902
			-0.2296	0.937	-0.2632
			0.0483	-0.9972	-0.0565
		b:
			141.9087
			352.4686
			494.7481
			129.6068
			233.2099
			-361.3713
	==================================================================================
	Q3:
		Shape: Hybrid
		q_c:	371.5	359.5	144.0
		ub :	377.66	364.4739	148.2924
		lb :	365.34	354.5261	139.7076
		P^-1:
			0.0355	0.0132	0.0028
			0.0132	0.1088	-0.0005
			0.0028	-0.0005	0.111
		A:
			0.1775	-0.9479	-0.2645
			-0.5487	0.4268	-0.7188
			0.0465	-0.0992	-0.994
			0.1765	-0.7364	0.6531
			-0.2595	0.8521	-0.4545
			-0.4029	0.6144	-0.6784
		b:
			-311.0157
			-151.3915
			-159.9645
			-103.3296
			146.4716
			-24.2927
	==================================================================================
	Q4:
		Shape: Polyhedra
		q_c:	363.0	366.5	123.5
		ub :	370.1756	373.7437	128.7692
		lb :	355.8244	359.2563	118.2308
		A:
			-0.2859	-0.5316	0.7973
			-0.225	0.7011	-0.6767
			-0.8931	-0.3008	-0.3343
			0.2896	-0.4774	-0.8296
			0.0211	0.54	-0.8414
			0.5036	0.101	0.858
			0.2161	0.9621	0.1662
			0.9758	-0.2071	-0.0701
			-0.033	0.1774	-0.9836
			-0.2161	-0.9621	-0.1662
			-0.9758	0.2071	0.0701
			0.033	-0.1774	0.9836
		b:
			-195.6837
			96.3685
			-470.0598
			-167.3931
			105.9032
			330.3825
			457.0989
			275.6606
			-64.4477
			-446.0989
			-263.6606
			72.4477
	==================================================================================
	Q5:
		Shape: Ellipse
		q_c:	353.0	364.5	129.5
		ub :	360.2385	372.0643	135.4556
		lb :	345.7615	356.9357	123.5444
		P^-1:
			0.0565	0.01	-0.0051
			0.01	0.0313	-0.0012
			-0.0051	-0.0012	0.052
	==================================================================================
	Q6:
		Shape: Polyhedra
		q_c:	360.5	366.0	144.5
		ub :	364.2011	370.1747	149.1531
		lb :	356.7989	361.8253	139.8469
		A:
			0.8048	0.088	0.587
			-0.7188	-0.1373	0.6815
			0.834	0.0566	0.5488
			-0.908	0.0181	-0.4186
			0.8952	-0.2137	0.391
			0.744	0.4743	0.4706
			0.8305	0.1325	0.5411
			-0.5478	0.0174	0.8365
			0.1014	-0.991	0.087
			-0.8305	-0.1325	-0.5411
			0.5478	-0.0174	-0.8365
			-0.1014	0.991	-0.087
		b:
			408.1787
			-206.5321
			401.743
			-379.8671
			302.7961
			511.5138
			427.0618
			-65.7465
			-309.5813
			-425.0618
			74.7465
			317.5813


===========================================================================================
===========================================================================================
S8:
	q_c:	306.0	432.5	49.0
	ub :	325.0151	460.5253	66.9955
	lb :	283.1234	405.4559	27.2966

	==================================================================================
	Q1:
		Shape: Polyhedra
		q_c:	297.0	447.0	36.5
		ub :	309.38	460.5253	45.7034
		lb :	284.62	433.4747	27.2966
		A:
			-0.6391	0.3927	0.6613
			0.9421	0.1928	-0.2743
			0.7324	0.4362	-0.5228
			0.4424	0.4637	-0.7676
			0.0791	-0.3799	0.9216
			0.6907	-0.6431	-0.3307
			0.4696	0.8027	0.3676
			0.8503	-0.5233	0.0562
			0.2375	0.2862	-0.9283
			-0.4696	-0.8027	-0.3676
			-0.8503	0.5233	-0.0562
			-0.2375	-0.2862	0.9283
		b:
			16.7755
			363.6981
			400.5752
			316.7372
			-106.9334
			-86.7287
			521.6973
			28.1971
			170.0835
			-501.6973
			-13.1971
			-159.0835
	==================================================================================
	Q2:
		Shape: Polyhedra
		q_c:	294.5	416.5	40.0
		ub :	305.8766	427.5441	50.8747
		lb :	283.1234	405.4559	29.1253
		A:
			-0.2722	0.7395	-0.6157
			0.7948	-0.0881	-0.6005
			0.2529	-0.3025	-0.919
			-0.4916	0.799	0.3462
			0.4846	0.6643	-0.5691
			-0.6586	0.7471	0.0905
			0.7998	0.443	0.4051
			0.1442	-0.7968	0.5868
			0.5827	-0.4109	-0.7011
			-0.7998	-0.443	-0.4051
			-0.1442	0.7968	-0.5868
			-0.5827	0.4109	0.7011
		b:
			209.2884
			179.1183
			-82.6224
			207.1999
			403.3596
			126.4116
			445.7595
			-259.9338
			-22.5569
			-426.7595
			271.9338
			32.5569
	==================================================================================
	Q3:
		Shape: Hybrid
		q_c:	318.0	441.5	49.0
		ub :	325.0151	448.1338	56.1203
		lb :	310.9849	434.8662	41.8797
		P^-1:
			0.0469	0.0018	0.0102
			0.0018	0.0405	0.0026
			0.0102	0.0026	0.0552
		A:
			-0.8093	0.0759	-0.5825
			0.5105	-0.7351	0.4461
			0.8021	0.4236	0.4211
			0.9438	-0.2509	-0.2151
			-0.8822	0.3751	-0.2846
			0.1005	0.0595	-0.9932
		b:
			-250.1956
			-137.6068
			464.9884
			181.7306
			-126.3062
			12.0439
	==================================================================================
	Q4:
		Shape: Ellipse
		q_c:	293.0	435.5	58.0
		ub :	302.6716	440.7797	66.9955
		lb :	283.3284	430.2203	49.0045
		P^-1:
			0.0342	-0.1044	0.0497
			-0.1044	0.808	-0.3746
			0.0497	-0.3746	0.1986
	==================================================================================
	Q5:
		Shape: Polyhedra
		q_c:	318.0	438.5	47.5
		ub :	324.2609	449.5167	56.0436
		lb :	311.7391	427.4833	38.9564
		A:
			0.0987	-0.8446	0.5263
			0.5916	-0.3625	0.7201
			-0.1825	0.6322	-0.753
			0.2129	-0.7214	0.659
			0.1656	0.1119	-0.9798
			-0.1835	0.8092	-0.5582
			0.0653	0.8603	0.5055
			0.0305	0.5047	-0.8628
			-0.9974	0.0718	0.0067
			-0.0653	-0.8603	-0.5055
			-0.0305	-0.5047	0.8628
			0.9974	-0.0718	-0.0067
		b:
			-308.1541
			68.0494
			187.7182
			-212.4865
			60.5883
			275.452
			432.0372
			194.0127
			-279.881
			-412.0372
			-186.0127
			290.881
	==================================================================================
	Q6:
		Shape: Hybrid
		q_c:	311.5	433.5	47.0
		ub :	318.7116	443.6129	57.0372
		lb :	304.2884	423.3871	36.9628
		P^-1:
			0.1721	-0.0997	-0.026
			-0.0997	0.0939	0.0417
			-0.026	0.0417	0.0434
		A:
			-0.6547	-0.6138	-0.4411
			0.0732	-0.7916	-0.6066
			-0.8309	0.5246	0.1856
			0.4856	-0.8315	-0.27
			-0.2806	0.1615	-0.9461
			-0.8923	0.3922	-0.2235
		b:
			-486.1352
			-345.897
			-21.6642
			-219.4233
			-55.8156
			-116.5278


===========================================================================================
===========================================================================================
S9:
	q_c:	513.0	339.0	239.5
	ub :	520.4626	347.6591	248.3008
	lb :	506.3053	332.1592	230.842

	==================================================================================
	Q1:
		Shape: Hybrid
		q_c:	509.5	336.5	239.5
		ub :	512.4713	339.4234	241.5343
		lb :	506.5287	333.5766	237.4657
		P^-1:
			0.4311	0.309	-0.2053
			0.309	0.5206	-0.1803
			-0.2053	-0.1803	0.6527
		A:
			-0.9246	-0.2389	-0.2967
			0.4656	0.7989	0.3809
			-0.5688	-0.7778	0.2673
			0.1883	0.3729	-0.9086
			0.1284	-0.5186	-0.8453
			-0.1663	-0.6052	0.7785
		b:
			-621.1867
			598.1554
			-486.9278
			4.4751
			-310.4185
			-101.1916
	==================================================================================
	Q2:
		Shape: Ellipse
		q_c:	515.0	337.5	235.5
		ub :	520.4626	342.3878	240.158
		lb :	509.5374	332.6122	230.842
		P^-1:
			0.1124	0.0002	-0.0424
			0.0002	0.1104	0.024
			-0.0424	0.024	0.1108
	==================================================================================
	Q3:
		Shape: Ellipse
		q_c:	513.0	343.5	235.5
		ub :	516.6028	346.9563	237.9662
		lb :	509.3972	340.0437	233.0338
		P^-1:
			0.2562	-0.1584	0.0302
			-0.1584	0.2847	-0.0425
			0.0302	-0.0425	0.2646
	==================================================================================
	Q4:
		Shape: Hybrid
		q_c:	512.5	344.0	239.5
		ub :	515.6314	347.6591	242.0899
		lb :	509.3686	340.3409	236.9101
		P^-1:
			0.2525	0.0526	0.0422
			0.0526	0.141	0.0701
			0.0422	0.0701	0.4121
		A:
			-0.3985	-0.2494	0.8826
			0.0925	-0.0594	-0.9939
			0.6408	0.4315	-0.635
			-0.8658	0.2768	-0.4168
			-0.6596	0.534	0.5289
			-0.581	-0.7472	0.3227
		b:
			-77.4695
			-210.2438
			326.0988
			-446.7943
			-26.1135
			-475.8815
	==================================================================================
	Q5:
		Shape: Ellipse
		q_c:	514.5	336.0	241.5
		ub :	518.2192	339.8408	244.2849
		lb :	510.7808	332.1592	238.7151
		P^-1:
			0.2563	0.1027	0.0631
			0.1027	0.1887	0.0775
			0.0631	0.0775	0.3606
	==================================================================================
	Q6:
		Shape: Ellipse
		q_c:	509.5	337.0	246.5
		ub :	512.6947	339.5477	248.3008
		lb :	506.3053	334.4523	244.6992
		P^-1:
			0.303	0.3594	-0.0637
			0.3594	0.7876	-0.0869
			-0.0637	-0.0869	0.465


===========================================================================================
===========================================================================================
S10:
	q_c:	439.5	405.5	251.0
	ub :	446.0019	419.3011	258.7884
	lb :	427.2302	395.5822	239.2069

	==================================================================================
	Q1:
		Shape: Ellipse
		q_c:	433.0	398.0	245.0
		ub :	438.7698	400.4178	250.7931
		lb :	427.2302	395.5822	239.2069
		P^-1:
			0.46	1.1992	0.0546
			1.1992	3.5872	0.1425
			0.0546	0.1425	0.0647
	==================================================================================
	Q2:
		Shape: Polyhedra
		q_c:	443.5	403.5	251.5
		ub :	446.0019	407.0908	254.8275
		lb :	440.9981	399.9092	248.1725
		A:
			0.6084	0.2819	-0.7419
			-0.8142	-0.3143	-0.4882
			-0.0195	0.9434	0.331
			-0.2885	0.6582	0.6954
			0.5509	0.7608	0.343
			0.9713	-0.152	-0.1827
			0.4324	0.3417	0.8344
			-0.0975	0.9377	-0.3335
			-0.8964	0.0628	0.4387
			-0.4324	-0.3417	-0.8344
			0.0975	-0.9377	0.3335
			0.8964	-0.0628	-0.4387
		b:
			198.9089
			-608.7922
			457.9185
			314.5688
			639.9009
			325.0784
			541.5027
			254.2285
			-260.3737
			-537.5027
			-248.2285
			263.3737
	==================================================================================
	Q3:
		Shape: Ellipse
		q_c:	437.0	404.5	251.5
		ub :	440.9655	407.5136	255.5333
		lb :	433.0345	401.4864	247.4667
		P^-1:
			0.1697	-0.0254	0.0114
			-0.0254	0.2269	-0.03
			0.0114	-0.03	0.1734
	==================================================================================
	Q4:
		Shape: Ellipse
		q_c:	437.5	413.0	254.0
		ub :	441.9609	416.9578	258.7884
		lb :	433.0391	409.0422	249.2116
		P^-1:
			0.1128	0.0366	-0.0419
			0.0366	0.3385	-0.162
			-0.0419	-0.162	0.1667
	==================================================================================
	Q5:
		Shape: Ellipse
		q_c:	437.0	402.0	254.5
		ub :	440.5412	405.8147	257.2913
		lb :	433.4588	398.1853	251.7087
		P^-1:
			0.1601	0.0023	-0.0053
			0.0023	0.2059	-0.1046
			-0.0053	-0.1046	0.3985
	==================================================================================
	Q6:
		Shape: Ellipse
		q_c:	437.0	414.0	250.0
		ub :	442.3528	419.3011	254.6659
		lb :	431.6472	408.6989	245.3341
		P^-1:
			0.0684	0.0088	0.0007
			0.0088	0.0757	0.0012
			0.0007	0.0012	0.0494


===========================================================================================
===========================================================================================
S11:
	q_c:	534.5	60.0	66.5
	ub :	568.6323	79.8434	91.1288
	lb :	508.661	32.6843	41.4065

	==================================================================================
	Q1:
		Shape: Hybrid
		q_c:	546.5	52.5	49.0
		ub :	552.947	59.3128	52.7624
		lb :	540.053	45.6872	45.2376
		P^-1:
			0.1443	0.0772	-0.1487
			0.0772	0.0867	-0.1062
			-0.1487	-0.1062	0.309
		A:
			-0.2858	-0.131	0.9493
			-0.7209	0.6387	0.2691
			-0.7436	-0.1924	0.6403
			-0.4582	-0.4388	0.773
			-0.4071	-0.3926	0.8247
			-0.6174	-0.2745	0.7372
		b:
			-115.3686
			-342.8122
			-383.6871
			-234.7039
			-201.8415
			-314.7676
	==================================================================================
	Q2:
		Shape: Polyhedra
		q_c:	540.0	41.5	81.5
		ub :	548.5386	47.2094	91.1288
		lb :	531.4614	35.7906	71.8712
		A:
			-0.0973	0.9829	0.1561
			0.4129	0.8134	-0.4098
			-0.549	-0.781	0.2978
			0.4809	0.7676	-0.4236
			0.0618	0.9722	-0.2258
			-0.1689	-0.9686	-0.1826
			0.1768	0.0023	0.9843
			-0.8704	0.4672	0.1552
			-0.4595	-0.8841	0.0846
			-0.1768	-0.0023	-0.9843
			0.8704	-0.4672	-0.1552
			0.4595	0.8841	-0.0846
		b:
			5.5529
			227.3177
			-301.1105
			261.0991
			59.3411
			-142.3688
			184.2594
			-431.4779
			-274.9361
			-167.2594
			444.4779
			280.9361
	==================================================================================
	Q3:
		Shape: Hybrid
		q_c:	524.0	52.5	76.5
		ub :	539.339	65.9078	89.1523
		lb :	508.661	39.0922	63.8477
		P^-1:
			0.0123	-0.0031	-0.0004
			-0.0031	0.0125	-0.0011
			-0.0004	-0.0011	0.0137
		A:
			-0.4712	-0.0691	0.8793
			0.5504	0.3038	0.7776
			-0.986	0.0722	-0.1503
			0.0281	-0.692	0.7214
			0.4674	-0.8828	0.0468
			0.044	-0.5603	0.8271
		b:
			-178.705
			369.5494
			-519.186
			38.0413
			206.3703
			61.2549
	==================================================================================
	Q4:
		Shape: Hybrid
		q_c:	553.0	64.0	72.0
		ub :	563.8228	77.3799	84.9998
		lb :	542.1772	50.6201	59.0002
		P^-1:
			0.0299	0.0145	0.014
			0.0145	0.0219	0.0065
			0.014	0.0065	0.0223
		A:
			0.2894	-0.6585	-0.6947
			0.3846	0.8794	0.2807
			0.1638	-0.5494	0.8194
			-0.2763	-0.9174	-0.2863
			0.5269	0.746	0.4073
			0.2367	-0.9547	-0.1802
		b:
			75.2006
			293.1012
			119.9869
			-227.6162
			371.4337
			63.7943
	==================================================================================
	Q5:
		Shape: Hybrid
		q_c:	549.5	64.0	53.0
		ub :	564.3424	79.8434	64.5935
		lb :	534.6576	48.1566	41.4065
		P^-1:
			0.0112	-0.0002	0.0028
			-0.0002	0.0102	0.0036
			0.0028	0.0036	0.0183
		A:
			0.731	0.5134	-0.4495
			-0.9955	-0.0946	-0.0094
			-0.7942	-0.2571	-0.5506
			0.0064	0.8018	0.5976
			0.659	-0.6448	0.3873
			0.452	-0.1185	-0.8841
		b:
			417.9904
			-547.3526
			-477.3396
			91.3006
			347.3744
			199.12
	==================================================================================
	Q6:
		Shape: Ellipse
		q_c:	555.0	44.0	68.0
		ub :	568.6323	55.3157	80.3702
		lb :	541.3677	32.6843	55.6298
		P^-1:
			0.0153	0.0046	-0.0012
			0.0046	0.0198	-0.0028
			-0.0012	-0.0028	0.0147


===========================================================================================
===========================================================================================
S12:
	q_c:	433.5	214.5	492.0
	ub :	441.6066	223.3107	504.7724
	lb :	420.7121	201.3941	481.2439

	==================================================================================
	Q1:
		Shape: Hybrid
		q_c:	439.0	215.0	491.5
		ub :	441.5073	220.1646	496.1125
		lb :	436.4927	209.8354	486.8875
		P^-1:
			0.4115	0.019	-0.1025
			0.019	0.0518	-0.0123
			-0.1025	-0.0123	0.1122
		A:
			0.5854	-0.1515	-0.7965
			0.6719	0.3676	0.643
			-0.4868	-0.1095	0.8666
			-0.9598	-0.1809	0.2146
			-0.7553	-0.2814	0.5919
			0.847	0.4782	0.232
		b:
			-165.195
			692.7317
			190.5953
			-353.925
			-99.8516
			590.8709
	==================================================================================
	Q2:
		Shape: Hybrid
		q_c:	429.0	208.0	489.0
		ub :	435.7669	214.6059	494.4726
		lb :	422.2331	201.3941	483.5274
		P^-1:
			0.0905	0.0427	-0.0382
			0.0427	0.0762	-0.0335
			-0.0382	-0.0335	0.0826
		A:
			0.8899	0.3329	-0.3117
			-0.7055	-0.601	0.3757
			-0.7936	-0.4903	0.3603
			-0.6315	-0.6545	0.4158
			-0.3064	-0.1244	0.9437
			-0.6275	-0.2642	0.7324
		b:
			300.336
			-242.5991
			-264.7877
			-202.3694
			306.335
			35.5618
	==================================================================================
	Q3:
		Shape: Ellipse
		q_c:	425.5	213.0	486.5
		ub :	430.2879	217.618	491.7561
		lb :	420.7121	208.382	481.2439
		P^-1:
			0.1502	0.0623	0.0544
			0.0623	0.1383	0.0494
			0.0544	0.0494	0.1247
	==================================================================================
	Q4:
		Shape: Hybrid
		q_c:	432.0	214.5	499.5
		ub :	437.6399	218.3896	504.7724
		lb :	426.3601	210.6104	494.2276
		P^-1:
			0.073	0.0225	0.0104
			0.0225	0.153	0.0072
			0.0104	0.0072	0.0782
		A:
			0.1849	-0.931	0.3149
			-0.1499	-0.9883	-0.0291
			0.0531	-0.2192	0.9742
			0.2652	-0.1115	0.9577
			-0.0225	-0.6958	-0.7179
			-0.3533	-0.9206	0.1665
		b:
			39.1141
			-290.0087
			464.8962
			571.2912
			-515.7064
			-265.5337
	==================================================================================
	Q5:
		Shape: Ellipse
		q_c:	438.0	219.5	491.5
		ub :	441.6066	223.3107	494.5582
		lb :	434.3934	215.6893	488.4418
		P^-1:
			0.2749	0.1501	-0.0685
			0.1501	0.2492	-0.0579
			-0.0685	-0.0579	0.1915
	==================================================================================
	Q6:
		Shape: Polyhedra
		q_c:	434.5	207.5	496.5
		ub :	439.3786	211.8759	501.1882
		lb :	429.6214	203.1241	491.8118
		A:
			0.7023	0.2125	0.6794
			-0.7769	0.0093	-0.6296
			-0.7509	-0.482	-0.4515
			0.3965	-0.6774	-0.6196
			0.1029	0.9874	0.1198
			-0.3172	-0.9403	-0.1232
			0.5107	0.4456	0.7353
			-0.606	0.7932	-0.0597
			-0.6098	-0.4151	0.6751
			-0.5107	-0.4456	-0.7353
			0.606	-0.7932	0.0597
			0.6098	0.4151	-0.6751
		b:
			689.5081
			-645.4384
			-647.3809
			-273.3569
			311.7368
			-391.2486
			682.4297
			-126.3774
			-12.416
			-676.4297
			130.3774
			19.416


===========================================================================================
===========================================================================================
