3D_50_7_6_f                l = 3

===========================================================================================
===========================================================================================
S1:
	q_c:	532.0	85.0	302.5
	ub :	548.0707	93.8786	322.4154
	lb :	514.647	69.3067	285.1804

	==================================================================================
	Q1:
		Shape: Polyhedra
		q_c:	534.5	86.0	303.5
		ub :	542.4812	92.9669	311.9835
		lb :	526.5188	79.0331	295.0165
		A:
			0.3809	0.8836	0.2723
			-0.6533	0.5711	-0.497
			0.8707	-0.4911	-0.0245
			0.387	-0.6957	0.6052
			0.4231	-0.6749	0.6046
			-0.7415	0.4825	0.4661
			0.3423	0.7915	0.5063
			0.707	0.1379	-0.6936
			-0.6188	0.5954	-0.5125
			-0.3423	-0.7915	-0.5063
			-0.707	-0.1379	0.6936
			0.6188	-0.5954	0.5125
		b:
			367.7109
			-447.9308
			419.9707
			333.9845
			354.8301
			-208.0635
			410.1699
			185.2654
			-432.0915
			-399.1699
			-173.2654
			438.0915
	==================================================================================
	Q2:
		Shape: Hybrid
		q_c:	524.5	81.0	314.0
		ub :	534.2598	89.0012	322.4154
		lb :	514.7402	72.9988	305.5846
		P^-1:
			0.0669	0.0601	-0.0703
			0.0601	0.1044	-0.0907
			-0.0703	-0.0907	0.1202
		A:
			-0.6959	-0.4064	0.5921
			0.1891	0.6674	-0.7203
			0.6348	-0.0939	-0.7669
			0.8709	0.2757	-0.4068
			0.2686	0.8864	-0.3771
			-0.3283	-0.8499	0.4122
		b:
			-210.1314
			-71.2322
			88.1734
			354.6638
			96.661
			-109.5181
	==================================================================================
	Q3:
		Shape: Polyhedra
		q_c:	540.0	85.0	307.0
		ub :	548.0707	93.8786	315.0179
		lb :	531.9293	76.1214	298.9821
		A:
			-0.8326	0.1217	-0.5403
			0.6144	0.2257	0.756
			0.6205	0.4561	0.6379
			-0.9126	-0.3991	-0.0891
			0.7172	-0.2381	0.6549
			0.3474	-0.9145	-0.2075
			0.5368	0.5803	0.6125
			-0.8249	0.5133	0.2366
			-0.1771	-0.6322	0.7543
			-0.5368	-0.5803	-0.6125
			0.8249	-0.5133	-0.2366
			0.1771	0.6322	-0.7543
		b:
			-600.112
			587.3357
			573.748
			-549.2412
			573.2297
			51.6935
			531.2148
			-323.187
			87.6855
			-523.2148
			335.187
			-76.6855
	==================================================================================
	Q4:
		Shape: Ellipse
		q_c:	520.5	73.5	316.0
		ub :	526.2521	77.6719	321.9385
		lb :	514.7479	69.3281	310.0615
		P^-1:
			1.6406	1.3199	-1.4283
			1.3199	1.1397	-1.1732
			-1.4283	-1.1732	1.3022
	==================================================================================
	Q5:
		Shape: Ellipse
		q_c:	519.0	76.5	304.0
		ub :	523.353	83.6933	308.7122
		lb :	514.647	69.3067	299.2878
		P^-1:
			0.1088	0.0114	0.0036
			0.0114	0.0261	0.0078
			0.0036	0.0078	0.0814
	==================================================================================
	Q6:
		Shape: Ellipse
		q_c:	527.5	78.0	293.5
		ub :	534.6134	85.7316	301.8196
		lb :	520.3866	70.2684	285.1804
		P^-1:
			0.0638	-0.0363	-0.0122
			-0.0363	0.0736	0.0172
			-0.0122	0.0172	0.0345


===========================================================================================
===========================================================================================
S2:
	q_c:	360.5	18.0	37.0
	ub :	380.5471	40.2988	54.7992
	lb :	352.8082	-3.324	18.8816

	==================================================================================
	Q1:
		Shape: Polyhedra
		q_c:	371.0	23.0	34.0
		ub :	378.9664	29.8367	42.5125
		lb :	363.0336	16.1633	25.4875
		A:
			0.589	-0.1659	0.7909
			-0.4671	-0.7672	-0.4396
			-0.8347	-0.5496	-0.0359
			0.2488	-0.7064	0.6627
			-0.6384	0.6795	-0.3615
			0.9266	-0.2075	0.3137
			0.4432	0.8879	0.1235
			0.7399	-0.4401	0.5089
			0.5062	-0.1341	-0.8519
			-0.4432	-0.8879	-0.1235
			-0.7399	0.4401	-0.5089
			-0.5062	0.1341	0.8519
		b:
			245.1527
			-200.3426
			-318.086
			102.6061
			-230.9168
			352.6546
			194.5336
			283.6719
			163.7344
			-183.5336
			-279.6719
			-147.7344
	==================================================================================
	Q2:
		Shape: Ellipse
		q_c:	357.0	31.5	31.0
		ub :	361.1918	40.2988	39.0138
		lb :	352.8082	22.7012	22.9862
		P^-1:
			0.4019	0.0303	-0.1224
			0.0303	0.0251	-0.0047
			-0.1224	-0.0047	0.0709
	==================================================================================
	Q3:
		Shape: Hybrid
		q_c:	371.0	22.5	46.5
		ub :	380.5471	31.2179	54.7992
		lb :	361.4529	13.7821	38.2008
		P^-1:
			0.0272	-0.0119	-0.0083
			-0.0119	0.043	-0.0044
			-0.0083	-0.0044	0.0463
		A:
			0.5547	-0.7342	-0.3915
			-0.6615	0.5813	-0.4739
			0.1326	-0.9612	-0.242
			-0.244	-0.0335	-0.9692
			0.5558	0.0399	-0.8303
			0.4224	-0.825	0.3754
		b:
			173.3177
			-251.3889
			19.1482
			-133.1244
			170.9387
			157.9091
	==================================================================================
	Q4:
		Shape: Ellipse
		q_c:	372.0	6.5	25.5
		ub :	380.5167	14.0166	32.0409
		lb :	363.4833	-1.0166	18.9591
		P^-1:
			0.073	0.0623	0.0193
			0.0623	0.0915	0.0333
			0.0193	0.0333	0.0626
	==================================================================================
	Q5:
		Shape: Hybrid
		q_c:	361.5	27.0	25.5
		ub :	367.5684	31.8602	30.9753
		lb :	355.4316	22.1398	20.0247
		P^-1:
			0.08	0.0203	-0.0015
			0.0203	0.0948	0.0108
			-0.0015	0.0108	0.0804
		A:
			-0.9537	-0.1823	-0.2393
			-0.6449	-0.076	-0.7604
			-0.9472	0.3174	0.0458
			0.3629	0.7815	0.5076
			0.8125	0.5608	-0.1594
			-0.2957	-0.5064	-0.81
		b:
			-353.7724
			-252.4776
			-330.3353
			166.7845
			306.4648
			-139.475
	==================================================================================
	Q6:
		Shape: Polyhedra
		q_c:	366.0	6.5	29.0
		ub :	371.5853	16.324	39.1184
		lb :	360.4147	-3.324	18.8816
		A:
			0.1638	-0.6334	0.7563
			-0.7902	0.5964	-0.1411
			0.58	-0.0311	0.814
			-0.9644	-0.2535	-0.0753
			-0.7687	0.2116	-0.6036
			0.7514	-0.2273	-0.6195
			0.1466	0.7102	0.6886
			0.344	0.6161	-0.7086
			-0.9274	0.3408	-0.154
			-0.1466	-0.7102	-0.6886
			-0.344	-0.6161	0.7086
			0.9274	-0.3408	0.154
		b:
			85.2234
			-286.6335
			240.6875
			-352.2646
			-293.7821
			261.1405
			83.7364
			117.8655
			-339.698
			-72.7364
			-100.8655
			343.698


===========================================================================================
===========================================================================================
S3:
	q_c:	426.0	33.5	140.5
	ub :	448.5722	60.5196	152.8763
	lb :	412.2071	10.8491	123.691

	==================================================================================
	Q1:
		Shape: Hybrid
		q_c:	420.5	48.5	141.0
		ub :	425.5854	57.7737	146.2049
		lb :	415.4146	39.2263	135.7951
		P^-1:
			0.1133	-0.0135	0.0188
			-0.0135	0.0239	0.0302
			0.0188	0.0302	0.1477
		A:
			0.8218	-0.1029	0.5604
			0.9217	0.2272	0.3142
			0.8164	-0.2323	-0.5288
			0.8146	-0.3291	-0.4776
			-0.7601	0.2929	0.5801
			-0.3418	-0.792	-0.5058
		b:
			421.1501
			445.3732
			259.2008
			260.9862
			-221.9092
			-248.553
	==================================================================================
	Q2:
		Shape: Hybrid
		q_c:	424.5	51.0	140.0
		ub :	433.3138	60.5196	147.0473
		lb :	415.6862	41.4804	132.9527
		P^-1:
			0.0284	0.005	0.0001
			0.005	0.0306	-0.0064
			0.0001	-0.0064	0.0471
		A:
			0.2135	0.3855	0.8977
			-0.2936	-0.1054	-0.9501
			0.6068	0.2995	-0.7363
			0.5669	0.7044	0.4271
			0.9227	0.2296	0.3097
			-0.4643	0.5384	-0.7032
		b:
			238.8393
			-260.4463
			172.5316
			339.6281
			450.1937
			-265.0872
	==================================================================================
	Q3:
		Shape: Hybrid
		q_c:	433.0	20.0	134.5
		ub :	440.8034	26.7521	141.9148
		lb :	425.1966	13.2479	127.0852
		P^-1:
			0.0503	-0.009	-0.0008
			-0.009	0.0538	-0.0061
			-0.0008	-0.0061	0.0479
		A:
			-0.6596	-0.7049	0.261
			0.6573	-0.7093	-0.2546
			-0.0619	-0.7075	-0.704
			-0.6345	0.3511	-0.6885
			-0.0404	0.5807	-0.8131
			-0.1836	0.8599	0.4762
		b:
			-261.8791
			238.3721
			-132.7928
			-358.0289
			-112.9933
			4.2951
	==================================================================================
	Q4:
		Shape: Polyhedra
		q_c:	434.0	27.0	135.5
		ub :	441.8302	35.9672	145.1943
		lb :	426.1698	18.0328	125.8057
		A:
			0.0779	0.8621	-0.5007
			0.691	-0.7224	0.0254
			0.5414	-0.5786	-0.61
			0.5846	-0.7591	-0.2863
			-0.2058	0.4733	-0.8565
			-0.986	0.154	-0.0641
			0.4796	0.8723	0.0955
			0.8755	-0.483	0.0151
			0.0593	0.0764	-0.9953
			-0.4796	-0.8723	-0.0955
			-0.8755	0.483	-0.0151
			-0.0593	-0.0764	0.9953
		b:
			-3.2853
			288.6137
			143.3672
			199.8171
			-184.3074
			-427.5767
			251.6305
			373.465
			-98.0793
			-237.6305
			-364.465
			116.0793
	==================================================================================
	Q5:
		Shape: Polyhedra
		q_c:	438.5	35.5	132.5
		ub :	448.5722	43.3744	141.309
		lb :	428.4278	27.6256	123.691
		A:
			-0.2572	-0.9644	0.0611
			0.0135	-0.6529	-0.7573
			-0.0177	0.298	-0.9544
			0.2734	-0.2554	0.9274
			-0.6881	0.3874	0.6136
			-0.9382	-0.3462	0.0021
			0.081	0.7068	0.7028
			-0.1523	0.7056	-0.692
			-0.985	-0.051	0.1648
			-0.081	-0.7068	-0.7028
			0.1523	-0.7056	0.692
			0.985	0.051	-0.1648
		b:
			-133.1832
			-112.0688
			-118.381
			238.8782
			-198.9691
			-414.7238
			159.2291
			-128.4474
			-402.8955
			-148.2291
			138.4474
			420.8955
	==================================================================================
	Q6:
		Shape: Polyhedra
		q_c:	418.5	18.0	147.0
		ub :	424.7929	25.1509	152.8763
		lb :	412.2071	10.8491	141.1237
		A:
			0.5362	0.034	0.8434
			-0.3785	0.6108	0.6954
			0.237	-0.2889	-0.9275
			0.5161	0.5219	0.6792
			-0.1345	0.1706	0.9761
			-0.6223	0.1927	-0.7587
			0.0846	0.4729	0.8771
			-0.0965	0.88	-0.4651
			-0.9917	-0.0453	0.12
			-0.0846	-0.4729	-0.8771
			0.0965	-0.88	0.4651
			0.9917	0.0453	-0.12
		b:
			353.0899
			-41.5916
			-39.2243
			328.6012
			93.5355
			-363.4918
			175.332
			-86.4023
			-392.7129
			-170.332
			99.4023
			403.7129


===========================================================================================
===========================================================================================
S4:
	q_c:	386.5	203.5	71.5
	ub :	407.4735	218.8793	86.9949
	lb :	370.0417	188.8762	59.9526

	==================================================================================
	Q1:
		Shape: Hybrid
		q_c:	387.5	198.0	66.5
		ub :	393.3276	204.572	73.0474
		lb :	381.6724	191.428	59.9526
		P^-1:
			0.0907	-0.0246	0.014
			-0.0246	0.0734	-0.0017
			0.014	-0.0017	0.059
		A:
			0.4752	0.8569	0.1996
			-0.1185	-0.921	-0.3711
			-0.4001	0.3243	-0.8572
			0.834	-0.4776	-0.2763
			0.8749	-0.385	-0.2937
			0.3691	-0.3338	0.8674
		b:
			369.7515
			-250.5106
			-145.6014
			212.109
			245.2137
			136.8578
	==================================================================================
	Q2:
		Shape: Ellipse
		q_c:	388.5	212.0	68.5
		ub :	396.0937	217.0948	74.803
		lb :	380.9063	206.9052	62.197
		P^-1:
			0.0207	-0.0001	0.0023
			-0.0001	0.0492	-0.0011
			0.0023	-0.0011	0.0399
	==================================================================================
	Q3:
		Shape: Polyhedra
		q_c:	390.0	212.0	80.0
		ub :	396.5829	218.8793	86.9949
		lb :	383.4171	205.1207	73.0051
		A:
			0.6725	-0.4026	-0.621
			-0.5007	0.7896	-0.3547
			-0.4244	0.6376	-0.643
			-0.9898	-0.1324	-0.0526
			-0.7861	0.6149	0.0629
			-0.0122	0.1497	0.9887
			0.5065	0.6802	0.5299
			-0.7485	0.6519	-0.1214
			-0.428	-0.3352	0.8393
			-0.5065	-0.6802	-0.5299
			0.7485	-0.6519	0.1214
			0.428	0.3352	-0.8393
		b:
			131.0331
			-53.3963
			-78.4283
			-414.0578
			-168.5657
			110.988
			389.6151
			-160.9349
			-166.3468
			-378.6151
			165.9349
			175.3468
	==================================================================================
	Q4:
		Shape: Polyhedra
		q_c:	392.5	196.5	79.0
		ub :	398.6586	204.1238	86.6967
		lb :	386.3414	188.8762	71.3033
		A:
			-0.7671	-0.1378	-0.6266
			-0.3475	-0.42	-0.8383
			-0.5675	0.8228	0.0293
			0.8134	-0.5565	0.1691
			0.9959	-0.0623	-0.065
			0.073	-0.9714	-0.2261
			0.1585	0.7401	0.6535
			0.3922	0.5603	-0.7296
			-0.9061	0.372	-0.2014
			-0.1585	-0.7401	-0.6535
			-0.3922	-0.5603	0.7296
			0.9061	-0.372	0.2014
		b:
			-373.9322
			-281.0788
			-54.9604
			226.8321
			377.5295
			-175.8404
			263.2874
			212.3789
			-294.9749
			-255.2874
			-200.3789
			301.9749
	==================================================================================
	Q5:
		Shape: Polyhedra
		q_c:	397.0	200.0	74.5
		ub :	407.4735	209.6965	84.2803
		lb :	386.5265	190.3035	64.7197
		A:
			-0.3446	-0.7367	0.5819
			-0.9987	0.022	-0.0456
			-0.666	-0.7376	0.1112
			-0.382	0.7178	-0.5821
			0.5841	0.8094	-0.0609
			0.3581	-0.7731	0.5235
			0.7316	0.4246	0.5333
			-0.0888	-0.7164	0.6921
			0.6759	-0.5537	-0.4864
			-0.7316	-0.4246	-0.5333
			0.0888	0.7164	-0.6921
			-0.6759	0.5537	0.4864
		b:
			-236.9538
			-388.2844
			-398.2434
			-46.7644
			394.5699
			31.3038
			421.607
			-123.4657
			129.3472
			-408.607
			130.4657
			-113.3472
	==================================================================================
	Q6:
		Shape: Hybrid
		q_c:	374.5	210.5	65.0
		ub :	378.9583	214.8484	68.4494
		lb :	370.0417	206.1516	61.5506
		P^-1:
			0.1287	-0.0373	0.0646
			-0.0373	0.1899	-0.1366
			0.0646	-0.1366	0.348
		A:
			-0.0009	0.2571	-0.9664
			0.3313	0.4513	-0.8286
			-0.7086	0.0067	0.7055
			0.0617	0.2686	0.9613
			-0.3102	0.3212	0.8948
			-0.486	-0.6064	-0.6294
		b:
			-8.0393
			166.5075
			-216.0837
			143.7792
			11.5312
			-348.4428


===========================================================================================
===========================================================================================
S5:
	q_c:	134.5	363.5	481.5
	ub :	140.8226	371.5715	494.8515
	lb :	124.3643	354.1944	475.4838

	==================================================================================
	Q1:
		Shape: Polyhedra
		q_c:	131.0	357.0	479.5
		ub :	133.6791	359.8056	482.2994
		lb :	128.3209	354.1944	476.7006
		A:
			-0.7412	0.1884	-0.6443
			0.5144	-0.8489	0.1216
			-0.7373	-0.5871	-0.3343
			-0.7912	0.2564	-0.5552
			0.4981	0.7498	-0.4355
			0.6082	0.7812	-0.1407
			0.7724	0.558	0.3034
			0.2185	-0.6819	0.698
			0.5964	-0.4729	-0.6486
			-0.7724	-0.558	-0.3034
			-0.2185	0.6819	-0.698
			-0.5964	0.4729	0.6486
		b:
			-337.2936
			-175.634
			-464.9859
			-276.8253
			125.6283
			292.6222
			447.3568
			121.3765
			-399.7109
			-444.3568
			-118.3765
			403.7109
	==================================================================================
	Q2:
		Shape: Polyhedra
		q_c:	133.5	367.0	480.5
		ub :	139.2341	371.5715	485.5162
		lb :	127.7659	362.4285	475.4838
		A:
			0.707	0.6409	0.2991
			0.2523	-0.8892	0.3817
			-0.9232	-0.2689	-0.2745
			-0.4613	-0.8819	-0.0971
			0.5511	0.7709	0.3192
			0.751	-0.3777	0.5416
			0.5373	0.1214	0.8346
			-0.7231	0.5756	0.3819
			-0.434	-0.8087	0.397
			-0.5373	-0.1214	-0.8346
			0.7231	-0.5756	-0.3819
			0.434	0.8087	-0.397
		b:
			475.8564
			-106.1568
			-350.7304
			-429.5413
			512.4706
			225.4141
			520.3018
			302.6736
			-161.96
			-514.3018
			-293.6736
			165.96
	==================================================================================
	Q3:
		Shape: Polyhedra
		q_c:	127.5	367.5	486.5
		ub :	130.6357	370.7399	490.0815
		lb :	124.3643	364.2601	482.9185
		A:
			0.1963	0.9603	0.1983
			0.7613	0.4196	0.4942
			-0.9202	-0.0875	-0.3814
			0.4487	0.7358	0.5071
			-0.3823	-0.8389	-0.3874
			-0.6512	-0.6909	0.3141
			0.7075	0.5993	0.3745
			0.1954	-0.6752	0.7113
			0.6792	-0.4301	-0.5948
			-0.7075	-0.5993	-0.3745
			-0.1954	0.6752	-0.7113
			-0.6792	0.4301	0.5948
		b:
			476.13
			492.8018
			-333.4829
			575.6888
			-544.1061
			-182.4407
			493.6565
			124.8328
			-357.8274
			-491.6565
			-120.8328
			363.8274
	==================================================================================
	Q4:
		Shape: Polyhedra
		q_c:	136.5	359.5	484.5
		ub :	140.8226	362.9944	489.0835
		lb :	132.1774	356.0056	479.9165
		A:
			0.321	0.8818	-0.3457
			-0.423	0.8964	0.1327
			0.3703	0.5097	0.7766
			-0.639	0.3141	-0.7022
			-0.3977	0.9134	0.0871
			-0.016	0.1068	0.9942
			0.3545	0.6047	0.7132
			0.8849	0.0295	-0.4649
			-0.3022	0.7959	-0.5246
			-0.3545	-0.6047	-0.7132
			-0.8849	-0.0295	0.4649
			0.3022	-0.7959	0.5246
		b:
			195.7402
			331.2404
			613.0268
			-312.1265
			318.6699
			520.7151
			614.3245
			-90.8545
			-7.2989
			-608.3245
			96.8545
			11.2989
	==================================================================================
	Q5:
		Shape: Ellipse
		q_c:	133.0	361.0	489.5
		ub :	137.8439	365.4709	494.8515
		lb :	128.1561	356.5291	484.1485
		P^-1:
			0.1311	-0.0455	-0.03
			-0.0455	0.1903	-0.0779
			-0.03	-0.0779	0.1379
	==================================================================================
	Q6:
		Shape: Polyhedra
		q_c:	129.5	358.0	487.5
		ub :	132.5822	361.4333	490.4675
		lb :	126.4178	354.5667	484.5325
		A:
			0.4087	0.2498	-0.8778
			-0.9221	0.2877	0.2586
			-0.3737	-0.4051	-0.8344
			-0.2243	0.7985	-0.5587
			-0.1348	0.9269	0.3504
			0.2377	-0.1671	0.9569
			0.9997	0.0245	0.0069
			-0.0029	-0.1597	0.9872
			0.0253	-0.9869	-0.1596
			-0.9997	-0.0245	-0.0069
			0.0029	0.1597	-0.9872
			-0.0253	0.9869	0.1596
		b:
			-283.0078
			112.6222
			-597.4618
			-12.7924
			488.1468
			439.9458
			144.5991
			426.1718
			-424.8345
			-138.5991
			-421.1718
			430.8345


===========================================================================================
===========================================================================================
S6:
	q_c:	272.0	343.5	197.5
	ub :	292.6251	356.7721	218.538
	lb :	255.2394	322.9123	187.4875

	==================================================================================
	Q1:
		Shape: Ellipse
		q_c:	284.5	339.5	199.5
		ub :	292.6251	346.4076	205.6878
		lb :	276.3749	332.5924	193.3122
		P^-1:
			0.0546	-0.0371	0.0199
			-0.0371	0.0865	0.0106
			0.0199	0.0106	0.072
	==================================================================================
	Q2:
		Shape: Polyhedra
		q_c:	275.5	340.5	208.0
		ub :	283.0501	351.2797	218.538
		lb :	267.9499	329.7203	197.462
		A:
			-0.7252	0.0033	-0.6885
			0.4732	0.5918	-0.6526
			0.1985	0.9665	-0.1629
			0.6782	0.538	-0.5006
			-0.2561	-0.3395	0.9051
			0.3251	0.9456	-0.0061
			0.23	0.852	0.4703
			-0.0695	0.4964	-0.8653
			-0.9707	0.1663	0.1734
			-0.23	-0.852	-0.4703
			0.0695	-0.4964	0.8653
			0.9707	-0.1663	-0.1734
		b:
			-335.2238
			202.8957
			357.2049
			272.3771
			8.9444
			417.6575
			458.7924
			-23.0973
			-169.2392
			-443.7924
			37.0973
			180.2392
	==================================================================================
	Q3:
		Shape: Ellipse
		q_c:	263.5	332.0	209.0
		ub :	271.7606	341.0877	218.3593
		lb :	255.2394	322.9123	199.6407
		P^-1:
			0.0385	-0.0082	-0.0016
			-0.0082	0.0392	0.0079
			-0.0016	0.0079	0.0283
	==================================================================================
	Q4:
		Shape: Ellipse
		q_c:	268.5	350.0	195.0
		ub :	274.7737	355.3987	202.5125
		lb :	262.2263	344.6013	187.4875
		P^-1:
			0.1063	0.0426	0.0219
			0.0426	0.1254	-0.007
			0.0219	-0.007	0.0337
	==================================================================================
	Q5:
		Shape: Ellipse
		q_c:	265.5	351.5	200.5
		ub :	269.3027	356.7721	202.8925
		lb :	261.6973	346.2279	198.1075
		P^-1:
			0.3519	0.1684	0.0203
			0.1684	0.1317	-0.0021
			0.0203	-0.0021	0.2508
	==================================================================================
	Q6:
		Shape: Hybrid
		q_c:	283.0	345.5	198.0
		ub :	291.6257	354.7028	206.8277
		lb :	274.3743	336.2972	189.1723
		P^-1:
			0.0318	-0.0111	-0.0088
			-0.0111	0.0397	-0.0013
			-0.0088	-0.0013	0.0383
		A:
			-0.8217	0.4584	-0.3386
			0.0996	-0.3674	-0.9247
			-0.2022	-0.1975	-0.9592
			-0.3574	0.8843	0.3005
			0.2943	-0.8841	0.363
			0.6501	-0.0894	-0.7546
		b:
			-137.9194
			-278.7895
			-311.7554
			266.3771
			-147.7104
			6.1986


===========================================================================================
===========================================================================================
S7:
	q_c:	439.5	405.5	251.0
	ub :	446.0019	419.3011	258.7884
	lb :	427.2302	395.5822	239.2069

	==================================================================================
	Q1:
		Shape: Ellipse
		q_c:	433.0	398.0	245.0
		ub :	438.7698	400.4178	250.7931
		lb :	427.2302	395.5822	239.2069
		P^-1:
			0.46	1.1992	0.0546
			1.1992	3.5872	0.1425
			0.0546	0.1425	0.0647
	==================================================================================
	Q2:
		Shape: Polyhedra
		q_c:	443.5	403.5	251.5
		ub :	446.0019	407.0908	254.8275
		lb :	440.9981	399.9092	248.1725
		A:
			0.6084	0.2819	-0.7419
			-0.8142	-0.3143	-0.4882
			-0.0195	0.9434	0.331
			-0.2885	0.6582	0.6954
			0.5509	0.7608	0.343
			0.9713	-0.152	-0.1827
			0.4324	0.3417	0.8344
			-0.0975	0.9377	-0.3335
			-0.8964	0.0628	0.4387
			-0.4324	-0.3417	-0.8344
			0.0975	-0.9377	0.3335
			0.8964	-0.0628	-0.4387
		b:
			198.9089
			-608.7922
			457.9185
			314.5688
			639.9009
			325.0784
			541.5027
			254.2285
			-260.3737
			-537.5027
			-248.2285
			263.3737
	==================================================================================
	Q3:
		Shape: Ellipse
		q_c:	437.0	404.5	251.5
		ub :	440.9655	407.5136	255.5333
		lb :	433.0345	401.4864	247.4667
		P^-1:
			0.1697	-0.0254	0.0114
			-0.0254	0.2269	-0.03
			0.0114	-0.03	0.1734
	==================================================================================
	Q4:
		Shape: Ellipse
		q_c:	437.5	413.0	254.0
		ub :	441.9609	416.9578	258.7884
		lb :	433.0391	409.0422	249.2116
		P^-1:
			0.1128	0.0366	-0.0419
			0.0366	0.3385	-0.162
			-0.0419	-0.162	0.1667
	==================================================================================
	Q5:
		Shape: Ellipse
		q_c:	437.0	402.0	254.5
		ub :	440.5412	405.8147	257.2913
		lb :	433.4588	398.1853	251.7087
		P^-1:
			0.1601	0.0023	-0.0053
			0.0023	0.2059	-0.1046
			-0.0053	-0.1046	0.3985
	==================================================================================
	Q6:
		Shape: Ellipse
		q_c:	437.0	414.0	250.0
		ub :	442.3528	419.3011	254.6659
		lb :	431.6472	408.6989	245.3341
		P^-1:
			0.0684	0.0088	0.0007
			0.0088	0.0757	0.0012
			0.0007	0.0012	0.0494


===========================================================================================
===========================================================================================
