3D_50_7_6_b                l = 3

===========================================================================================
===========================================================================================
S1:
	q_c:	254.0	30.5	97.5
	ub :	260.8168	36.1296	100.9529
	lb :	249.0442	24.8828	90.9884

	==================================================================================
	Q1:
		Shape: Ellipse
		q_c:	257.0	27.5	96.0
		ub :	258.7054	29.1556	97.8265
		lb :	255.2946	25.8444	94.1735
		P^-1:
			0.9653	-0.0271	0.1317
			-0.0271	0.9788	0.1029
			0.1317	0.1029	0.5004
	==================================================================================
	Q2:
		Shape: Ellipse
		q_c:	257.0	29.5	95.0
		ub :	260.1498	32.3144	97.8781
		lb :	253.8502	26.6856	92.1219
		P^-1:
			0.3192	0.0004	-0.0931
			0.0004	0.25	-0.0006
			-0.0931	-0.0006	0.3753
	==================================================================================
	Q3:
		Shape: Hybrid
		q_c:	258.0	28.0	95.5
		ub :	260.8168	29.8166	98.0548
		lb :	255.1832	26.1834	92.9452
		P^-1:
			0.4384	0.1172	0.3776
			0.1172	0.9755	-0.0788
			0.3776	-0.0788	0.7461
		A:
			0.4625	-0.3445	0.8169
			0.5954	0.6653	0.4504
			-0.1244	-0.8352	0.5357
			0.8564	-0.2538	0.4497
			0.3847	0.5388	0.7494
			0.3811	0.8632	0.3311
		b:
			188.207
			215.7901
			-3.6622
			257.8001
			186.4992
			154.6113
	==================================================================================
	Q4:
		Shape: Ellipse
		q_c:	254.0	31.5	94.0
		ub :	257.1766	34.0424	97.0116
		lb :	250.8234	28.9576	90.9884
		P^-1:
			0.2828	-0.0719	-0.0115
			-0.0719	0.4076	0.0253
			-0.0115	0.0253	0.2541
	==================================================================================
	Q5:
		Shape: Hybrid
		q_c:	257.5	28.0	98.0
		ub :	259.8773	31.1172	100.9529
		lb :	255.1227	24.8828	95.0471
		P^-1:
			0.4216	-0.0655	-0.0409
			-0.0655	0.1764	0.0103
			-0.0409	0.0103	0.1664
		A:
			0.297	-0.7778	-0.5539
			-0.7907	-0.5635	-0.2393
			-0.5197	0.4603	0.7197
			-0.3747	-0.9049	0.202
			-0.8427	-0.4591	0.2814
			0.4529	0.7678	-0.4531
		b:
			1.9044
			-241.3806
			-49.1176
			-100.3054
			-201.001
			95.3943
	==================================================================================
	Q6:
		Shape: Ellipse
		q_c:	251.5	34.5	95.0
		ub :	253.9558	36.1296	97.9182
		lb :	249.0442	32.8704	92.0818
		P^-1:
			0.5455	-0.2301	-0.1173
			-0.2301	0.8633	0.0659
			-0.1173	0.0659	0.1957


===========================================================================================
===========================================================================================
S2:
	q_c:	61.0	400.5	376.0
	ub :	70.083	412.3367	397.4504
	lb :	43.9667	388.2546	359.5928

	==================================================================================
	Q1:
		Shape: Ellipse
		q_c:	59.0	402.5	367.5
		ub :	67.1916	410.3122	375.4072
		lb :	50.8084	394.6878	359.5928
		P^-1:
			0.0413	0.0026	-0.002
			0.0026	0.0452	-0.0039
			-0.002	-0.0039	0.0429
	==================================================================================
	Q2:
		Shape: Hybrid
		q_c:	62.5	399.5	388.5
		ub :	70.083	408.2332	397.4504
		lb :	54.917	390.7668	379.5496
		P^-1:
			0.0342	0.0065	0.0074
			0.0065	0.0375	0.005
			0.0074	0.005	0.0385
		A:
			0.5765	0.6824	-0.4495
			0.1918	0.6498	-0.7355
			-0.2055	0.0075	-0.9786
			0.6703	0.3656	0.6457
			-0.6804	-0.6578	0.323
			-0.6941	-0.5676	-0.4428
		b:
			137.225
			-10.8496
			-387.2643
			441.1484
			-176.7054
			-439.8043
	==================================================================================
	Q3:
		Shape: Ellipse
		q_c:	57.0	404.0	389.0
		ub :	64.2872	409.0622	393.9543
		lb :	49.7128	398.9378	384.0457
		P^-1:
			0.0396	-0.0245	-0.0126
			-0.0245	0.1027	-0.0036
			-0.0126	-0.0036	0.0783
	==================================================================================
	Q4:
		Shape: Ellipse
		q_c:	50.5	395.0	381.5
		ub :	57.0333	401.7454	386.478
		lb :	43.9667	388.2546	376.522
		P^-1:
			0.0861	0.0524	0.03
			0.0524	0.0869	0.0194
			0.03	0.0194	0.1018
	==================================================================================
	Q5:
		Shape: Polyhedra
		q_c:	54.5	400.0	388.0
		ub :	56.0364	405.2701	392.8387
		lb :	52.9636	394.7299	383.1613
		A:
			0.6783	-0.5033	-0.5353
			-0.975	0.0357	-0.2194
			-0.1443	0.9541	0.2625
			0.7798	0.3788	0.4984
			-0.519	-0.3367	-0.7857
			0.0887	-0.0749	-0.9932
			0.2004	0.6343	0.7466
			0.0468	0.755	-0.654
			-0.9786	0.166	0.1216
			-0.2004	-0.6343	-0.7466
			-0.0468	-0.755	0.654
			0.9786	-0.166	-0.1216
		b:
			-370.8662
			-122.6979
			478.849
			388.7106
			-465.9117
			-407.0263
			555.8504
			56.3023
			61.2414
			-552.8504
			-45.3023
			-59.2414
	==================================================================================
	Q6:
		Shape: Hybrid
		q_c:	56.5	406.5	367.0
		ub :	59.1135	412.3367	371.9438
		lb :	53.8865	400.6633	362.0562
		P^-1:
			0.16	0.0016	0.0013
			0.0016	0.0539	-0.0282
			0.0013	-0.0282	0.0972
		A:
			-0.4608	0.0203	-0.8873
			-0.6314	-0.7703	-0.0891
			0.391	0.8614	-0.3241
			0.0981	0.2884	0.9525
			-0.5231	-0.5658	-0.6374
			0.5999	-0.418	0.6822
		b:
			-341.4299
			-378.7201
			255.913
			475.1325
			-490.4912
			115.9227


===========================================================================================
===========================================================================================
S3:
	q_c:	478.0	123.0	203.5
	ub :	501.4744	153.357	227.3839
	lb :	457.1996	98.0543	178.5822

	==================================================================================
	Q1:
		Shape: Polyhedra
		q_c:	466.5	121.5	210.0
		ub :	475.8004	131.5024	221.1917
		lb :	457.1996	111.4976	198.8083
		A:
			-0.7724	0.0372	0.6341
			0.2648	-0.0548	-0.9628
			-0.7552	0.5638	0.3343
			-0.3093	-0.1941	0.9309
			0.9606	-0.2184	-0.1717
			-0.9332	0.0176	0.3591
			0.6502	0.3504	0.6742
			-0.7562	0.2128	0.6187
			0.0734	-0.9121	0.4033
			-0.6502	-0.3504	-0.6742
			0.7562	-0.2128	-0.6187
			-0.0734	0.9121	-0.4033
		b:
			-218.989
			-79.4397
			-209.3099
			33.1456
			390.8524
			-353.047
			496.952
			-193.5003
			14.6172
			-477.952
			200.5003
			-1.6172
	==================================================================================
	Q2:
		Shape: Ellipse
		q_c:	476.5	120.0	216.0
		ub :	484.6442	131.9015	227.3839
		lb :	468.3558	108.0985	204.6161
		P^-1:
			0.0426	0.0107	-0.0095
			0.0107	0.0204	0.0021
			-0.0095	0.0021	0.0224
	==================================================================================
	Q3:
		Shape: Ellipse
		q_c:	491.0	128.0	194.0
		ub :	501.4744	134.511	203.4202
		lb :	480.5256	121.489	184.5798
		P^-1:
			0.0247	0.011	-0.01
			0.011	0.0582	0.0083
			-0.01	0.0083	0.0335
	==================================================================================
	Q4:
		Shape: Ellipse
		q_c:	478.5	132.0	193.5
		ub :	491.0615	141.8503	207.2527
		lb :	465.9385	122.1497	179.7473
		P^-1:
			0.0249	0.0116	-0.0063
			0.0116	0.0417	0.0111
			-0.0063	0.0111	0.0175
	==================================================================================
	Q5:
		Shape: Hybrid
		q_c:	465.5	106.0	192.5
		ub :	473.4043	113.9457	199.7289
		lb :	457.5957	98.0543	185.2711
		P^-1:
			0.0207	-0.0013	0.0032
			-0.0013	0.0314	-0.0154
			0.0032	-0.0154	0.0545
		A:
			0.3417	0.8049	-0.4851
			0.5528	-0.371	-0.7462
			-0.1736	-0.0037	-0.9848
			-0.6356	-0.3006	-0.7111
			0.078	-0.2058	0.9755
			0.2208	0.9422	-0.2521
		b:
			154.2552
			78.6617
			-268.1687
			-460.5944
			204.5015
			157.7971
	==================================================================================
	Q6:
		Shape: Polyhedra
		q_c:	470.5	140.0	191.5
		ub :	482.4482	153.357	204.4178
		lb :	458.5518	126.643	178.5822
		A:
			-0.963	-0.1806	0.1999
			-0.0214	-0.8542	0.5196
			0.5718	-0.0039	0.8204
			0.3712	0.9181	-0.1392
			0.7237	0.5834	0.3688
			-0.6235	0.4557	-0.6353
			0.6133	0.5607	0.5563
			-0.0623	-0.6678	0.7417
			0.7874	-0.4896	-0.3746
			-0.6133	-0.5607	-0.5563
			0.0623	0.6678	-0.7417
			-0.7874	0.4896	0.3746
		b:
			-432.0305
			-23.0273
			433.6213
			284.2356
			501.2294
			-343.604
			482.0871
			26.2485
			238.1896
			-465.0871
			-12.2485
			-222.1896


===========================================================================================
===========================================================================================
S4:
	q_c:	43.5	366.5	140.0
	ub :	64.0465	388.4181	155.7996
	lb :	18.6665	359.959	124.8789

	==================================================================================
	Q1:
		Shape: Ellipse
		q_c:	26.5	380.0	133.5
		ub :	34.3335	388.0677	142.1211
		lb :	18.6665	371.9323	124.8789
		P^-1:
			0.0857	-0.0545	-0.03
			-0.0545	0.0737	0.0423
			-0.03	0.0423	0.0584
	==================================================================================
	Q2:
		Shape: Polyhedra
		q_c:	37.0	381.0	133.0
		ub :	42.2566	384.99	137.9329
		lb :	31.7434	377.01	128.0671
		A:
			-0.3811	0.9198	-0.094
			-0.8157	-0.5118	-0.2696
			0.7355	-0.1435	-0.6622
			0.1831	0.9507	0.2502
			0.5085	-0.7884	-0.346
			0.0316	0.3587	-0.9329
			0.9711	0.0671	0.2291
			-0.145	-0.5967	0.7892
			0.1897	-0.7996	-0.5698
			-0.9711	-0.0671	-0.2291
			0.145	0.5967	-0.7892
			-0.1897	0.7996	0.5698
		b:
			326.7311
			-256.9061
			-112.1493
			404.8748
			-325.1024
			17.2032
			96.4829
			-124.2576
			-371.4115
			-87.4829
			131.2576
			375.4115
	==================================================================================
	Q3:
		Shape: Polyhedra
		q_c:	56.0	378.0	147.0
		ub :	64.0465	383.6696	155.7996
		lb :	47.9535	372.3304	138.2004
		A:
			-0.4786	0.2414	-0.8442
			-0.4682	-0.8836	0.0046
			0.1084	0.5785	-0.8084
			0.3783	0.921	0.093
			-0.1701	-0.8361	0.5215
			0.8705	0.4911	0.0327
			0.288	0.3263	0.9003
			-0.1402	0.9444	-0.2975
			-0.9473	-0.0405	0.3177
			-0.288	-0.3263	-0.9003
			0.1402	-0.9444	0.2975
			0.9473	0.0405	-0.3177
		b:
			-53.9091
			-354.7584
			110.7637
			387.7667
			-244.9145
			245.0651
			278.3292
			308.8996
			-15.6559
			-265.3292
			-301.8996
			27.6559
	==================================================================================
	Q4:
		Shape: Polyhedra
		q_c:	31.0	380.0	137.5
		ub :	40.3299	388.4181	146.6854
		lb :	21.6701	371.5819	128.3146
		A:
			-0.5359	-0.8442	-0.0067
			0.2407	0.7794	0.5784
			-0.4098	0.8236	-0.3921
			0.5579	0.3449	0.7549
			0.8503	0.0104	-0.5262
			0.1115	0.5066	0.8549
			0.8425	0.2429	0.4808
			-0.5154	0.1037	0.8507
			0.1568	-0.9645	0.2125
			-0.8425	-0.2429	-0.4808
			0.5154	-0.1037	-0.8507
			-0.1568	0.9645	-0.2125
		b:
			-331.881
			389.4852
			252.8367
			258.5101
			-36.3211
			319.519
			191.0297
			145.8784
			-325.9303
			-178.0297
			-134.8784
			338.9303
	==================================================================================
	Q5:
		Shape: Polyhedra
		q_c:	48.5	375.5	144.0
		ub :	52.6372	381.3488	150.0782
		lb :	44.3628	369.6512	137.9218
		A:
			0.6969	-0.5798	0.4221
			-0.7508	0.5089	-0.4211
			-0.2392	-0.9584	-0.1559
			-0.127	0.5718	-0.8105
			0.6148	0.5372	0.5774
			-0.7057	0.1695	-0.688
			0.1744	0.7278	0.6633
			-0.1099	0.6838	-0.7214
			-0.9785	0.0529	0.1992
			-0.1744	-0.7278	-0.6633
			0.1099	-0.6838	0.7214
			0.9785	-0.0529	-0.1992
		b:
			-120.1399
			97.0371
			-389.4116
			94.8697
			319.3103
			-66.132
			382.2463
			150.5552
			4.0815
			-372.2463
			-144.5552
			1.9185
	==================================================================================
	Q6:
		Shape: Hybrid
		q_c:	40.0	365.5	146.0
		ub :	48.9013	371.041	153.1444
		lb :	31.0987	359.959	138.8556
		P^-1:
			0.0742	0.0081	-0.0884
			0.0081	0.1353	-0.0637
			-0.0884	-0.0637	0.1655
		A:
			0.3388	0.8205	-0.4604
			-0.8402	-0.1252	0.5277
			-0.4625	-0.3478	0.8155
			0.3005	0.7699	0.563
			-0.478	0.7432	-0.4681
			0.6068	-0.3251	-0.7253
		b:
			248.0106
			0.6273
			-25.5341
			381.2248
			187.7822
			-198.8546


===========================================================================================
===========================================================================================
S5:
	q_c:	120.0	378.0	454.0
	ub :	124.7861	384.0314	458.9666
	lb :	116.0483	375.0297	449.9924

	==================================================================================
	Q1:
		Shape: Hybrid
		q_c:	118.5	379.5	452.5
		ub :	120.9517	381.6038	455.0076
		lb :	116.0483	377.3962	449.9924
		P^-1:
			0.4444	0.0	-0.0
			0.0	0.4444	0.0
			-0.0	0.0	0.4444
		A:
			0.4638	0.3732	-0.8035
			-0.2494	-0.9641	0.0908
			-0.3947	-0.6533	-0.6461
			-0.2334	-0.5738	0.7851
			-0.1324	-0.676	-0.7249
			-0.6952	0.4864	0.5293
		b:
			-166.2318
			-353.5894
			-586.3022
			110.5883
			-599.5027
			342.4758
	==================================================================================
	Q2:
		Shape: Hybrid
		q_c:	122.0	379.5	453.5
		ub :	124.1992	381.2563	455.5393
		lb :	119.8008	377.7437	451.4607
		P^-1:
			0.669	0.2588	0.0859
			0.2588	0.7426	0.0989
			0.0859	0.0989	0.4773
		A:
			0.0811	-0.0685	0.9944
			-0.6418	0.5006	0.5809
			0.7691	0.2065	0.6048
			-0.8889	0.1409	0.4359
			-0.6759	-0.1799	-0.7147
			0.4614	0.4735	0.7503
		b:
			435.8025
			376.1568
			447.208
			143.658
			-474.1116
			576.9281
	==================================================================================
	Q3:
		Shape: Hybrid
		q_c:	118.5	379.0	453.5
		ub :	120.3481	381.0302	455.6907
		lb :	116.6519	376.9698	451.3093
		P^-1:
			0.6911	-0.1145	-0.2512
			-0.1145	0.4976	0.1166
			-0.2512	0.1166	0.7002
		A:
			-0.0988	0.2031	0.9742
			0.9619	-0.2454	0.1203
			-0.1013	0.5934	0.7985
			-0.6717	0.4485	-0.5897
			-0.0776	0.2127	0.974
			0.8931	0.244	-0.3779
		b:
			507.7495
			76.3984
			575.7288
			-176.0703
			513.8559
			27.6382
	==================================================================================
	Q4:
		Shape: Ellipse
		q_c:	119.5	378.5	455.5
		ub :	121.3473	380.7819	457.7219
		lb :	117.6527	376.2181	453.2781
		P^-1:
			0.4444	-0.0	-0.0
			-0.0	0.4444	-0.0
			-0.0	-0.0	0.4444
	==================================================================================
	Q5:
		Shape: Hybrid
		q_c:	123.0	377.0	454.5
		ub :	124.7861	378.9703	456.5243
		lb :	121.2139	375.0297	452.4757
		P^-1:
			0.952	-0.1203	0.0995
			-0.1203	0.6986	0.2493
			0.0995	0.2493	0.7939
		A:
			0.3592	0.7811	0.5108
			-0.9125	-0.2923	0.2861
			0.735	0.0402	-0.6769
			0.3784	0.7119	0.5916
			0.5958	-0.7315	0.3315
			0.9961	-0.0325	-0.0818
		b:
			571.3738
			-91.6781
			-201.3582
			584.3725
			-51.1755
			73.6471
	==================================================================================
	Q6:
		Shape: Ellipse
		q_c:	121.5	381.0	456.0
		ub :	124.3405	384.0314	458.9666
		lb :	118.6595	377.9686	453.0334
		P^-1:
			0.2508	0.008	0.0092
			0.008	0.3334	0.0959
			0.0092	0.0959	0.3602


===========================================================================================
===========================================================================================
S6:
	q_c:	384.5	395.0	99.5
	ub :	420.0523	423.2721	136.9737
	lb :	352.7803	366.0031	68.7557

	==================================================================================
	Q1:
		Shape: Ellipse
		q_c:	404.0	387.5	114.5
		ub :	420.0523	403.6863	128.5106
		lb :	387.9477	371.3137	100.4894
		P^-1:
			0.0091	0.0038	0.0028
			0.0038	0.0128	0.0015
			0.0028	0.0015	0.0146
	==================================================================================
	Q2:
		Shape: Hybrid
		q_c:	380.0	391.0	81.5
		ub :	393.3065	405.1826	93.8846
		lb :	366.6935	376.8174	69.1154
		P^-1:
			0.0192	-0.0017	-0.0064
			-0.0017	0.018	-0.0078
			-0.0064	-0.0078	0.0186
		A:
			0.2355	0.7269	-0.645
			-0.6651	0.4922	-0.5616
			-0.2812	0.9363	-0.2103
			0.6508	0.5968	-0.4694
			-0.8763	0.458	-0.1497
			0.5252	-0.0185	-0.8508
		b:
			324.3338
			-101.2974
			246.3139
			446.2128
			-161.8123
			127.0293
	==================================================================================
	Q3:
		Shape: Polyhedra
		q_c:	388.5	380.0	89.5
		ub :	401.5922	393.1121	96.1841
		lb :	375.4078	366.8879	82.8159
		A:
			-0.948	-0.3007	-0.1045
			-0.4991	-0.2103	0.8406
			-0.2002	0.7077	-0.6776
			0.2159	-0.181	-0.9595
			-0.1073	-0.6526	-0.75
			-0.1538	-0.0205	0.9879
			0.1985	0.1704	0.9652
			-0.5671	-0.7832	0.2549
			0.7994	-0.598	-0.0588
			-0.1985	-0.1704	-0.9652
			0.5671	0.7832	-0.2549
			-0.7994	0.598	0.0588
		b:
			-483.3415
			-191.4322
			138.2083
			-65.6052
			-351.0432
			25.9833
			232.2474
			-486.1273
			87.0679
			-224.2474
			504.1273
			-69.0679
	==================================================================================
	Q4:
		Shape: Hybrid
		q_c:	391.5	385.5	119.0
		ub :	404.8259	404.9969	136.9737
		lb :	378.1741	366.0031	101.0263
		P^-1:
			0.0197	0.0001	-0.006
			0.0001	0.0065	0.0046
			-0.006	0.0046	0.0134
		A:
			0.324	-0.0622	-0.944
			0.4864	-0.6178	-0.6178
			0.9591	0.0882	-0.269
			0.9797	0.0816	-0.183
			-0.1624	0.6104	0.7753
			-0.075	-0.506	-0.8592
		b:
			-3.6083
			-116.0727
			381.148
			397.0376
			269.0168
			-321.4395
	==================================================================================
	Q5:
		Shape: Polyhedra
		q_c:	365.5	386.5	82.5
		ub :	378.2197	400.2972	96.2443
		lb :	352.7803	372.7028	68.7557
		A:
			0.0539	-0.7409	0.6694
			0.0553	0.226	0.9726
			0.3598	-0.8716	-0.333
			0.6866	-0.1889	-0.702
			0.2533	0.3004	-0.9196
			-0.0654	0.9651	0.2537
			0.5417	0.6283	0.5584
			0.7552	-0.072	-0.6515
			-0.3691	0.7746	-0.5135
			-0.5417	-0.6283	-0.5584
			-0.7552	0.072	0.6515
			0.3691	-0.7746	0.5135
		b:
			-201.8354
			195.8136
			-224.2982
			125.6259
			140.412
			379.2319
			495.8833
			199.9417
			132.1304
			-477.8833
			-188.9417
			-112.1304
	==================================================================================
	Q6:
		Shape: Polyhedra
		q_c:	376.0	414.5	116.5
		ub :	387.4669	423.2721	125.0705
		lb :	364.5331	405.7279	107.9295
		A:
			0.1945	-0.4745	0.8585
			-0.2213	0.8271	-0.5166
			-0.6417	-0.1554	0.751
			0.5039	0.6506	-0.5681
			-0.4492	0.5665	0.6909
			0.3272	-0.216	-0.9199
			0.7691	0.403	0.496
			0.3921	0.3153	-0.8642
			-0.5047	0.8591	0.0845
			-0.7691	-0.403	-0.496
			-0.3921	-0.3153	0.8642
			0.5047	-0.8591	-0.0845
		b:
			-18.3297
			203.3673
			-214.2567
			398.0482
			150.829
			-69.0696
			524.5369
			180.9267
			180.1941
			-503.5369
			-173.9267
			-172.1941


===========================================================================================
===========================================================================================
S7:
	q_c:	102.5	112.5	398.5
	ub :	116.795	129.5988	417.6015
	lb :	85.1288	95.0986	387.0259

	==================================================================================
	Q1:
		Shape: Ellipse
		q_c:	105.5	108.0	405.5
		ub :	113.4674	114.8568	414.0611
		lb :	97.5326	101.1432	396.9389
		P^-1:
			0.0364	-0.0006	0.0034
			-0.0006	0.0399	0.0006
			0.0034	0.0006	0.0368
	==================================================================================
	Q2:
		Shape: Hybrid
		q_c:	93.0	101.5	393.0
		ub :	99.3952	107.9014	398.899
		lb :	86.6048	95.0986	387.101
		P^-1:
			0.0388	0.014	0.0071
			0.014	0.0734	0.0052
			0.0071	0.0052	0.065
		A:
			0.3375	0.6597	-0.6715
			-0.062	0.8086	0.585
			-0.5751	-0.7483	0.3305
			-0.0707	0.0393	0.9967
			-0.8063	-0.1379	-0.5752
			0.0312	0.0694	-0.9971
		b:
			-163.3123
			308.3718
			2.726
			391.3947
			-312.3186
			-379.6696
	==================================================================================
	Q3:
		Shape: Ellipse
		q_c:	108.5	120.0	394.0
		ub :	116.795	129.5988	400.9741
		lb :	100.205	110.4012	387.0259
		P^-1:
			0.0387	0.0145	-0.0042
			0.0145	0.0328	0.0112
			-0.0042	0.0112	0.0582
	==================================================================================
	Q4:
		Shape: Polyhedra
		q_c:	96.0	117.5	406.5
		ub :	105.9038	126.1896	417.6015
		lb :	86.0962	108.8104	395.3985
		A:
			-0.1816	-0.8345	-0.5203
			0.1616	0.9657	-0.2032
			-0.044	-0.4246	-0.9043
			-0.5467	0.5294	0.6487
			-0.1509	0.9514	-0.2684
			0.1892	0.6337	0.7501
			0.0333	0.9263	0.3752
			0.826	0.1859	-0.5322
			-0.5627	0.3276	-0.759
			-0.0333	-0.9263	-0.3752
			-0.826	-0.1859	0.5322
			0.5627	-0.3276	0.759
		b:
			-321.3828
			52.4116
			-415.4777
			279.6968
			-5.6828
			403.43
			270.0699
			-108.1813
			-317.0379
			-259.0699
			122.1813
			331.0379
	==================================================================================
	Q5:
		Shape: Hybrid
		q_c:	103.0	120.5	400.5
		ub :	110.6959	127.3775	406.5605
		lb :	95.3041	113.6225	394.4395
		P^-1:
			0.0743	0.0547	-0.0118
			0.0547	0.1041	0.0383
			-0.0118	0.0383	0.1131
		A:
			-0.3957	0.774	0.4944
			-0.0106	-0.9213	-0.3887
			-0.6646	-0.6953	0.2736
			-0.8363	-0.4658	0.2892
			0.1344	0.9859	0.1
			0.4222	0.2378	0.8748
		b:
			253.893
			-265.2834
			-41.1008
			-24.5594
			175.4924
			425.1626
	==================================================================================
	Q6:
		Shape: Hybrid
		q_c:	93.0	113.5	405.5
		ub :	100.8712	121.8421	412.6657
		lb :	85.1288	105.1579	398.3343
		P^-1:
			0.0984	-0.0224	-0.1083
			-0.0224	0.0218	0.0301
			-0.1083	0.0301	0.1632
		A:
			-0.5259	0.0877	0.846
			-0.6408	0.3186	0.6984
			-0.1792	-0.7368	-0.6519
			-0.8854	-0.2279	0.4051
			0.4184	-0.337	-0.8434
			-0.758	0.1968	0.6219
		b:
			305.2678
			261.2417
			-358.9437
			59.8856
			-339.6144
			205.684


===========================================================================================
===========================================================================================
