3D_50_12_6_c                l = 3

===========================================================================================
===========================================================================================
S1:
	q_c:	45.5	219.5	199.5
	ub :	73.2196	247.436	227.4877
	lb :	18.3776	198.2109	174.0633

	==================================================================================
	Q1:
		Shape: Polyhedra
		q_c:	62.0	229.5	213.0
		ub :	73.2196	239.9576	225.1328
		lb :	50.7804	219.0424	200.8672
		A:
			-0.2202	0.2749	-0.9359
			-0.7366	-0.1494	-0.6596
			-0.6958	0.4293	-0.5758
			-0.3496	-0.9146	0.203
			0.0236	0.6908	-0.7226
			0.8923	0.4274	-0.1457
			0.4855	0.6191	0.6172
			-0.8313	0.1084	0.5452
			0.2707	-0.7778	0.5673
			-0.4855	-0.6191	-0.6172
			0.8313	-0.1084	-0.5452
			-0.2707	0.7778	-0.5673
		b:
			-143.0886
			-213.1913
			-60.5091
			-181.4198
			12.6434
			129.5516
			311.1595
			96.4567
			-34.386
			-296.1595
			-82.4567
			47.386
	==================================================================================
	Q2:
		Shape: Hybrid
		q_c:	59.5	211.0	187.0
		ub :	72.9232	223.7891	199.9367
		lb :	46.0768	198.2109	174.0633
		P^-1:
			0.0227	0.0024	-0.0113
			0.0024	0.0143	-0.0044
			-0.0113	-0.0044	0.0182
		A:
			-0.925	-0.154	0.3473
			-0.482	-0.8531	0.1995
			0.3561	0.5066	-0.7852
			0.5903	-0.6143	-0.5236
			-0.973	0.1221	0.1959
			-0.7796	0.0884	0.62
		b:
			-19.0725
			-166.3758
			-14.9838
			-187.4082
			8.8112
			91.372
	==================================================================================
	Q3:
		Shape: Hybrid
		q_c:	62.0	236.5	205.0
		ub :	72.6836	247.436	213.6835
		lb :	51.3164	225.564	196.3165
		P^-1:
			0.0443	0.0005	-0.0471
			0.0005	0.0111	-0.0007
			-0.0471	-0.0007	0.0778
		A:
			0.6645	0.3196	-0.6755
			-0.3907	0.2718	0.8795
			0.5115	-0.6043	-0.6109
			0.3232	0.0018	-0.9463
			0.6411	0.357	-0.6794
			0.2413	0.115	-0.9636
		b:
			-18.8679
			223.1338
			-231.6349
			-171.1028
			-12.0887
			-152.3874
	==================================================================================
	Q4:
		Shape: Ellipse
		q_c:	29.5	219.5	188.0
		ub :	40.6224	231.838	198.8469
		lb :	18.3776	207.162	177.1531
		P^-1:
			0.0278	0.0202	-0.0039
			0.0202	0.0292	-0.0033
			-0.0039	-0.0033	0.013
	==================================================================================
	Q5:
		Shape: Polyhedra
		q_c:	37.5	232.0	187.0
		ub :	45.4983	239.3364	196.0422
		lb :	29.5017	224.6636	177.9578
		A:
			-0.5653	0.814	0.1332
			0.7159	-0.3583	0.5992
			-0.5499	0.7431	0.3815
			0.2591	0.3011	-0.9177
			0.7315	0.5863	-0.3481
			-0.5014	0.7692	0.3962
			0.2997	0.5695	0.7654
			0.9197	0.0409	-0.3906
			-0.2537	0.821	-0.5114
			-0.2997	-0.5695	-0.7654
			-0.9197	-0.0409	0.3906
			0.2537	-0.821	0.5114
		b:
			197.6364
			60.7991
			228.4768
			-86.8354
			103.6887
			239.1282
			292.4899
			-23.5535
			89.8152
			-280.4899
			34.5535
			-80.8152
	==================================================================================
	Q6:
		Shape: Hybrid
		q_c:	32.0	215.5	215.0
		ub :	43.574	228.0326	227.4877
		lb :	20.426	202.9674	202.5123
		P^-1:
			0.0224	0.0006	-0.0056
			0.0006	0.0128	0.0032
			-0.0056	0.0032	0.0215
		A:
			-0.1122	0.0973	-0.9889
			-0.4455	-0.2559	0.8579
			0.2107	-0.6743	-0.7078
			-0.6828	-0.5123	0.5208
			-0.5242	0.7924	-0.3119
			0.666	0.363	-0.6517
		b:
			-190.6233
			118.9647
			-286.6648
			-16.0796
			93.2044
			-36.7595


===========================================================================================
===========================================================================================
S2:
	q_c:	445.5	281.0	229.0
	ub :	468.2777	299.1495	248.4934
	lb :	427.5346	259.9778	212.3817

	==================================================================================
	Q1:
		Shape: Polyhedra
		q_c:	449.5	275.0	239.5
		ub :	454.5657	279.8355	244.819
		lb :	444.4343	270.1645	234.181
		A:
			-0.3592	0.3159	0.8782
			-0.6517	-0.1364	-0.7461
			-0.7955	0.382	-0.4704
			-0.8121	-0.5829	-0.0285
			-0.4795	-0.1794	0.859
			-0.7509	-0.0009	-0.6604
			0.1718	0.576	0.7992
			0.9652	0.0638	-0.2535
			-0.197	0.8149	-0.545
			-0.1718	-0.576	-0.7992
			-0.9652	-0.0638	0.2535
			0.197	-0.8149	0.545
		b:
			139.0583
			-505.8277
			-361.5064
			-528.401
			-55.4796
			-492.4828
			430.0275
			394.7143
			8.5336
			-424.0275
			-386.7143
			-1.5336
	==================================================================================
	Q2:
		Shape: Ellipse
		q_c:	437.0	280.0	223.5
		ub :	441.6928	288.6944	232.0022
		lb :	432.3072	271.3056	214.9978
		P^-1:
			0.2256	-0.0692	0.0051
			-0.0692	0.0521	-0.0067
			0.0051	-0.0067	0.029
	==================================================================================
	Q3:
		Shape: Polyhedra
		q_c:	437.5	288.5	230.0
		ub :	447.4654	299.1495	237.748
		lb :	427.5346	277.8505	222.252
		A:
			-0.2132	-0.726	0.6538
			-0.0813	-0.6476	-0.7577
			-0.2379	-0.7347	0.6353
			-0.7141	0.0937	0.6937
			-0.1983	0.046	-0.9791
			-0.0635	-0.996	-0.0634
			0.8444	0.5061	0.1754
			-0.0596	-0.2365	0.9698
			0.5323	-0.8294	-0.1695
			-0.8444	-0.5061	-0.1754
			0.0596	0.2365	-0.9698
			-0.5323	0.8294	0.1695
		b:
			-146.3002
			-390.1233
			-163.8455
			-119.5073
			-292.993
			-322.7142
			562.7942
			134.2354
			-38.3707
			-548.7942
			-123.2354
			52.3707
	==================================================================================
	Q4:
		Shape: Ellipse
		q_c:	435.5	274.5	220.0
		ub :	441.9204	282.3197	227.5849
		lb :	429.0796	266.6803	212.4151
		P^-1:
			0.028	0.0024	-0.0027
			0.0024	0.0508	-0.0305
			-0.0027	-0.0305	0.051
	==================================================================================
	Q5:
		Shape: Hybrid
		q_c:	449.5	286.0	219.5
		ub :	455.285	293.8234	226.6183
		lb :	443.715	278.1766	212.3817
		P^-1:
			0.0614	0.0059	0.0025
			0.0059	0.0307	-0.0137
			0.0025	-0.0137	0.0566
		A:
			0.5919	-0.4853	0.6435
			0.931	0.3607	0.0555
			0.4803	0.8319	-0.278
			0.6043	-0.2608	0.7529
			-0.3461	0.0255	0.9378
			0.1372	0.1039	-0.9851
		b:
			270.8067
			535.9578
			395.7293
			364.301
			60.1723
			-122.5354
	==================================================================================
	Q6:
		Shape: Hybrid
		q_c:	458.0	269.5	240.0
		ub :	468.2777	279.0222	248.4934
		lb :	447.7223	259.9778	231.5066
		P^-1:
			0.0314	-0.021	0.0026
			-0.021	0.0497	-0.024
			0.0026	-0.024	0.0544
		A:
			-0.024	0.3232	-0.946
			-0.7693	0.6359	-0.0619
			0.4147	-0.1321	0.9003
			-0.3114	0.3334	-0.8899
			-0.0627	0.5321	-0.8444
			-0.2066	0.2262	-0.9519
		b:
			-148.6047
			-193.1812
			374.0064
			-263.7515
			-85.9782
			-259.3352


===========================================================================================
===========================================================================================
S3:
	q_c:	405.5	254.0	159.5
	ub :	424.9309	274.7942	177.5623
	lb :	392.0023	241.6674	142.9417

	==================================================================================
	Q1:
		Shape: Polyhedra
		q_c:	402.5	266.5	170.5
		ub :	410.5556	274.7942	176.0627
		lb :	394.4444	258.2058	164.9373
		A:
			0.4534	0.1905	-0.8707
			0.5272	0.7238	0.4452
			0.9839	0.1501	-0.0971
			0.5271	-0.0295	0.8493
			0.5113	0.5778	0.6362
			0.1096	0.4857	-0.8672
			0.6768	0.6608	0.3244
			0.715	-0.695	-0.076
			0.1753	0.2833	-0.9429
			-0.6768	-0.6608	-0.3244
			-0.715	0.695	0.076
			-0.1753	-0.2833	0.9429
		b:
			89.0431
			485.0752
			424.5197
			353.4336
			472.2727
			29.8063
			507.8404
			96.0942
			-10.712
			-499.8404
			-83.0942
			18.712
	==================================================================================
	Q2:
		Shape: Ellipse
		q_c:	400.0	253.0	158.5
		ub :	407.9977	259.1728	166.3715
		lb :	392.0023	246.8272	150.6285
		P^-1:
			0.0443	0.0179	-0.0161
			0.0179	0.0828	-0.0301
			-0.0161	-0.0301	0.0571
	==================================================================================
	Q3:
		Shape: Hybrid
		q_c:	401.0	262.0	162.0
		ub :	406.878	265.6048	169.4091
		lb :	395.122	258.3952	154.5909
		P^-1:
			0.0865	-0.0449	-0.0162
			-0.0449	0.2372	-0.0148
			-0.0162	-0.0148	0.0317
		A:
			0.3482	0.9002	-0.2616
			-0.4938	-0.8694	-0.0171
			0.0729	-0.8464	0.5275
			-0.1161	-0.8542	0.5068
			0.9987	0.0478	0.0177
			0.0521	0.9907	0.126
		b:
			334.766
			-426.2632
			-104.7831
			-186.1457
			418.8504
			302.5313
	==================================================================================
	Q4:
		Shape: Hybrid
		q_c:	410.0	261.5	151.0
		ub :	415.6979	269.3321	159.0583
		lb :	404.3021	253.6679	142.9417
		P^-1:
			0.1349	0.0033	0.0505
			0.0033	0.0332	0.0016
			0.0505	0.0016	0.058
		A:
			-0.7732	-0.255	-0.5806
			-0.6617	-0.1202	-0.7401
			-0.0978	0.9819	0.1625
			0.658	0.2163	0.7213
			-0.0649	-0.0191	0.9977
			0.7411	-0.0928	0.6649
		b:
			-469.7458
			-412.5988
			245.4367
			437.1863
			122.9781
			381.6291
	==================================================================================
	Q5:
		Shape: Hybrid
		q_c:	417.5	253.0	170.0
		ub :	424.9309	260.4367	177.5623
		lb :	410.0691	245.5633	162.4377
		P^-1:
			0.0571	-0.0178	-0.0247
			-0.0178	0.0798	-0.0326
			-0.0247	-0.0326	0.0763
		A:
			-0.417	0.7283	0.5437
			0.5936	-0.7788	-0.2027
			-0.0531	-0.3988	0.9155
			-0.8765	-0.1715	0.4499
			-0.5345	0.7449	-0.3993
			-0.5472	-0.1803	0.8174
		b:
			105.4175
			18.3848
			34.6215
			-330.2355
			-100.6474
			-133.3679
	==================================================================================
	Q6:
		Shape: Ellipse
		q_c:	403.0	249.0	166.0
		ub :	411.4817	256.3326	174.3238
		lb :	394.5183	241.6674	157.6762
		P^-1:
			0.0496	0.0238	0.0052
			0.0238	0.0631	0.003
			0.0052	0.003	0.0298


===========================================================================================
===========================================================================================
S4:
	q_c:	255.0	314.0	148.5
	ub :	274.5995	333.6397	173.287
	lb :	245.7365	297.113	131.3224

	==================================================================================
	Q1:
		Shape: Polyhedra
		q_c:	265.5	324.5	165.0
		ub :	274.5995	333.6397	173.287
		lb :	256.4005	315.3603	156.713
		A:
			-0.7244	-0.0982	-0.6824
			0.1194	0.9893	-0.0833
			-0.8737	-0.3376	0.3502
			0.7101	0.375	-0.5959
			-0.5123	-0.8154	-0.2695
			0.7688	0.1459	-0.6226
			0.7267	0.6869	0.0038
			0.681	-0.7212	0.1272
			0.0902	-0.0899	-0.9919
			-0.7267	-0.6869	-0.0038
			-0.681	0.7212	-0.1272
			-0.0902	0.0899	0.9919
		b:
			-330.1877
			344.9376
			-277.7895
			218.2541
			-439.3407
			155.3191
			421.9773
			-25.7209
			-161.3905
			-410.9773
			38.7209
			176.3905
	==================================================================================
	Q2:
		Shape: Hybrid
		q_c:	255.5	313.5	147.5
		ub :	262.7593	320.3055	155.4346
		lb :	248.2407	306.6945	139.5654
		P^-1:
			0.0343	-0.0006	0.0026
			-0.0006	0.0334	-0.0013
			0.0026	-0.0013	0.0384
		A:
			0.4661	0.2894	0.836
			-0.4839	0.2628	-0.8347
			0.7265	0.6364	0.2592
			-0.8978	0.4395	-0.0292
			0.8552	0.5017	-0.1304
			-0.5408	0.6586	0.5232
		b:
			335.7659
			-161.8624
			426.289
			-93.0373
			359.5327
			148.4509
	==================================================================================
	Q3:
		Shape: Polyhedra
		q_c:	263.5	308.0	137.0
		ub :	266.9809	314.4355	142.6776
		lb :	260.0191	301.5645	131.3224
		A:
			-0.9565	0.2324	0.1766
			0.544	-0.2235	-0.8088
			-0.1691	0.4298	0.8869
			-0.3428	0.365	0.8656
			0.9433	0.1422	-0.3
			0.8412	0.0028	-0.5408
			0.0257	0.599	0.8003
			-0.3339	0.7598	-0.5579
			-0.9423	-0.2529	0.2195
			-0.0257	-0.599	-0.8003
			0.3339	-0.7598	0.5579
			0.9423	0.2529	-0.2195
		b:
			-153.4484
			-34.0836
			211.8482
			143.0745
			252.7894
			150.146
			303.4101
			75.6069
			-294.5967
			-298.4101
			-63.6069
			297.5967
	==================================================================================
	Q4:
		Shape: Hybrid
		q_c:	250.5	316.5	160.0
		ub :	255.2635	325.2639	169.1353
		lb :	245.7365	307.7361	150.8647
		P^-1:
			0.0801	0.0015	-0.0092
			0.0015	0.0237	-0.0002
			-0.0092	-0.0002	0.0252
		A:
			0.5253	-0.2547	-0.8119
			0.7888	0.2941	0.5397
			-0.9608	0.1278	-0.2459
			-0.6707	0.6852	0.2842
			-0.9188	0.3926	-0.0404
			-0.0347	0.3135	0.9489
		b:
			-75.1846
			380.5309
			-237.1303
			97.8679
			-109.8349
			247.0392
	==================================================================================
	Q5:
		Shape: Hybrid
		q_c:	262.0	304.0	142.0
		ub :	268.2979	310.887	147.5944
		lb :	255.7021	297.113	136.4056
		P^-1:
			0.1349	-0.0209	-0.0922
			-0.0209	0.0484	-0.0158
			-0.0922	-0.0158	0.1762
		A:
			0.8933	-0.0333	-0.4482
			-0.6005	0.6018	0.5266
			0.7195	-0.3453	-0.6025
			-0.4781	0.3547	-0.8035
			0.8456	0.5313	-0.0506
			0.2848	0.1292	-0.9498
		b:
			161.8804
			102.6416
			-0.6108
			-128.9303
			379.9129
			-19.5977
	==================================================================================
	Q6:
		Shape: Polyhedra
		q_c:	268.5	318.5	150.5
		ub :	273.2325	326.7748	157.5805
		lb :	263.7675	310.2252	143.4195
		A:
			-0.4971	0.1401	0.8563
			0.2057	0.7099	0.6736
			0.8984	-0.3892	0.2033
			-0.756	0.36	0.5467
			0.7631	-0.056	-0.6438
			0.1584	0.1206	-0.98
			0.6395	0.2416	0.7299
			-0.7688	0.19	0.6107
			0.0089	-0.9516	0.3072
			-0.6395	-0.2416	-0.7299
			0.7688	-0.19	-0.6107
			-0.0089	0.9516	-0.3072
		b:
			42.5522
			388.1978
			152.6029
			-4.0971
			91.9417
			-62.088
			363.9851
			-52.5017
			-247.474
			-352.9851
			55.5017
			261.474


===========================================================================================
===========================================================================================
S5:
	q_c:	175.5	302.0	506.0
	ub :	201.5084	325.3522	527.8432
	lb :	153.0389	284.5446	477.8267

	==================================================================================
	Q1:
		Shape: Polyhedra
		q_c:	176.0	299.5	506.5
		ub :	184.6262	308.3978	514.7219
		lb :	167.3738	290.6022	498.2781
		A:
			0.7287	-0.6635	-0.1697
			0.9414	0.2835	0.1825
			-0.5971	0.4799	-0.6428
			0.1206	0.744	-0.6572
			-0.7677	-0.1407	-0.6252
			-0.7679	-0.0386	0.6394
			0.6449	0.2065	0.7358
			-0.6723	0.6112	0.4177
			-0.3634	-0.7641	0.533
			-0.6449	-0.2065	-0.7358
			0.6723	-0.6112	-0.4177
			0.3634	0.7641	-0.533
		b:
			-150.0498
			347.5659
			-282.2438
			-83.3874
			-490.2846
			183.2537
			551.5565
			282.779
			-17.3587
			-544.5565
			-269.779
			28.3587
	==================================================================================
	Q2:
		Shape: Polyhedra
		q_c:	161.0	314.5	516.0
		ub :	166.4303	325.3522	527.8432
		lb :	155.5697	303.6478	504.1568
		A:
			0.9222	-0.3152	-0.2239
			0.861	-0.4687	-0.1977
			-0.8866	0.4615	0.0292
			-0.9828	-0.1388	-0.1214
			0.9802	0.1929	0.0446
			0.9741	0.1554	0.164
			0.0123	0.903	0.4294
			0.9769	0.0806	-0.1977
			-0.2132	0.4219	-0.8812
			-0.0123	-0.903	-0.4294
			-0.9769	-0.0806	0.1977
			0.2132	-0.4219	0.8812
		b:
			-61.7945
			-105.6733
			22.8173
			-260.2651
			245.4787
			294.8046
			515.0463
			84.1375
			-347.3447
			-500.0463
			-77.1375
			365.3447
	==================================================================================
	Q3:
		Shape: Ellipse
		q_c:	170.0	293.5	515.5
		ub :	175.9473	299.4541	519.9394
		lb :	164.0527	287.5459	511.0606
		P^-1:
			0.075	0.013	-0.0002
			0.013	0.056	0.0005
			-0.0002	0.0005	0.0816
	==================================================================================
	Q4:
		Shape: Hybrid
		q_c:	174.5	306.5	495.0
		ub :	182.38	311.5631	501.8325
		lb :	166.62	301.4369	488.1675
		P^-1:
			0.0537	0.062	-0.0046
			0.062	0.2069	-0.0626
			-0.0046	-0.0626	0.0756
		A:
			-0.1715	-0.9851	-0.0113
			-0.0529	0.8573	-0.5121
			0.4261	0.8344	-0.3497
			-0.3496	-0.9368	0.0086
			-0.9614	0.0408	-0.272
			0.2089	0.8202	-0.5325
		b:
			-335.6786
			1.5978
			158.1681
			-342.5367
			-285.6701
			25.4192
	==================================================================================
	Q5:
		Shape: Hybrid
		q_c:	162.0	306.0	509.0
		ub :	170.9611	315.5566	515.6409
		lb :	153.0389	296.4434	502.3591
		P^-1:
			0.0445	-0.0194	-0.0077
			-0.0194	0.032	0.0039
			-0.0077	0.0039	0.0438
		A:
			-0.5298	0.826	-0.1926
			0.3399	-0.2152	-0.9155
			0.9637	0.2142	0.1595
			0.5288	0.0155	-0.8486
			-0.3359	0.9166	0.2167
			0.2146	-0.1567	-0.964
		b:
			71.739
			-474.3137
			307.2077
			-338.8211
			339.7159
			-501.2767
	==================================================================================
	Q6:
		Shape: Hybrid
		q_c:	193.0	291.5	487.0
		ub :	201.5084	298.4554	496.1733
		lb :	184.4916	284.5446	477.8267
		P^-1:
			0.0604	-0.0546	0.0191
			-0.0546	0.113	-0.0345
			0.0191	-0.0345	0.0381
		A:
			-0.859	0.462	-0.2209
			0.2921	-0.4562	0.8406
			-0.8947	0.2607	-0.3628
			-0.829	0.3306	-0.4511
			0.8144	0.58	-0.0203
			0.3261	-0.5793	0.747
		b:
			-136.2199
			335.9671
			-270.1467
			-280.3748
			321.2757
			260.4483


===========================================================================================
===========================================================================================
S6:
	q_c:	51.0	224.5	365.0
	ub :	70.2259	245.5809	388.9294
	lb :	30.1783	199.4325	339.5637

	==================================================================================
	Q1:
		Shape: Ellipse
		q_c:	47.5	209.0	368.5
		ub :	57.8029	218.5675	376.7605
		lb :	37.1971	199.4325	360.2395
		P^-1:
			0.0291	0.0021	0.0117
			0.0021	0.0321	-0.009
			0.0117	-0.009	0.0391
	==================================================================================
	Q2:
		Shape: Ellipse
		q_c:	52.5	232.0	354.0
		ub :	63.8733	243.4584	364.9428
		lb :	41.1267	220.5416	343.0572
		P^-1:
			0.0213	0.0021	-0.0014
			0.0021	0.0218	0.0019
			-0.0014	0.0019	0.0148
	==================================================================================
	Q3:
		Shape: Hybrid
		q_c:	61.5	229.0	356.5
		ub :	70.2259	240.6636	368.7416
		lb :	52.7741	217.3364	344.2584
		P^-1:
			0.0138	0.0001	0.0
			0.0001	0.0155	0.0032
			0.0	0.0032	0.0133
		A:
			0.3896	0.5999	-0.6989
			0.0544	-0.9045	0.4231
			-0.0628	-0.9079	-0.4144
			-0.8759	0.4079	-0.2579
			0.6316	-0.7526	-0.1862
			-0.7416	0.1736	-0.648
		b:
			-82.2408
			-47.6426
			-355.6908
			-47.4577
			-195.5334
			-231.7478
	==================================================================================
	Q4:
		Shape: Ellipse
		q_c:	49.0	234.5	348.5
		ub :	59.3954	245.5809	357.4363
		lb :	38.6046	223.4191	339.5637
		P^-1:
			0.0358	-0.0163	-0.007
			-0.0163	0.0237	0.0048
			-0.007	0.0048	0.0179
	==================================================================================
	Q5:
		Shape: Hybrid
		q_c:	41.5	214.5	378.0
		ub :	52.8217	225.26	388.9294
		lb :	30.1783	203.74	367.0706
		P^-1:
			0.0243	0.0032	-0.0032
			0.0032	0.018	0.0019
			-0.0032	0.0019	0.0248
		A:
			0.6166	0.0459	-0.786
			-0.5145	-0.8575	-0.0034
			-0.2366	0.8876	-0.3951
			0.6342	-0.6636	-0.3968
			-0.0834	0.8321	-0.5483
			0.3936	0.0824	0.9156
		b:
			-258.6462
			-202.7395
			36.1546
			-261.9156
			-27.5246
			383.7947
	==================================================================================
	Q6:
		Shape: Hybrid
		q_c:	41.0	219.0	370.5
		ub :	45.4182	223.1221	374.8094
		lb :	36.5818	214.8779	366.1906
		P^-1:
			1.5594	-1.6223	-1.036
			-1.6223	1.8266	1.0455
			-1.036	1.0455	0.8141
		A:
			0.6764	-0.6026	-0.4236
			-0.6692	0.6981	0.2544
			-0.6428	0.6473	0.4098
			0.4846	-0.5346	-0.6924
			0.7582	-0.5271	-0.3837
			-0.1803	0.9735	-0.1405
		b:
			-260.7853
			220.2279
			267.4895
			-352.8066
			-225.72
			155.6317


===========================================================================================
===========================================================================================
S7:
	q_c:	209.0	46.5	150.0
	ub :	216.6346	53.5341	157.6346
	lb :	201.7189	44.4011	145.895

	==================================================================================
	Q1:
		Shape: Polyhedra
		q_c:	204.5	49.5	150.0
		ub :	207.2811	51.9955	152.899
		lb :	201.7189	47.0045	147.101
		A:
			0.8788	0.1684	0.4465
			0.3934	-0.7469	-0.536
			-0.1389	0.9833	0.1175
			-0.7378	-0.673	-0.0524
			0.2777	-0.4769	-0.8339
			0.7222	-0.3415	0.6015
			0.4945	0.3788	0.7823
			-0.1666	0.9247	-0.3424
			-0.853	0.039	0.5204
			-0.4945	-0.3788	-0.7823
			0.1666	-0.9247	0.3424
			0.853	-0.039	-0.5204
		b:
			256.6798
			-35.0383
			39.8228
			-190.251
			-90.1283
			222.7804
			238.7238
			-37.6577
			-92.4596
			-235.7238
			41.6577
			96.4596
	==================================================================================
	Q2:
		Shape: Hybrid
		q_c:	213.5	50.5	151.5
		ub :	216.1992	53.1793	154.2085
		lb :	210.8008	47.8207	148.7915
		P^-1:
			0.4173	0.0313	-0.0597
			0.0313	0.4084	0.0688
			-0.0597	0.0688	0.3132
		A:
			-0.5327	-0.4643	0.7076
			0.2749	0.5093	0.8155
			-0.9975	0.0357	-0.0607
			-0.9884	-0.035	0.1479
			0.2287	0.1917	-0.9544
			-0.9385	0.0742	-0.3373
		b:
			-29.0496
			208.8712
			-219.5002
			-189.6032
			-85.0196
			-246.7296
	==================================================================================
	Q3:
		Shape: Hybrid
		q_c:	208.5	48.0	147.5
		ub :	210.5525	49.8637	149.105
		lb :	206.4475	46.1363	145.895
		P^-1:
			0.9908	0.6217	1.1214
			0.6217	1.1519	1.2761
			1.1214	1.2761	2.7461
		A:
			0.1618	-0.2842	-0.945
			-0.6119	-0.7665	-0.195
			-0.5644	-0.4278	-0.706
			0.1206	0.8539	0.5062
			0.146	-0.4614	-0.8751
			-0.3264	-0.9354	-0.1357
		b:
			-118.6061
			-192.31
			-242.0218
			141.4838
			-120.1482
			-132.0392
	==================================================================================
	Q4:
		Shape: Polyhedra
		q_c:	212.5	50.5	149.5
		ub :	215.4059	53.5341	152.4492
		lb :	209.5941	47.4659	146.5508
		A:
			0.2246	0.9427	0.2468
			-0.3691	-0.9205	0.1286
			0.1465	-0.9193	-0.3652
			-0.5182	-0.4832	0.7057
			0.4725	-0.7891	-0.3925
			0.0938	0.1766	0.9798
			0.3283	0.6911	0.6439
			0.0265	0.6747	-0.7376
			-0.9442	0.2592	0.2032
			-0.3283	-0.6911	-0.6439
			-0.0265	-0.6747	0.7376
			0.9442	-0.2592	-0.2032
		b:
			133.8534
			-103.8794
			-68.0907
			-26.8842
			3.9883
			177.0654
			202.4339
			-68.5733
			-154.6679
			-199.4339
			72.5733
			159.6679
	==================================================================================
	Q5:
		Shape: Ellipse
		q_c:	209.5	49.5	151.5
		ub :	211.7315	52.8713	154.9324
		lb :	207.2685	46.1287	148.0676
		P^-1:
			0.4228	0.0458	0.0595
			0.0458	0.2118	-0.0347
			0.0595	-0.0347	0.2199
	==================================================================================
	Q6:
		Shape: Polyhedra
		q_c:	213.5	47.5	154.5
		ub :	216.6346	50.5989	157.6346
		lb :	210.3654	44.4011	151.3654
		A:
			0.2379	0.4891	0.8391
			0.9948	0.0807	0.0619
			0.8426	-0.4273	0.3277
			0.1017	0.9836	-0.1488
			0.5441	-0.1375	0.8277
			-0.692	-0.6285	-0.3551
			0.7854	0.3385	0.5183
			0.4587	-0.8804	-0.1202
			0.4156	0.3322	-0.8467
			-0.7854	-0.3385	-0.5183
			-0.4587	0.8804	0.1202
			-0.4156	-0.3322	0.8467
		b:
			205.5123
			227.553
			212.0274
			47.5284
			239.3675
			-230.8638
			265.3318
			39.5502
			-23.7972
			-262.3318
			-35.5502
			28.7972


===========================================================================================
===========================================================================================
S8:
	q_c:	38.5	160.0	254.0
	ub :	66.3914	194.4769	293.5973
	lb :	15.8005	124.4595	214.0562

	==================================================================================
	Q1:
		Shape: Hybrid
		q_c:	31.5	185.5	255.0
		ub :	40.568	194.4769	266.514
		lb :	22.432	176.5231	243.486
		P^-1:
			0.1666	-0.056	0.0997
			-0.056	0.0359	-0.0348
			0.0997	-0.0348	0.0723
		A:
			-0.9178	0.1907	-0.3482
			0.7023	-0.083	0.707
			-0.9136	0.0197	-0.4062
			-0.6525	-0.1099	-0.7498
			0.0811	0.9923	-0.094
			-0.8214	0.4566	0.3416
		b:
			-80.3604
			189.3978
			-126.4047
			-228.5869
			169.4703
			152.921
	==================================================================================
	Q2:
		Shape: Polyhedra
		q_c:	34.5	151.5	263.0
		ub :	50.1645	163.5759	276.5228
		lb :	18.8355	139.4241	249.4772
		A:
			0.5007	0.6207	0.6034
			-0.5077	0.2008	-0.8378
			-0.2047	-0.4396	0.8745
			-0.4257	-0.3685	0.8264
			-0.0744	0.6258	-0.7764
			0.3863	-0.915	-0.1164
			0.7346	0.5356	0.4164
			0.5566	-0.1249	-0.8213
			-0.3879	0.8352	-0.3899
			-0.7346	-0.5356	-0.4164
			-0.5566	0.1249	0.8213
			0.3879	-0.8352	0.3899
		b:
			282.5698
			-198.2726
			162.9614
			154.094
			-106.1591
			-149.5795
			229.0105
			-208.2282
			15.5984
			-203.0105
			223.2282
			-5.5984
	==================================================================================
	Q3:
		Shape: Polyhedra
		q_c:	29.0	168.0	282.0
		ub :	42.1995	180.8191	293.5973
		lb :	15.8005	155.1809	270.4027
		A:
			0.6768	0.7333	0.0649
			0.6276	0.6597	-0.4135
			0.1405	0.9821	0.1258
			0.2881	0.0283	0.9572
			-0.5254	0.1255	-0.8415
			-0.1819	-0.2357	0.9547
			0.4565	0.4463	0.7697
			-0.8577	0.4506	0.2475
			-0.2364	-0.7732	0.5885
			-0.4565	-0.4463	-0.7697
			0.8577	-0.4506	-0.2475
			0.2364	0.7732	-0.5885
		b:
			168.0996
			19.8081
			211.8029
			289.6469
			-224.4749
			231.5005
			311.7644
			130.62
			36.2141
			-298.7644
			-110.62
			-22.2141
	==================================================================================
	Q4:
		Shape: Ellipse
		q_c:	40.0	143.5	230.5
		ub :	59.6462	162.5405	244.7438
		lb :	20.3538	124.4595	216.2562
		P^-1:
			0.0073	0.0031	-0.0004
			0.0031	0.0086	0.0003
			-0.0004	0.0003	0.011
	==================================================================================
	Q5:
		Shape: Polyhedra
		q_c:	53.0	177.5	228.5
		ub :	66.3914	190.3813	242.9438
		lb :	39.6086	164.6187	214.0562
		A:
			0.0813	-0.4885	-0.8687
			0.7126	0.6052	-0.3549
			0.1571	0.9341	0.3205
			0.5385	0.7878	0.2991
			0.3003	0.622	0.7232
			0.0731	-0.2851	-0.9557
			0.6003	0.76	0.249
			0.6922	-0.3378	-0.6377
			-0.4005	0.5552	-0.7289
			-0.6003	-0.76	-0.249
			-0.6922	0.3378	0.6377
			0.4005	-0.5552	0.7289
		b:
			-272.9077
			71.0891
			253.7898
			242.2388
			298.383
			-256.4437
			229.1222
			-160.4915
			-78.7328
			-218.1222
			177.4915
			99.7328
	==================================================================================
	Q6:
		Shape: Ellipse
		q_c:	39.5	160.0	234.5
		ub :	49.1392	175.0417	249.5624
		lb :	29.8608	144.9583	219.4376
		P^-1:
			0.0253	0.0016	0.0061
			0.0016	0.0073	0.0012
			0.0061	0.0012	0.0112


===========================================================================================
===========================================================================================
S9:
	q_c:	16.5	126.5	152.0
	ub :	32.5948	140.4012	170.325
	lb :	7.8395	110.5385	137.8548

	==================================================================================
	Q1:
		Shape: Polyhedra
		q_c:	24.5	117.5	157.5
		ub :	32.5948	124.4615	164.9056
		lb :	16.4052	110.5385	150.0944
		A:
			0.7149	-0.0499	-0.6974
			0.2041	0.0112	0.9789
			-0.7163	0.0354	0.6969
			-0.4295	-0.8971	0.1039
			-0.816	0.0124	0.5779
			-0.9687	-0.1154	-0.2199
			0.782	0.2641	0.5645
			-0.4877	-0.3046	0.8181
			0.388	-0.9151	-0.1094
			-0.782	-0.2641	-0.5645
			0.4877	0.3046	-0.8181
			-0.388	0.9151	0.1094
		b:
			-93.2688
			165.4896
			101.2995
			-94.7723
			77.4137
			-66.9566
			144.1022
			86.1159
			-110.7543
			-134.1022
			-76.1159
			119.7543
	==================================================================================
	Q2:
		Shape: Polyhedra
		q_c:	12.0	134.0	154.0
		ub :	16.1605	139.8446	158.0473
		lb :	7.8395	128.1554	149.9527
		A:
			-0.4317	0.1743	0.885
			-0.0669	-0.9505	0.3033
			0.8999	0.4348	-0.0332
			0.8511	-0.1415	-0.5056
			0.9406	0.154	-0.3025
			-0.5538	-0.424	0.7167
			0.5629	0.061	0.8243
			-0.0999	0.995	-0.0055
			-0.8205	-0.0793	0.5662
			-0.5629	-0.061	-0.8243
			0.0999	-0.995	0.0055
			0.8205	0.0793	-0.5662
		b:
			157.1496
			-76.2245
			66.9781
			-84.293
			-12.478
			49.7571
			145.37
			136.7876
			68.7268
			-138.37
			-125.7876
			-64.7268
	==================================================================================
	Q3:
		Shape: Ellipse
		q_c:	24.0	124.0	147.0
		ub :	31.6829	131.7359	156.1452
		lb :	16.3171	116.2641	137.8548
		P^-1:
			0.0421	-0.0019	-0.0114
			-0.0019	0.0276	-0.0
			-0.0114	-0.0	0.0311
	==================================================================================
	Q4:
		Shape: Ellipse
		q_c:	23.0	135.5	163.0
		ub :	29.1704	140.4012	170.325
		lb :	16.8296	130.5988	155.675
		P^-1:
			0.0913	0.002	-0.0361
			0.002	0.0625	-0.0056
			-0.0361	-0.0056	0.0435
	==================================================================================
	Q5:
		Shape: Ellipse
		q_c:	24.0	129.5	160.0
		ub :	29.9633	135.2489	164.9765
		lb :	18.0367	123.7511	155.0235
		P^-1:
			0.1079	0.056	0.0162
			0.056	0.0866	0.0165
			0.0162	0.0165	0.068
	==================================================================================
	Q6:
		Shape: Polyhedra
		q_c:	18.5	121.0	154.5
		ub :	24.1472	124.4931	159.6042
		lb :	12.8528	117.5069	149.3958
		A:
			0.7992	0.5567	-0.2267
			0.1086	-0.5743	0.8114
			-0.6032	0.0344	0.7968
			0.8959	-0.1892	0.4019
			-0.3108	-0.7592	-0.5719
			0.0624	-0.9496	-0.3071
			0.7353	0.4076	0.5415
			0.3055	-0.9125	0.272
			0.605	-0.0346	-0.7955
			-0.7353	-0.4076	-0.5415
			-0.3055	0.9125	-0.272
			-0.605	0.0346	0.7955
		b:
			50.9733
			60.2011
			118.6138
			59.8972
			-181.6119
			-158.2778
			151.5782
			-61.2366
			-113.3985
			-141.5782
			64.2366
			118.3985


===========================================================================================
===========================================================================================
S10:
	q_c:	226.5	423.5	221.0
	ub :	240.1677	433.6093	234.8631
	lb :	213.0838	407.7989	215.8875

	==================================================================================
	Q1:
		Shape: Polyhedra
		q_c:	217.5	422.5	225.0
		ub :	221.7554	428.6468	230.8059
		lb :	213.2446	416.3532	219.1941
		A:
			0.5365	-0.8408	-0.0717
			-0.6307	0.5967	0.4962
			0.9594	-0.2428	-0.1434
			-0.5054	0.1203	0.8545
			-0.6293	0.2245	0.7441
			0.748	-0.2806	-0.6014
			0.643	0.5507	0.5322
			0.1662	-0.7787	0.6049
			0.7476	-0.3005	-0.5923
			-0.643	-0.5507	-0.5322
			-0.1662	0.7787	-0.6049
			-0.7476	0.3005	0.5923
		b:
			-250.8821
			228.9496
			76.3367
			135.7101
			127.5642
			-89.184
			495.2702
			-151.7565
			-95.6473
			-489.2702
			161.7565
			99.6473
	==================================================================================
	Q2:
		Shape: Polyhedra
		q_c:	221.5	414.5	226.5
		ub :	229.1152	421.2011	234.2354
		lb :	213.8848	407.7989	218.7646
		A:
			0.006	-0.7933	0.6089
			0.569	-0.3328	0.752
			-0.4641	-0.5828	0.6671
			-0.852	0.274	-0.4462
			-0.3366	0.3159	-0.8871
			-0.4352	-0.6526	-0.6203
			0.5693	0.2204	0.7921
			-0.8163	0.2661	0.5126
			-0.0978	-0.9384	0.3314
			-0.5693	-0.2204	-0.7921
			0.8163	-0.2661	-0.5126
			0.0978	0.9384	-0.3314
		b:
			-185.1116
			162.6188
			-188.2445
			-171.5013
			-140.3323
			-503.2308
			400.8356
			51.6088
			-331.0832
			-392.8356
			-39.6088
			340.0832
	==================================================================================
	Q3:
		Shape: Ellipse
		q_c:	229.0	420.0	219.5
		ub :	232.6867	423.6569	223.1125
		lb :	225.3133	416.3431	215.8875
		P^-1:
			0.2647	0.1808	0.0144
			0.1808	0.2602	0.0142
			0.0144	0.0142	0.0828
	==================================================================================
	Q4:
		Shape: Ellipse
		q_c:	227.0	430.0	221.0
		ub :	232.3002	433.6093	225.9716
		lb :	221.6998	426.3907	216.0284
		P^-1:
			0.2141	0.0531	0.1808
			0.0531	0.1961	0.0853
			0.1808	0.0853	0.2343
	==================================================================================
	Q5:
		Shape: Ellipse
		q_c:	222.5	418.5	227.5
		ub :	231.9162	427.6579	234.8631
		lb :	213.0838	409.3421	220.1369
		P^-1:
			0.0395	0.0104	-0.0143
			0.0104	0.0306	-0.0098
			-0.0143	-0.0098	0.0439
	==================================================================================
	Q6:
		Shape: Ellipse
		q_c:	235.0	423.0	223.5
		ub :	240.1677	429.0068	229.0181
		lb :	229.8323	416.9932	217.9819
		P^-1:
			0.0816	0.0	0.0
			0.0	0.0816	0.0
			0.0	0.0	0.0816


===========================================================================================
===========================================================================================
S11:
	q_c:	103.0	14.0	101.5
	ub :	125.37	30.29	109.7531
	lb :	92.215	-5.3739	87.0656

	==================================================================================
	Q1:
		Shape: Polyhedra
		q_c:	96.5	17.5	93.5
		ub :	100.785	20.8854	97.8393
		lb :	92.215	14.1146	89.1607
		A:
			-0.0049	-0.9201	0.3916
			0.1746	-0.4455	0.8781
			-0.0205	-0.6261	0.7795
			-0.8356	-0.5436	0.0788
			0.6299	0.4252	-0.6499
			-0.3592	0.9267	-0.1103
			0.8833	0.1838	0.4313
			-0.4687	0.3675	0.8033
			-0.0109	-0.9117	0.4107
			-0.8833	-0.1838	-0.4313
			0.4687	-0.3675	-0.8033
			0.0109	0.9117	-0.4107
		b:
			22.0432
			93.6371
			62.115
			-79.6994
			9.9199
			-26.5923
			132.282
			38.8026
			23.4022
			-125.282
			-33.8026
			-19.4022
	==================================================================================
	Q2:
		Shape: Hybrid
		q_c:	109.0	24.5	100.0
		ub :	116.5557	30.29	104.3811
		lb :	101.4443	18.71	95.6189
		P^-1:
			0.1364	0.1878	-0.0327
			0.1878	0.3151	-0.0539
			-0.0327	-0.0539	0.0732
		A:
			0.6199	-0.6765	-0.3976
			-0.4711	-0.8793	0.0697
			-0.6735	-0.5322	-0.513
			0.5341	0.6277	0.5664
			0.8746	0.4614	-0.1486
			0.478	0.8783	0.0083
		b:
			17.4031
			-65.0438
			-135.0438
			132.5596
			94.9598
			75.4097
	==================================================================================
	Q3:
		Shape: Hybrid
		q_c:	114.0	14.5	97.5
		ub :	121.2359	20.472	106.3805
		lb :	106.7641	8.528	88.6195
		P^-1:
			0.0624	-0.0095	0.0127
			-0.0095	0.0769	0.0066
			0.0127	0.0066	0.0205
		A:
			0.7025	-0.0718	0.7081
			-0.7457	-0.6309	0.2143
			-0.7285	-0.6785	-0.0951
			-0.5283	0.7808	0.3335
			-0.6728	0.4989	-0.5464
			0.2719	0.9623	0.0034
		b:
			151.4805
			-69.7044
			-99.6623
			-13.8178
			-119.8421
			47.5446
	==================================================================================
	Q4:
		Shape: Hybrid
		q_c:	115.0	1.5	94.5
		ub :	121.3909	8.3739	101.9344
		lb :	108.6091	-5.3739	87.0656
		P^-1:
			0.1093	-0.0538	-0.0249
			-0.0538	0.0818	0.0193
			-0.0249	0.0193	0.0489
		A:
			0.5166	-0.3961	-0.7591
			0.8771	0.4134	-0.2447
			0.6228	-0.7582	0.1928
			0.9642	0.2147	-0.1554
			0.5328	-0.5783	-0.6178
			-0.9073	0.3919	-0.1525
		b:
			-10.7143
			81.6433
			90.7508
			99.4146
			3.8205
			-116.1666
	==================================================================================
	Q5:
		Shape: Polyhedra
		q_c:	97.5	9.5	93.0
		ub :	100.2749	14.0973	95.8072
		lb :	94.7251	4.9027	90.1928
		A:
			0.1689	-0.6911	-0.7027
			0.2559	0.0796	0.9634
			-0.8441	0.2828	-0.4555
			-0.7384	0.5976	-0.3125
			0.64	-0.4141	0.6472
			-0.7757	-0.4946	-0.392
			0.0159	0.9996	0.0233
			0.0852	0.0219	-0.9961
			-0.9962	0.0178	-0.0848
			-0.0159	-0.9996	-0.0233
			-0.0852	-0.0219	0.9961
			0.9962	-0.0178	0.0848
		b:
			-51.8237
			117.8334
			-119.296
			-92.0741
			121.5538
			-113.6233
			17.7089
			-81.6243
			-102.3529
			-8.7089
			86.6243
			107.3529
	==================================================================================
	Q6:
		Shape: Hybrid
		q_c:	114.0	21.0	100.0
		ub :	125.37	30.0759	109.7531
		lb :	102.63	11.9241	90.2469
		P^-1:
			0.0265	0.0388	0.032
			0.0388	0.1513	0.1094
			0.032	0.1094	0.1016
		A:
			0.0393	0.8847	0.4645
			0.6017	0.6336	0.4863
			-0.2967	-0.1011	-0.9496
			-0.4433	0.1354	-0.8861
			0.492	0.7697	0.4069
			-0.9615	-0.2741	0.0194
		b:
			71.3541
			133.3488
			-125.9921
			-130.304
			115.3114
			-106.8714


===========================================================================================
===========================================================================================
S12:
	q_c:	109.5	410.0	482.5
	ub :	131.2137	435.1069	512.7347
	lb :	80.8856	382.0679	455.0558

	==================================================================================
	Q1:
		Shape: Polyhedra
		q_c:	104.5	423.0	473.5
		ub :	116.6187	435.1069	482.167
		lb :	92.3813	410.8931	464.833
		A:
			0.2806	-0.647	0.709
			0.0737	-0.5716	0.8172
			-0.9839	0.012	0.1785
			0.3865	-0.0201	-0.9221
			-0.2398	-0.5166	0.822
			0.6437	0.5774	-0.5022
			0.6484	0.3693	0.6658
			-0.5511	-0.3757	0.7451
			0.5253	-0.85	-0.0401
			-0.6484	-0.3693	-0.6658
			0.5511	0.3757	-0.7451
			-0.5253	0.85	0.0401
		b:
			98.6621
			159.0927
			-6.3425
			-399.554
			150.4602
			78.3197
			547.2067
			140.2852
			-314.6264
			-531.2067
			-132.2852
			332.6264
	==================================================================================
	Q2:
		Shape: Polyhedra
		q_c:	92.0	418.5	472.0
		ub :	103.1144	425.5614	482.9586
		lb :	80.8856	411.4386	461.0414
		A:
			0.3728	0.4276	0.8235
			-0.7223	-0.5824	-0.3731
			-0.4078	0.1702	-0.8971
			0.2221	0.938	0.266
			-0.4674	0.8814	0.0683
			0.2045	-0.912	0.3556
			0.948	0.2	0.2474
			-0.2735	0.1156	0.9549
			0.1624	-0.9729	0.1643
			-0.948	-0.2	-0.2474
			0.2735	-0.1156	-0.9549
			-0.1624	0.9729	-0.1643
		b:
			610.2963
			-478.237
			-381.6491
			544.5552
			363.3934
			-190.2777
			296.1904
			482.4301
			-310.1662
			-279.1904
			-465.4301
			319.1662
	==================================================================================
	Q3:
		Shape: Hybrid
		q_c:	93.0	409.0	495.0
		ub :	103.7959	421.3462	507.1257
		lb :	82.2041	396.6538	482.8743
		P^-1:
			0.016	-0.0044	-0.0026
			-0.0044	0.0224	0.006
			-0.0026	0.006	0.0143
		A:
			0.0891	-0.2869	-0.9538
			-0.1726	-0.971	0.1654
			-0.0013	-0.6108	-0.7918
			-0.3695	0.7525	0.5451
			-0.9502	0.2971	-0.0938
			-0.4505	-0.666	0.5945
		b:
			-576.1611
			-326.3827
			-637.7914
			546.3184
			-8.4479
			-13.8954
	==================================================================================
	Q4:
		Shape: Polyhedra
		q_c:	109.0	409.5	498.0
		ub :	121.5108	422.594	512.7347
		lb :	96.4892	396.406	483.2653
		A:
			0.0526	0.2733	-0.9605
			0.5823	0.5246	-0.6211
			0.9056	0.422	-0.0425
			-0.1786	-0.9537	0.2418
			-0.9443	0.1375	-0.299
			-0.606	-0.5397	-0.5843
			0.3584	0.7002	0.6175
			0.8882	-0.052	-0.4566
			-0.2876	0.712	-0.6405
			-0.3584	-0.7002	-0.6175
			-0.8882	0.052	0.4566
			0.2876	-0.712	0.6405
		b:
			-352.2522
			-23.066
			258.5898
			-280.788
			-187.3139
			-568.7085
			642.7966
			-144.3508
			-50.2538
			-623.7966
			159.3508
			67.2538
	==================================================================================
	Q5:
		Shape: Polyhedra
		q_c:	118.0	393.5	485.5
		ub :	131.2137	404.9321	497.5988
		lb :	104.7863	382.0679	473.4012
		A:
			0.5014	0.5277	-0.6857
			-0.1014	-0.4494	0.8876
			-0.0025	0.3588	0.9334
			0.5272	-0.0948	0.8444
			0.5215	0.8026	-0.2896
			-0.5735	-0.8178	0.0488
			0.386	0.6335	0.6706
			0.0323	-0.7357	0.6765
			0.9219	-0.2395	-0.3044
			-0.386	-0.6335	-0.6706
			-0.0323	0.7357	-0.6765
			-0.9219	0.2395	0.3044
		b:
			-58.4901
			248.2809
			601.9274
			441.8926
			243.8131
			-358.3882
			627.9017
			48.225
			-122.2398
			-612.9017
			-37.225
			144.2398
	==================================================================================
	Q6:
		Shape: Polyhedra
		q_c:	110.5	403.0	467.5
		ub :	122.9175	414.1929	479.9442
		lb :	98.0825	391.8071	455.0558
		A:
			0.189	-0.188	0.9638
			0.5475	0.7554	-0.36
			0.312	-0.9162	-0.2515
			-0.1977	0.9411	-0.2744
			-0.2963	-0.4627	-0.8355
			0.6764	0.5298	0.5117
			0.0855	0.8024	0.5906
			0.6349	0.4129	-0.653
			-0.7678	0.4308	-0.4742
			-0.0855	-0.8024	-0.5906
			-0.6349	-0.4129	0.653
			0.7678	-0.4308	0.4742
		b:
			403.7613
			204.1519
			-446.0008
			236.8166
			-603.8095
			534.1617
			613.9294
			-60.7028
			-123.8923
			-603.9294
			76.7028
			141.8923


===========================================================================================
===========================================================================================
