3D_50_6_6_f                l = 3

===========================================================================================
===========================================================================================
S1:
	q_c:	508.0	44.5	400.0
	ub :	525.6386	79.5501	435.4842
	lb :	478.2532	5.6592	382.3082

	==================================================================================
	Q1:
		Shape: Polyhedra
		q_c:	497.0	23.5	397.0
		ub :	515.7468	41.3408	411.6918
		lb :	478.2532	5.6592	382.3082
		A:
			0.3425	-0.8517	0.3966
			-0.0216	0.8102	-0.5858
			-0.1021	0.9796	-0.1728
			-0.2348	-0.5064	-0.8297
			-0.9363	0.1119	0.3328
			0.5488	-0.4831	-0.6822
			0.676	0.7316	0.0881
			0.6778	-0.6643	0.3153
			0.2892	-0.1534	-0.9449
			-0.676	-0.7316	-0.0881
			-0.6778	0.6643	-0.3153
			-0.2892	0.1534	0.9449
		b:
			318.1407
			-213.1761
			-85.0396
			-446.2511
			-319.3572
			1.3418
			401.1569
			456.3954
			-224.0227
			-375.1569
			-436.3954
			246.0227
	==================================================================================
	Q2:
		Shape: Hybrid
		q_c:	495.0	65.0	406.0
		ub :	511.6806	79.5501	423.5037
		lb :	478.3194	50.4499	388.4963
		P^-1:
			0.0135	-0.0068	0.004
			-0.0068	0.0159	-0.0037
			0.004	-0.0037	0.0095
		A:
			-0.0948	0.9748	-0.2019
			-0.6859	0.7005	0.1971
			0.0558	-0.3181	-0.9464
			-0.3359	-0.9178	0.2117
			0.5599	-0.8132	-0.159
			-0.1558	0.7947	-0.5866
		b:
			-60.3928
			-208.8845
			-369.1423
			-132.8311
			164.5291
			-258.6764
	==================================================================================
	Q3:
		Shape: Polyhedra
		q_c:	511.5	30.5	405.0
		ub :	521.1569	40.5808	414.107
		lb :	501.8431	20.4192	395.893
		A:
			0.4145	0.0199	-0.9099
			-0.0661	-0.8762	0.4774
			0.0947	-0.9574	0.2728
			0.666	-0.3566	0.6552
			0.5891	-0.7542	-0.2901
			0.7634	-0.3966	-0.5098
			0.143	0.648	0.7481
			0.1629	0.7301	-0.6636
			-0.9762	0.2168	-0.0012
			-0.143	-0.648	-0.7481
			-0.1629	-0.7301	0.6636
			0.9762	-0.2168	0.0012
		b:
			-148.9699
			136.491
			134.9244
			602.0788
			169.1833
			180.2818
			405.3713
			-160.1574
			-485.2069
			-386.3713
			166.1574
			501.2069
	==================================================================================
	Q4:
		Shape: Polyhedra
		q_c:	499.0	41.5	419.0
		ub :	503.5341	49.9973	426.6283
		lb :	494.4659	33.0027	411.3717
		A:
			0.4702	0.7753	0.4218
			0.841	-0.2389	0.4855
			0.9542	0.2979	-0.0279
			0.468	0.5378	0.7013
			0.6118	0.2285	0.7573
			-0.9727	0.0637	0.2233
			0.9329	0.2557	0.2537
			0.146	-0.9123	0.3827
			0.3293	-0.32	-0.8883
			-0.9329	-0.2557	-0.2537
			-0.146	0.9123	-0.3827
			-0.3293	0.32	0.8883
		b:
			447.8606
			617.2106
			479.3114
			553.3762
			635.4706
			-385.8781
			584.425
			202.3392
			-216.1515
			-580.425
			-188.3392
			226.1515
	==================================================================================
	Q5:
		Shape: Hybrid
		q_c:	516.0	51.5	412.0
		ub :	525.6386	61.4243	422.0751
		lb :	506.3614	41.5757	401.9249
		P^-1:
			0.0436	-0.0201	0.0034
			-0.0201	0.0358	-0.0101
			0.0034	-0.0101	0.0266
		A:
			-0.2549	-0.9004	0.3525
			0.9009	-0.396	-0.1779
			-0.9472	0.2983	0.1173
			0.3239	-0.5233	0.7882
			-0.2617	0.7144	-0.6489
			0.6432	-0.7588	0.1025
		b:
			-28.2514
			373.7643
			-422.3628
			467.9379
			-362.8199
			337.2644
	==================================================================================
	Q6:
		Shape: Polyhedra
		q_c:	510.0	52.0	420.5
		ub :	522.9115	69.4247	435.4842
		lb :	497.0885	34.5753	405.5158
		A:
			0.7584	-0.2831	-0.5871
			0.7872	0.0428	-0.6152
			-0.7532	0.2633	0.6028
			0.7789	0.0022	-0.6271
			0.9292	-0.0606	-0.3645
			0.7099	0.098	-0.6974
			0.5583	0.7093	0.4304
			0.7458	-0.2019	-0.6348
			-0.3634	0.6754	-0.6417
			-0.5583	-0.7093	-0.4304
			-0.7458	0.2019	0.6348
			0.3634	-0.6754	0.6417
		b:
			127.9583
			148.8193
			-114.2805
			137.138
			322.1279
			78.4711
			513.6022
			105.4262
			-406.5255
			-491.6022
			-100.4262
			433.5255


===========================================================================================
===========================================================================================
S2:
	q_c:	257.0	30.5	158.5
	ub :	268.9918	44.7613	176.5708
	lb :	237.6477	12.429	151.5699

	==================================================================================
	Q1:
		Shape: Ellipse
		q_c:	248.5	34.5	164.5
		ub :	255.4912	39.9419	167.5196
		lb :	241.5088	29.0581	161.4804
		P^-1:
			0.036	0.0143	0.0234
			0.0143	0.0782	-0.0208
			0.0234	-0.0208	0.2453
	==================================================================================
	Q2:
		Shape: Hybrid
		q_c:	265.0	36.5	160.0
		ub :	268.9918	44.4509	168.4301
		lb :	261.0082	28.5491	151.5699
		P^-1:
			0.2312	0.0418	0.0464
			0.0418	0.0435	0.0018
			0.0464	0.0018	0.039
		A:
			0.8794	0.2371	0.4128
			0.9377	-0.0746	0.3393
			-0.4237	0.1968	-0.8842
			-0.4304	0.1847	-0.8836
			-0.6047	-0.6347	0.4812
			-0.9298	-0.3473	0.1219
		b:
			309.1417
			301.4751
			-242.8097
			-244.9358
			-103.1276
			-237.8563
	==================================================================================
	Q3:
		Shape: Hybrid
		q_c:	249.5	37.5	160.0
		ub :	253.7614	42.0904	164.2444
		lb :	245.2386	32.9096	155.7556
		P^-1:
			0.144	0.0238	0.0054
			0.0238	0.1247	-0.0061
			0.0054	-0.0061	0.084
		A:
			-0.1836	-0.5774	0.7956
			0.9752	-0.0786	0.2067
			-0.0081	0.5296	0.8482
			-0.7608	-0.1814	-0.6231
			0.2331	0.9659	-0.1125
			-0.841	-0.2401	0.4848
		b:
			61.712
			274.9085
			155.7187
			-294.685
			77.8928
			-139.6841
	==================================================================================
	Q4:
		Shape: Hybrid
		q_c:	247.0	19.5	170.5
		ub :	253.6271	26.571	176.5708
		lb :	240.3729	12.429	164.4292
		P^-1:
			0.0751	0.0245	-0.0234
			0.0245	0.0598	-0.0084
			-0.0234	-0.0084	0.0787
		A:
			-0.8808	-0.3922	0.2652
			0.6902	0.3488	-0.6339
			-0.7873	0.2409	-0.5675
			0.7301	0.5604	-0.391
			-0.3907	0.7195	0.5741
			0.2356	0.5238	0.8186
		b:
			-178.2462
			70.7165
			-283.3256
			126.1776
			18.2529
			210.4634
	==================================================================================
	Q5:
		Shape: Ellipse
		q_c:	260.5	28.0	168.5
		ub :	268.0714	35.6774	176.2389
		lb :	252.9286	20.3226	160.7611
		P^-1:
			0.0406	-0.0106	-0.0067
			-0.0106	0.0721	-0.0392
			-0.0067	-0.0392	0.0714
	==================================================================================
	Q6:
		Shape: Ellipse
		q_c:	244.0	37.5	159.5
		ub :	250.3523	44.7613	163.8003
		lb :	237.6477	30.2387	155.1997
		P^-1:
			0.117	0.032	-0.0858
			0.032	0.0395	-0.0265
			-0.0858	-0.0265	0.1837


===========================================================================================
===========================================================================================
S3:
	q_c:	433.5	214.5	492.0
	ub :	441.6066	223.3107	504.7724
	lb :	420.7121	201.3941	481.2439

	==================================================================================
	Q1:
		Shape: Hybrid
		q_c:	439.0	215.0	491.5
		ub :	441.5073	220.1646	496.1125
		lb :	436.4927	209.8354	486.8875
		P^-1:
			0.4115	0.019	-0.1025
			0.019	0.0518	-0.0123
			-0.1025	-0.0123	0.1122
		A:
			0.5854	-0.1515	-0.7965
			0.6719	0.3676	0.643
			-0.4868	-0.1095	0.8666
			-0.9598	-0.1809	0.2146
			-0.7553	-0.2814	0.5919
			0.847	0.4782	0.232
		b:
			-165.195
			692.7317
			190.5953
			-353.925
			-99.8516
			590.8709
	==================================================================================
	Q2:
		Shape: Hybrid
		q_c:	429.0	208.0	489.0
		ub :	435.7669	214.6059	494.4726
		lb :	422.2331	201.3941	483.5274
		P^-1:
			0.0905	0.0427	-0.0382
			0.0427	0.0762	-0.0335
			-0.0382	-0.0335	0.0826
		A:
			0.8899	0.3329	-0.3117
			-0.7055	-0.601	0.3757
			-0.7936	-0.4903	0.3603
			-0.6315	-0.6545	0.4158
			-0.3064	-0.1244	0.9437
			-0.6275	-0.2642	0.7324
		b:
			300.336
			-242.5991
			-264.7877
			-202.3694
			306.335
			35.5618
	==================================================================================
	Q3:
		Shape: Ellipse
		q_c:	425.5	213.0	486.5
		ub :	430.2879	217.618	491.7561
		lb :	420.7121	208.382	481.2439
		P^-1:
			0.1502	0.0623	0.0544
			0.0623	0.1383	0.0494
			0.0544	0.0494	0.1247
	==================================================================================
	Q4:
		Shape: Hybrid
		q_c:	432.0	214.5	499.5
		ub :	437.6399	218.3896	504.7724
		lb :	426.3601	210.6104	494.2276
		P^-1:
			0.073	0.0225	0.0104
			0.0225	0.153	0.0072
			0.0104	0.0072	0.0782
		A:
			0.1849	-0.931	0.3149
			-0.1499	-0.9883	-0.0291
			0.0531	-0.2192	0.9742
			0.2652	-0.1115	0.9577
			-0.0225	-0.6958	-0.7179
			-0.3533	-0.9206	0.1665
		b:
			39.1141
			-290.0087
			464.8962
			571.2912
			-515.7064
			-265.5337
	==================================================================================
	Q5:
		Shape: Ellipse
		q_c:	438.0	219.5	491.5
		ub :	441.6066	223.3107	494.5582
		lb :	434.3934	215.6893	488.4418
		P^-1:
			0.2749	0.1501	-0.0685
			0.1501	0.2492	-0.0579
			-0.0685	-0.0579	0.1915
	==================================================================================
	Q6:
		Shape: Polyhedra
		q_c:	434.5	207.5	496.5
		ub :	439.3786	211.8759	501.1882
		lb :	429.6214	203.1241	491.8118
		A:
			0.7023	0.2125	0.6794
			-0.7769	0.0093	-0.6296
			-0.7509	-0.482	-0.4515
			0.3965	-0.6774	-0.6196
			0.1029	0.9874	0.1198
			-0.3172	-0.9403	-0.1232
			0.5107	0.4456	0.7353
			-0.606	0.7932	-0.0597
			-0.6098	-0.4151	0.6751
			-0.5107	-0.4456	-0.7353
			0.606	-0.7932	0.0597
			0.6098	0.4151	-0.6751
		b:
			689.5081
			-645.4384
			-647.3809
			-273.3569
			311.7368
			-391.2486
			682.4297
			-126.3774
			-12.416
			-676.4297
			130.3774
			19.416


===========================================================================================
===========================================================================================
S4:
	q_c:	167.0	258.5	465.0
	ub :	173.242	266.87	473.0188
	lb :	158.5201	252.1344	460.3769

	==================================================================================
	Q1:
		Shape: Hybrid
		q_c:	163.5	263.0	463.0
		ub :	166.328	265.9004	465.6231
		lb :	160.672	260.0996	460.3769
		P^-1:
			0.5707	-0.2006	-0.3435
			-0.2006	0.3648	0.014
			-0.3435	0.014	0.669
		A:
			-0.8118	-0.5198	0.266
			0.4515	0.2959	-0.8418
			-0.8102	-0.1099	0.5757
			0.555	-0.7507	-0.3584
			-0.7468	0.0346	0.6642
			0.7646	-0.641	-0.0665
		b:
			-144.7913
			-237.4042
			105.9896
			-271.8325
			195.1219
			-73.5938
	==================================================================================
	Q2:
		Shape: Polyhedra
		q_c:	165.0	254.5	469.5
		ub :	167.6076	256.8656	471.776
		lb :	162.3924	252.1344	467.224
		A:
			0.6833	-0.6795	0.267
			0.396	0.3913	-0.8307
			0.9764	0.1804	-0.1188
			0.1542	-0.4554	-0.8768
			-0.8322	0.4455	0.3302
			0.8811	-0.3773	-0.2851
			0.6001	0.7527	0.2709
			0.5782	-0.6421	0.5034
			0.5529	-0.1454	-0.8205
			-0.6001	-0.7527	-0.2709
			-0.5782	0.6421	-0.5034
			-0.5529	0.1454	0.8205
		b:
			66.222
			-223.5818
			152.9481
			-500.4859
			132.4649
			-83.1362
			419.7718
			169.3104
			-329.5042
			-415.7718
			-167.3104
			332.5042
	==================================================================================
	Q3:
		Shape: Polyhedra
		q_c:	169.5	257.0	465.0
		ub :	173.242	258.7544	468.341
		lb :	165.758	255.2456	461.659
		A:
			0.3369	-0.793	0.5076
			0.1905	0.8157	0.5463
			-0.2053	-0.8052	-0.5564
			0.8448	0.3955	0.3605
			0.074	-0.8596	-0.5056
			-0.8014	0.5412	0.2545
			0.0772	0.9969	0.0151
			0.3156	-0.01	-0.9488
			-0.9458	0.078	-0.3154
			-0.0772	-0.9969	-0.0151
			-0.3156	0.01	0.9488
			0.9458	-0.078	0.3154
		b:
			91.5244
			497.8503
			-498.4961
			415.1963
			-441.6714
			124.2112
			277.8283
			-387.7953
			-283.9085
			-274.8283
			392.7953
			289.9085
	==================================================================================
	Q4:
		Shape: Polyhedra
		q_c:	169.0	256.0	468.0
		ub :	172.9975	258.3372	472.2211
		lb :	165.0025	253.6628	463.7789
		A:
			0.5218	-0.7671	0.3733
			0.2342	-0.9375	0.2575
			-0.384	0.8911	-0.2419
			-0.5755	0.8024	-0.1581
			-0.4804	0.8768	-0.02
			0.0121	-0.8047	0.5936
			0.609	0.4974	0.6178
			0.4588	-0.8563	0.2372
			0.647	0.139	-0.7497
			-0.609	-0.4974	-0.6178
			-0.4588	0.8563	-0.2372
			-0.647	-0.139	0.7497
		b:
			67.2367
			-79.0522
			50.5386
			34.8417
			134.7453
			75.568
			522.3894
			-30.18
			-202.9475
			-516.3894
			31.18
			208.9475
	==================================================================================
	Q5:
		Shape: Hybrid
		q_c:	162.5	262.5	469.0
		ub :	166.4799	266.87	473.0188
		lb :	158.5201	258.13	464.9812
		P^-1:
			0.1928	0.0467	-0.0466
			0.0467	0.1473	-0.0065
			-0.0466	-0.0065	0.181
		A:
			-0.5558	-0.4518	-0.6978
			-0.7862	-0.5653	0.2496
			0.5693	-0.2814	-0.7725
			-0.9716	0.0196	0.2357
			-0.9137	-0.3891	-0.1171
			0.6855	0.5568	-0.4692
		b:
			-534.6731
			-158.0431
			-342.3804
			-40.8686
			-304.2726
			38.5454
	==================================================================================
	Q6:
		Shape: Polyhedra
		q_c:	165.5	261.0	466.5
		ub :	169.6333	264.6847	470.1651
		lb :	161.3667	257.3153	462.8349
		A:
			-0.641	-0.3033	0.7051
			-0.5787	0.4674	-0.6684
			-0.2582	0.9462	-0.1949
			0.0944	-0.806	0.5843
			-0.6745	-0.5729	0.4657
			-0.641	0.362	-0.6768
			0.784	0.5626	0.2625
			-0.3734	0.0894	0.9234
			0.496	-0.8219	0.2801
			-0.784	-0.5626	-0.2625
			0.3734	-0.0894	-0.9234
			-0.496	0.8219	-0.2801
		b:
			146.1589
			-283.065
			115.82
			80.3143
			-41.3975
			-324.8326
			401.5402
			394.7976
			0.7671
			-396.5402
			-389.7976
			4.2329


===========================================================================================
===========================================================================================
S5:
	q_c:	354.0	119.5	411.0
	ub :	358.6053	123.5738	415.6843
	lb :	350.3266	115.7792	408.942

	==================================================================================
	Q1:
		Shape: Polyhedra
		q_c:	356.0	118.5	413.0
		ub :	358.3763	121.2208	415.6843
		lb :	353.6237	115.7792	410.3157
		A:
			0.548	-0.1945	0.8135
			-0.9339	0.2522	0.2534
			-0.5659	-0.5371	0.6255
			-0.662	0.5489	0.5104
			0.4004	-0.0378	-0.9156
			-0.594	0.5994	0.5365
			0.6813	0.3643	0.635
			0.7168	-0.156	-0.6796
			-0.1485	0.9181	-0.3674
			-0.6813	-0.3643	-0.635
			-0.7168	0.156	0.6796
			0.1485	-0.9181	0.3674
		b:
			510.0277
			-196.6267
			-5.2297
			41.4225
			-238.8684
			82.4037
			549.9386
			-42.969
			-93.7981
			-545.9386
			44.969
			97.7981
	==================================================================================
	Q2:
		Shape: Hybrid
		q_c:	356.5	120.5	412.0
		ub :	358.6053	123.1166	414.3283
		lb :	354.3947	117.8834	409.6717
		P^-1:
			0.8334	-0.2962	-0.0099
			-0.2962	0.4516	0.0953
			-0.0099	0.0953	0.4094
		A:
			-0.0139	0.6659	0.7459
			0.2608	-0.9244	-0.2783
			0.366	-0.5706	-0.7352
			0.7718	-0.4129	-0.4835
			0.7701	-0.2325	-0.5941
			-0.2862	0.7805	-0.5558
		b:
			383.5677
			-132.1583
			-240.3771
			26.8132
			2.5164
			-235.8121
	==================================================================================
	Q3:
		Shape: Hybrid
		q_c:	352.5	120.0	413.5
		ub :	354.6734	122.1602	414.6081
		lb :	350.3266	117.8398	412.3919
		P^-1:
			0.7666	-0.1105	-1.0146
			-0.1105	0.4823	0.3479
			-1.0146	0.3479	3.64
		A:
			-0.2517	-0.5297	0.81
			0.4702	-0.5411	-0.6973
			0.2436	0.2816	-0.9281
			-0.1246	-0.7118	-0.6912
			-0.0336	0.0653	-0.9973
			0.9248	0.0612	-0.3756
		b:
			183.3819
			-186.8855
			-263.6099
			-414.2594
			-415.9083
			178.9686
	==================================================================================
	Q4:
		Shape: Polyhedra
		q_c:	353.0	118.0	411.0
		ub :	354.2747	119.937	412.9458
		lb :	351.7253	116.063	409.0542
		A:
			-0.3454	0.2238	-0.9114
			-0.8587	0.4965	0.1274
			0.9048	-0.3534	0.2375
			0.4858	0.7891	0.3759
			-0.9698	-0.2069	-0.1291
			-0.7739	0.2685	0.5735
			0.9569	0.1869	0.2222
			-0.0187	-0.7241	0.6895
			0.2898	-0.6639	-0.6894
			-0.9569	-0.1869	-0.2222
			0.0187	0.7241	-0.6895
			-0.2898	0.6639	0.6894
		b:
			-468.7605
			-191.1319
			376.428
			420.1645
			-418.803
			-4.7762
			452.1835
			192.8427
			-258.375
			-450.1835
			-189.8427
			260.375
	==================================================================================
	Q5:
		Shape: Polyhedra
		q_c:	355.0	121.5	411.5
		ub :	357.6751	123.5738	414.058
		lb :	352.3249	119.4262	408.942
		A:
			0.4877	-0.8647	-0.1203
			-0.1879	0.3578	-0.9147
			0.2712	0.9462	-0.1762
			0.2627	-0.4393	0.8591
			0.2016	-0.7166	-0.6677
			-0.0618	0.027	-0.9977
			0.673	0.5433	0.5019
			0.3592	-0.8332	0.4203
			0.6465	-0.1027	-0.7559
			-0.673	-0.5433	-0.5019
			-0.3592	0.8332	-0.4203
			-0.6465	0.1027	0.7559
		b:
			19.7671
			-398.3009
			140.2022
			394.6664
			-288.6186
			-427.6479
			513.4507
			200.242
			-92.5229
			-509.4507
			-198.242
			95.5229
	==================================================================================
	Q6:
		Shape: Polyhedra
		q_c:	352.5	117.5	411.5
		ub :	354.1638	118.7684	412.6106
		lb :	350.8362	116.2316	410.3894
		A:
			-0.483	-0.3034	-0.8214
			0.3442	0.7511	0.5633
			-0.4653	-0.6105	-0.6409
			-0.113	-0.6667	-0.7367
			0.4661	0.6734	0.5738
			-0.6045	-0.7773	-0.1742
			0.1629	0.7939	0.5858
			0.1119	0.5751	-0.8104
			-0.9803	0.1976	0.0048
			-0.1629	-0.7939	-0.5858
			-0.1119	-0.5751	0.8104
			0.9803	-0.1976	-0.0048
		b:
			-543.047
			441.9613
			-498.7909
			-420.7823
			480.2153
			-375.272
			392.2821
			-225.47
			-318.8325
			-391.2821
			227.47
			321.8325


===========================================================================================
===========================================================================================
S6:
	q_c:	306.0	432.5	49.0
	ub :	325.0151	460.5253	66.9955
	lb :	283.1234	405.4559	27.2966

	==================================================================================
	Q1:
		Shape: Polyhedra
		q_c:	297.0	447.0	36.5
		ub :	309.38	460.5253	45.7034
		lb :	284.62	433.4747	27.2966
		A:
			-0.6391	0.3927	0.6613
			0.9421	0.1928	-0.2743
			0.7324	0.4362	-0.5228
			0.4424	0.4637	-0.7676
			0.0791	-0.3799	0.9216
			0.6907	-0.6431	-0.3307
			0.4696	0.8027	0.3676
			0.8503	-0.5233	0.0562
			0.2375	0.2862	-0.9283
			-0.4696	-0.8027	-0.3676
			-0.8503	0.5233	-0.0562
			-0.2375	-0.2862	0.9283
		b:
			16.7755
			363.6981
			400.5752
			316.7372
			-106.9334
			-86.7287
			521.6973
			28.1971
			170.0835
			-501.6973
			-13.1971
			-159.0835
	==================================================================================
	Q2:
		Shape: Polyhedra
		q_c:	294.5	416.5	40.0
		ub :	305.8766	427.5441	50.8747
		lb :	283.1234	405.4559	29.1253
		A:
			-0.2722	0.7395	-0.6157
			0.7948	-0.0881	-0.6005
			0.2529	-0.3025	-0.919
			-0.4916	0.799	0.3462
			0.4846	0.6643	-0.5691
			-0.6586	0.7471	0.0905
			0.7998	0.443	0.4051
			0.1442	-0.7968	0.5868
			0.5827	-0.4109	-0.7011
			-0.7998	-0.443	-0.4051
			-0.1442	0.7968	-0.5868
			-0.5827	0.4109	0.7011
		b:
			209.2884
			179.1183
			-82.6224
			207.1999
			403.3596
			126.4116
			445.7595
			-259.9338
			-22.5569
			-426.7595
			271.9338
			32.5569
	==================================================================================
	Q3:
		Shape: Hybrid
		q_c:	318.0	441.5	49.0
		ub :	325.0151	448.1338	56.1203
		lb :	310.9849	434.8662	41.8797
		P^-1:
			0.0469	0.0018	0.0102
			0.0018	0.0405	0.0026
			0.0102	0.0026	0.0552
		A:
			-0.8093	0.0759	-0.5825
			0.5105	-0.7351	0.4461
			0.8021	0.4236	0.4211
			0.9438	-0.2509	-0.2151
			-0.8822	0.3751	-0.2846
			0.1005	0.0595	-0.9932
		b:
			-250.1956
			-137.6068
			464.9884
			181.7306
			-126.3062
			12.0439
	==================================================================================
	Q4:
		Shape: Ellipse
		q_c:	293.0	435.5	58.0
		ub :	302.6716	440.7797	66.9955
		lb :	283.3284	430.2203	49.0045
		P^-1:
			0.0342	-0.1044	0.0497
			-0.1044	0.808	-0.3746
			0.0497	-0.3746	0.1986
	==================================================================================
	Q5:
		Shape: Polyhedra
		q_c:	318.0	438.5	47.5
		ub :	324.2609	449.5167	56.0436
		lb :	311.7391	427.4833	38.9564
		A:
			0.0987	-0.8446	0.5263
			0.5916	-0.3625	0.7201
			-0.1825	0.6322	-0.753
			0.2129	-0.7214	0.659
			0.1656	0.1119	-0.9798
			-0.1835	0.8092	-0.5582
			0.0653	0.8603	0.5055
			0.0305	0.5047	-0.8628
			-0.9974	0.0718	0.0067
			-0.0653	-0.8603	-0.5055
			-0.0305	-0.5047	0.8628
			0.9974	-0.0718	-0.0067
		b:
			-308.1541
			68.0494
			187.7182
			-212.4865
			60.5883
			275.452
			432.0372
			194.0127
			-279.881
			-412.0372
			-186.0127
			290.881
	==================================================================================
	Q6:
		Shape: Hybrid
		q_c:	311.5	433.5	47.0
		ub :	318.7116	443.6129	57.0372
		lb :	304.2884	423.3871	36.9628
		P^-1:
			0.1721	-0.0997	-0.026
			-0.0997	0.0939	0.0417
			-0.026	0.0417	0.0434
		A:
			-0.6547	-0.6138	-0.4411
			0.0732	-0.7916	-0.6066
			-0.8309	0.5246	0.1856
			0.4856	-0.8315	-0.27
			-0.2806	0.1615	-0.9461
			-0.8923	0.3922	-0.2235
		b:
			-486.1352
			-345.897
			-21.6642
			-219.4233
			-55.8156
			-116.5278


===========================================================================================
===========================================================================================
