3D_50_6_6_d                l = 3

===========================================================================================
===========================================================================================
S1:
	q_c:	283.0	353.0	178.5
	ub :	303.3081	374.4732	198.6519
	lb :	260.5212	333.9194	155.9136

	==================================================================================
	Q1:
		Shape: Polyhedra
		q_c:	277.0	340.5	170.0
		ub :	283.9178	347.0806	175.7541
		lb :	270.0822	333.9194	164.2459
		A:
			-0.1806	-0.3745	0.9095
			-0.7086	-0.5796	0.4024
			-0.9351	-0.0428	-0.3519
			-0.6699	-0.2462	-0.7004
			0.7733	0.624	-0.112
			0.3791	-0.6517	-0.6569
			0.1007	0.9944	0.0306
			0.216	0.0082	-0.9764
			-0.9712	0.1049	-0.214
			-0.1007	-0.9944	-0.0306
			-0.216	-0.0082	0.9764
			0.9712	-0.1049	0.214
		b:
			-18.2253
			-319.8153
			-327.9039
			-383.1843
			413.3397
			-223.3338
			377.7069
			-98.8696
			-264.1627
			-365.7069
			107.8696
			275.1627
	==================================================================================
	Q2:
		Shape: Hybrid
		q_c:	274.0	357.0	183.5
		ub :	279.9786	363.6573	188.4849
		lb :	268.0214	350.3427	178.5151
		P^-1:
			0.0896	-0.0228	-0.0667
			-0.0228	0.0774	0.0695
			-0.0667	0.0695	0.1854
		A:
			-0.2343	0.7279	0.6444
			-0.5919	0.4987	0.6333
			0.1884	0.9688	0.1609
			-0.3815	-0.1521	-0.9118
			0.768	-0.0902	-0.634
			-0.1517	-0.5261	-0.8368
		b:
			315.5357
			133.4424
			430.1154
			-323.5271
			63.5412
			-381.1543
	==================================================================================
	Q3:
		Shape: Ellipse
		q_c:	272.5	346.5	187.5
		ub :	284.4788	356.1277	198.6519
		lb :	260.5212	336.8723	176.3481
		P^-1:
			0.0173	0.0096	0.0012
			0.0096	0.0485	-0.0195
			0.0012	-0.0195	0.0315
	==================================================================================
	Q4:
		Shape: Ellipse
		q_c:	294.0	357.5	176.5
		ub :	303.3081	368.3393	186.2819
		lb :	284.6919	346.6607	166.7181
		P^-1:
			0.0232	-0.0012	0.0005
			-0.0012	0.0204	0.0013
			0.0005	0.0013	0.0161
	==================================================================================
	Q5:
		Shape: Polyhedra
		q_c:	279.5	347.0	169.0
		ub :	288.9787	356.8384	179.8332
		lb :	270.0213	337.1616	158.1668
		A:
			0.3761	0.451	-0.8094
			0.8256	-0.4519	-0.338
			-0.9036	0.4021	0.1475
			0.4791	0.8394	-0.2565
			0.6357	-0.5111	-0.5784
			0.92	0.1917	0.3417
			0.0677	0.8013	0.5945
			-0.4982	0.5434	-0.6756
			-0.8644	-0.2504	0.436
			-0.0677	-0.8013	-0.5945
			0.4982	-0.5434	0.6756
			0.8644	0.2504	-0.436
		b:
			131.4991
			23.1945
			-81.5394
			388.1327
			-91.3867
			387.9426
			402.9314
			-57.8828
			-248.3112
			-391.9314
			71.8828
			261.3112
	==================================================================================
	Q6:
		Shape: Ellipse
		q_c:	283.0	365.5	165.5
		ub :	289.912	374.4732	175.0864
		lb :	276.088	356.5268	155.9136
		P^-1:
			0.1801	0.1008	0.0295
			0.1008	0.0857	0.0206
			0.0295	0.0206	0.0284


===========================================================================================
===========================================================================================
S2:
	q_c:	177.5	464.0	75.0
	ub :	192.0735	467.8886	90.5266
	lb :	161.6429	452.9743	67.8582

	==================================================================================
	Q1:
		Shape: Polyhedra
		q_c:	187.0	462.5	78.5
		ub :	192.0735	467.8886	83.7032
		lb :	181.9265	457.1114	73.2968
		A:
			0.2197	-0.5354	0.8155
			-0.6607	-0.4602	0.593
			-0.1016	-0.8334	0.5433
			0.5393	-0.5063	-0.6728
			-0.0997	-0.8848	0.4552
			-0.8667	-0.4263	0.2592
			0.3709	0.567	0.7355
			-0.538	0.7768	-0.3275
			-0.757	-0.2742	0.5931
			-0.3709	-0.567	-0.7355
			0.538	-0.7768	0.3275
			0.757	0.2742	-0.5931
		b:
			-139.1971
			-287.3223
			-358.63
			-183.0542
			-388.9472
			-336.1984
			392.8148
			236.4464
			-219.3276
			-385.8148
			-229.4464
			224.3276
	==================================================================================
	Q2:
		Shape: Polyhedra
		q_c:	169.5	458.0	80.0
		ub :	172.1712	463.0257	85.0917
		lb :	166.8288	452.9743	74.9083
		A:
			-0.6482	-0.1462	-0.7473
			-0.4406	0.8943	-0.0783
			-0.7635	-0.5682	0.307
			0.9044	0.2861	-0.3165
			-0.1867	-0.1408	0.9723
			0.6541	-0.1654	-0.7381
			0.1008	0.7685	0.6319
			0.9903	-0.0164	-0.1381
			-0.0958	0.6397	-0.7627
			-0.1008	-0.7685	-0.6319
			-0.9903	0.0164	0.1381
			0.0958	-0.6397	0.7627
		b:
			-233.3549
			331.8622
			-362.529
			261.1853
			-15.1544
			-21.0741
			423.6069
			151.2926
			218.7221
			-415.6069
			-147.2926
			-212.7221
	==================================================================================
	Q3:
		Shape: Hybrid
		q_c:	177.5	463.0	77.0
		ub :	180.054	466.2117	81.6194
		lb :	174.946	459.7883	72.3806
		P^-1:
			0.2482	-0.0055	-0.0176
			-0.0055	0.2332	-0.0532
			-0.0176	-0.0532	0.0811
		A:
			0.2008	-0.1018	-0.9743
			0.9981	0.0406	-0.0461
			-0.6711	-0.6564	0.3445
			-0.7337	0.4181	-0.5356
			0.5786	0.2221	0.7848
			0.4172	0.905	0.0827
		b:
			-83.6953
			193.4436
			-395.5083
			23.6466
			268.5829
			500.8699
	==================================================================================
	Q4:
		Shape: Polyhedra
		q_c:	172.5	459.5	86.0
		ub :	177.3716	464.692	90.5266
		lb :	167.6284	454.308	81.4734
		A:
			0.4682	0.116	0.876
			-0.4258	-0.6022	-0.6753
			0.8194	0.0328	-0.5722
			0.4723	0.881	-0.0269
			-0.6804	0.7204	-0.1346
			0.2357	-0.7317	0.6395
			0.8718	0.4688	0.1422
			0.3851	-0.8352	0.3925
			0.3028	-0.2875	-0.9087
			-0.8718	-0.4688	-0.1422
			-0.3851	0.8352	-0.3925
			-0.3028	0.2875	0.9087
		b:
			212.4849
			-405.2265
			110.2221
			487.1543
			205.5086
			-237.1139
			381.0186
			-280.1047
			-154.9963
			-375.0186
			287.1047
			160.9963
	==================================================================================
	Q5:
		Shape: Polyhedra
		q_c:	173.0	461.0	72.5
		ub :	176.4039	465.7097	77.1418
		lb :	169.5961	456.2903	67.8582
		A:
			-0.0247	0.9162	0.4001
			-0.8767	0.4675	-0.1132
			0.6817	0.7198	-0.131
			0.7734	-0.6202	-0.1311
			-0.2349	-0.9639	0.1254
			0.8906	-0.4239	-0.1649
			0.6079	0.4268	0.6696
			-0.7892	0.4175	0.4503
			-0.0874	-0.8022	0.5906
			-0.6079	-0.4268	-0.6696
			0.7892	-0.4175	-0.4503
			0.0874	0.8022	-0.5906
		b:
			449.7145
			58.008
			443.2945
			-159.3612
			-472.6358
			-51.2084
			352.9504
			90.5935
			-338.614
			-347.9504
			-86.5935
			345.614
	==================================================================================
	Q6:
		Shape: Polyhedra
		q_c:	167.0	462.0	75.5
		ub :	172.3571	467.6506	80.5682
		lb :	161.6429	456.3494	70.4318
		A:
			0.9906	0.1278	-0.0494
			-0.9122	0.1884	-0.3638
			-0.7608	-0.2596	0.5949
			0.7021	0.4045	-0.586
			0.0049	0.3442	0.9389
			0.5865	0.7891	0.1824
			0.6441	0.7447	0.175
			0.714	-0.5032	-0.4868
			-0.2745	0.4385	-0.8558
			-0.6441	-0.7447	-0.175
			-0.714	0.5032	0.4868
			0.2745	-0.4385	0.8558
		b:
			224.0389
			-89.4313
			-198.7973
			263.213
			234.0115
			479.7905
			468.3153
			-146.9752
			95.6273
			-461.3153
			152.9752
			-88.6273


===========================================================================================
===========================================================================================
S3:
	q_c:	475.5	408.5	495.0
	ub :	485.439	428.6656	513.9361
	lb :	459.4153	396.1483	481.8236

	==================================================================================
	Q1:
		Shape: Ellipse
		q_c:	472.0	409.5	508.0
		ub :	476.0978	413.0456	510.9459
		lb :	467.9022	405.9544	505.0541
		P^-1:
			0.3669	0.2822	-0.3208
			0.2822	0.4495	-0.1067
			-0.3208	-0.1067	0.6905
	==================================================================================
	Q2:
		Shape: Polyhedra
		q_c:	471.5	404.0	492.5
		ub :	475.5232	410.9418	499.7225
		lb :	467.4768	397.0582	485.2775
		A:
			0.6603	-0.6615	-0.3555
			-0.8088	-0.328	0.4881
			-0.1974	0.4482	-0.8719
			-0.0729	-0.9056	0.4178
			-0.2794	0.4161	-0.8654
			-0.9351	0.1305	0.3295
			0.0742	0.5893	0.8045
			0.3572	0.7375	-0.5732
			-0.9311	0.3299	-0.1558
			-0.0742	-0.5893	-0.8045
			-0.3572	-0.7375	0.5732
			0.9311	-0.3299	0.1558
		b:
			-126.7403
			-270.2159
			-337.4206
			-190.912
			-385.8361
			-222.785
			675.2859
			187.5741
			-379.9364
			-663.2859
			-180.5741
			384.9364
	==================================================================================
	Q3:
		Shape: Polyhedra
		q_c:	477.5	413.0	504.5
		ub :	485.439	422.3968	513.9361
		lb :	469.561	403.6032	495.0639
		A:
			0.4523	-0.2844	0.8453
			-0.1191	0.8426	0.5252
			0.1047	0.992	0.07
			-0.4689	-0.8549	-0.222
			0.1199	0.0102	0.9927
			0.4665	-0.7495	-0.4697
			0.5443	0.3406	0.7667
			-0.0836	0.9313	-0.3545
			-0.8347	0.1289	0.5353
			-0.5443	-0.3406	-0.7667
			0.0836	-0.9313	0.3545
			0.8347	-0.1289	-0.5353
		b:
			531.0042
			562.2067
			502.0939
			-682.7098
			567.752
			-317.5505
			792.3365
			173.4182
			-69.7854
			-782.3365
			-158.4182
			80.7854
	==================================================================================
	Q4:
		Shape: Ellipse
		q_c:	474.5	400.5	487.0
		ub :	479.497	404.8517	492.1764
		lb :	469.503	396.1483	481.8236
		P^-1:
			0.0831	0.0137	-0.0197
			0.0137	0.202	0.0731
			-0.0197	0.0731	0.1385
	==================================================================================
	Q5:
		Shape: Ellipse
		q_c:	476.0	421.0	497.5
		ub :	483.2707	428.6656	504.7351
		lb :	468.7293	413.3344	490.2649
		P^-1:
			0.0634	-0.0206	-0.0074
			-0.0206	0.058	-0.0042
			-0.0074	-0.0042	0.0427
	==================================================================================
	Q6:
		Shape: Ellipse
		q_c:	467.0	410.5	503.0
		ub :	474.5847	416.1699	510.4133
		lb :	459.4153	404.8301	495.5867
		P^-1:
			0.0532	-0.0342	0.0053
			-0.0342	0.0899	-0.0064
			0.0053	-0.0064	0.0289


===========================================================================================
===========================================================================================
S4:
	q_c:	274.5	317.0	102.5
	ub :	287.6655	332.0116	120.0438
	lb :	261.6772	309.9487	83.1563

	==================================================================================
	Q1:
		Shape: Hybrid
		q_c:	274.5	328.0	106.5
		ub :	278.2235	330.8809	110.4422
		lb :	270.7765	325.1191	102.5578
		P^-1:
			0.1716	0.0148	0.0673
			0.0148	0.2472	-0.0127
			0.0673	-0.0127	0.1923
		A:
			-0.2643	0.6332	-0.7275
			0.6376	0.0748	0.7667
			-0.4391	-0.3473	0.8286
			0.5686	-0.8223	-0.0239
			-0.7895	0.5307	-0.3084
			-0.2265	0.0545	-0.9725
		b:
			58.692
			282.2231
			-144.5044
			-114.8052
			-74.2254
			-146.649
	==================================================================================
	Q2:
		Shape: Ellipse
		q_c:	274.0	320.5	113.0
		ub :	278.4549	327.5434	120.0438
		lb :	269.5451	313.4566	105.9562
		P^-1:
			0.3658	-0.158	-0.0229
			-0.158	0.1159	0.02
			-0.0229	0.02	0.0451
	==================================================================================
	Q3:
		Shape: Hybrid
		q_c:	280.0	321.0	89.0
		ub :	287.6655	328.3607	94.8437
		lb :	272.3345	313.6393	83.1563
		P^-1:
			0.0615	-0.0202	-0.0269
			-0.0202	0.0617	-0.0226
			-0.0269	-0.0226	0.0932
		A:
			-0.7396	-0.0943	0.6664
			0.3624	0.4384	-0.8225
			-0.505	-0.3407	0.793
			0.0746	-0.8006	0.5945
			-0.1852	0.3426	-0.9211
			0.7858	0.3181	0.5305
		b:
			-176.1914
			170.6067
			-178.5147
			-181.2821
			-21.7185
			374.0749
	==================================================================================
	Q4:
		Shape: Hybrid
		q_c:	269.0	324.5	106.0
		ub :	276.3228	332.0116	111.6381
		lb :	261.6772	316.9884	100.3619
		P^-1:
			0.0754	0.0234	-0.0501
			0.0234	0.0479	-0.0206
			-0.0501	-0.0206	0.1192
		A:
			-0.2578	0.6377	0.7259
			-0.3165	-0.2068	0.9258
			0.6422	-0.0859	-0.7617
			-0.0217	-0.659	0.7518
			-0.4012	0.1387	0.9054
			0.8736	-0.4376	-0.2128
		b:
			217.5522
			-52.6659
			65.9186
			-137.3085
			34.8407
			74.0525
	==================================================================================
	Q5:
		Shape: Polyhedra
		q_c:	276.5	318.0	100.0
		ub :	281.9214	323.6946	105.8147
		lb :	271.0786	312.3054	94.1853
		A:
			-0.9563	0.2756	-0.0977
			0.759	0.5844	-0.2871
			0.9391	-0.3365	0.0695
			-0.968	-0.1559	-0.1968
			-0.8062	0.4533	-0.3802
			0.6543	-0.0052	-0.7562
			0.7841	0.4838	0.3887
			0.2847	-0.8369	0.4674
			0.5515	-0.2558	-0.794
			-0.7841	-0.4838	-0.3887
			-0.2847	0.8369	-0.4674
			-0.5515	0.2558	0.794
		b:
			-183.0957
			370.2866
			163.1168
			-333.7898
			-113.1267
			107.1425
			412.5333
			-136.6781
			-4.7674
			-406.5333
			144.6781
			11.7674
	==================================================================================
	Q6:
		Shape: Ellipse
		q_c:	280.0	313.5	107.0
		ub :	283.5489	317.0513	111.1965
		lb :	276.4511	309.9487	102.8035
		P^-1:
			0.1731	0.0633	0.0337
			0.0633	0.2666	0.1699
			0.0337	0.1699	0.2464


===========================================================================================
===========================================================================================
S5:
	q_c:	255.5	32.5	118.0
	ub :	280.3685	46.3176	134.0577
	lb :	240.8383	11.4076	107.7278

	==================================================================================
	Q1:
		Shape: Hybrid
		q_c:	271.0	37.5	117.0
		ub :	280.3685	46.3176	126.2722
		lb :	261.6315	28.6824	107.7278
		P^-1:
			0.0283	-0.0003	0.0087
			-0.0003	0.0463	-0.0174
			0.0087	-0.0174	0.0414
		A:
			0.9259	-0.1562	0.344
			-0.0404	-0.9538	-0.2978
			-0.2029	0.8985	-0.3893
			0.1411	-0.3204	0.9367
			-0.5673	0.7568	0.3248
			0.3349	-0.941	0.0483
		b:
			288.8563
			-77.8458
			-64.5019
			138.4462
			-82.8301
			64.4091
	==================================================================================
	Q2:
		Shape: Ellipse
		q_c:	251.0	38.0	129.5
		ub :	257.8254	45.2154	134.0577
		lb :	244.1746	30.7846	124.9423
		P^-1:
			0.0345	0.0053	-0.0124
			0.0053	0.0526	-0.0455
			-0.0124	-0.0455	0.139
	==================================================================================
	Q3:
		Shape: Hybrid
		q_c:	268.5	18.5	123.0
		ub :	275.5931	25.5924	131.0055
		lb :	261.4069	11.4076	114.9945
		P^-1:
			0.0585	-0.005	0.0098
			-0.005	0.0561	0.0125
			0.0098	0.0125	0.0382
		A:
			-0.5704	-0.8212	-0.0119
			-0.5519	0.7157	0.428
			0.9996	-0.0048	-0.0283
			0.4866	0.8417	-0.234
			0.2996	0.8754	0.3794
			0.4111	0.4275	0.8051
		b:
			-167.1627
			-80.1489
			267.1372
			120.5718
			145.3671
			219.6238
	==================================================================================
	Q4:
		Shape: Ellipse
		q_c:	268.0	30.5	126.5
		ub :	275.758	37.7552	132.3965
		lb :	260.242	23.2448	120.6035
		P^-1:
			0.0774	0.0443	-0.0755
			0.0443	0.0772	-0.0753
			-0.0755	-0.0753	0.1614
	==================================================================================
	Q5:
		Shape: Polyhedra
		q_c:	256.0	22.5	121.0
		ub :	263.5263	30.5368	128.5042
		lb :	248.4737	14.4632	113.4958
		A:
			0.7697	-0.0291	0.6378
			-0.9297	-0.2432	-0.2767
			0.7261	0.2883	-0.6243
			-0.3642	0.1175	0.9239
			-0.997	0.0339	0.0703
			-0.1766	0.0108	0.9842
			0.5741	0.049	0.8173
			-0.8087	0.1906	0.5565
			-0.1285	-0.9804	0.1491
			-0.5741	-0.049	-0.8173
			0.8087	-0.1906	-0.5565
			0.1285	0.9804	-0.1491
		b:
			278.0936
			-271.9931
			122.3167
			26.0576
			-241.0544
			78.937
			251.4628
			-130.3846
			-29.9273
			-242.4628
			140.3846
			43.9273
	==================================================================================
	Q6:
		Shape: Polyhedra
		q_c:	245.0	21.5	124.0
		ub :	249.1617	27.7566	131.0509
		lb :	240.8383	15.2434	116.9491
		A:
			0.866	-0.4855	-0.12
			-0.9883	-0.1025	0.1126
			-0.9593	0.2161	0.1819
			0.565	-0.82	0.0918
			-0.9241	-0.017	-0.3817
			0.7634	0.0561	-0.6435
			0.1601	0.0298	0.9866
			-0.9867	-0.0223	0.1608
			0.0268	-0.9993	0.0259
			-0.1601	-0.0298	-0.9866
			0.9867	0.0223	-0.1608
			-0.0268	0.9993	-0.0259
		b:
			190.8418
			-227.3505
			-204.5625
			137.5286
			-269.8452
			112.6719
			168.7174
			-219.287
			-5.7152
			-155.7174
			225.287
			17.7152


===========================================================================================
===========================================================================================
S6:
	q_c:	192.0	140.5	130.5
	ub :	220.7257	167.2295	158.9663
	lb :	160.2327	111.6866	114.7385

	==================================================================================
	Q1:
		Shape: Ellipse
		q_c:	210.5	120.0	137.0
		ub :	220.7257	128.3134	145.5009
		lb :	200.2743	111.6866	128.4991
		P^-1:
			0.028	-0.0125	-0.0045
			-0.0125	0.0419	-0.0041
			-0.0045	-0.0041	0.0303
	==================================================================================
	Q2:
		Shape: Polyhedra
		q_c:	181.0	147.0	120.0
		ub :	187.2355	153.6936	125.2615
		lb :	174.7645	140.3064	114.7385
		A:
			-0.4549	-0.5958	0.6619
			-0.9113	-0.3944	-0.1183
			-0.3486	-0.6617	-0.6638
			-0.5299	-0.7458	-0.4037
			-0.3627	-0.5798	-0.7295
			-0.1221	0.0966	-0.9878
			0.7026	0.5842	0.4062
			-0.6594	0.7492	0.0631
			-0.2675	-0.3122	0.9116
			-0.7026	-0.5842	-0.4062
			0.6594	-0.7492	-0.0631
			0.2675	0.3122	-0.9116
		b:
			-86.2724
			-234.3956
			-237.1899
			-251.6608
			-235.6141
			-122.2725
			263.8007
			3.8447
			19.5881
			-259.8007
			7.1553
			-10.5881
	==================================================================================
	Q3:
		Shape: Polyhedra
		q_c:	173.5	139.5	127.5
		ub :	182.8306	146.8365	137.4978
		lb :	164.1694	132.1635	117.5022
		A:
			0.1695	0.4504	-0.8766
			0.4693	0.7159	-0.5169
			-0.0893	0.7876	-0.6097
			-0.2689	-0.3629	0.8922
			-0.6129	0.4466	-0.6518
			-0.7335	-0.1256	0.668
			0.5807	0.3474	0.7363
			-0.7871	0.0086	0.6168
			0.2079	-0.9377	0.2784
			-0.5807	-0.3474	-0.7363
			0.7871	-0.0086	-0.6168
			-0.2079	0.9377	-0.2784
		b:
			-14.065
			120.4463
			21.8024
			21.8863
			-120.8663
			-54.6067
			250.587
			-51.7322
			-54.2361
			-235.587
			61.7322
			64.2361
	==================================================================================
	Q4:
		Shape: Polyhedra
		q_c:	173.0	156.5	143.0
		ub :	185.7673	167.2295	153.6647
		lb :	160.2327	145.7705	132.3353
		A:
			-0.3258	0.2912	-0.8995
			0.3704	-0.1974	0.9077
			0.324	0.9452	0.0404
			0.1729	0.9465	-0.2723
			0.7879	0.319	0.5267
			0.1936	0.9729	-0.1266
			0.6459	0.6994	0.3059
			0.7256	-0.438	-0.5307
			-0.2372	0.5648	-0.7904
			-0.6459	-0.6994	-0.3059
			-0.7256	0.438	0.5307
			0.2372	-0.5648	0.7904
		b:
			-135.5364
			166.9939
			214.9848
			143.6965
			266.5997
			172.7494
			269.9492
			-6.9041
			-62.1871
			-259.9492
			30.9041
			69.1871
	==================================================================================
	Q5:
		Shape: Polyhedra
		q_c:	187.5	156.5	135.5
		ub :	202.1513	166.1763	148.6441
		lb :	172.8487	146.8237	122.3559
		A:
			-0.7769	-0.2331	0.5848
			-0.2749	0.8229	-0.4972
			0.1279	-0.9576	0.2583
			-0.1617	0.945	0.2842
			0.2495	-0.5198	0.817
			0.4203	-0.8556	0.3023
			0.1614	0.4866	0.8586
			-0.3038	0.8523	-0.4259
			-0.939	-0.1921	0.2854
			-0.1614	-0.4866	-0.8586
			0.3038	-0.8523	0.4259
			0.939	0.1921	-0.2854
		b:
			-90.4065
			12.9856
			-86.8633
			162.9186
			81.5993
			-10.5365
			232.2514
			21.7186
			-154.452
			-213.2514
			-15.7186
			180.452
	==================================================================================
	Q6:
		Shape: Hybrid
		q_c:	198.5	149.5	148.5
		ub :	207.7788	159.9764	158.9663
		lb :	189.2212	139.0236	138.0337
		P^-1:
			0.0218	-0.0022	0.0018
			-0.0022	0.0256	-0.0013
			0.0018	-0.0013	0.0245
		A:
			-0.5503	0.4005	0.7327
			0.1648	0.4595	-0.8728
			0.9515	0.283	-0.1205
			-0.1536	-0.985	0.0781
			-0.6995	-0.3056	-0.6459
			-0.7817	-0.5591	0.2764
		b:
			63.1236
			-24.7968
			217.2603
			-162.7801
			-276.9129
			-193.7537


===========================================================================================
===========================================================================================
