3D_50_12_6_b                l = 3

===========================================================================================
===========================================================================================
S1:
	q_c:	125.5	113.5	222.0
	ub :	157.38	136.288	246.9415
	lb :	100.3388	89.6424	211.8841

	==================================================================================
	Q1:
		Shape: Polyhedra
		q_c:	132.5	121.5	229.0
		ub :	139.4695	130.7769	238.3507
		lb :	125.5305	112.2231	219.6493
		A:
			0.3502	0.2951	0.889
			-0.7641	-0.6235	0.1656
			-0.0631	0.1174	-0.9911
			0.5596	-0.0678	0.826
			0.1407	-0.0029	0.99
			0.4779	-0.8748	-0.0795
			0.7884	0.3986	0.4686
			0.6148	-0.5368	-0.5778
			0.0212	0.7436	-0.6683
			-0.7884	-0.3986	-0.4686
			-0.6148	0.5368	0.5778
			-0.0212	-0.7436	0.6683
		b:
			290.6146
			-134.1702
			-215.4244
			259.8676
			250.4333
			-55.1703
			264.1929
			-110.0757
			-53.8799
			-256.1929
			122.0757
			65.8799
	==================================================================================
	Q2:
		Shape: Polyhedra
		q_c:	109.0	99.0	231.0
		ub :	117.6612	108.3576	239.6173
		lb :	100.3388	89.6424	222.3827
		A:
			-0.9367	-0.3071	0.168
			-0.072	-0.9184	0.389
			0.4221	0.832	0.3601
			0.1716	-0.9563	0.2368
			0.9555	0.2706	-0.117
			0.724	0.6815	-0.1067
			0.3024	0.6476	0.6994
			-0.6443	0.6796	-0.3507
			-0.7024	-0.3446	0.6228
			-0.3024	-0.6476	-0.6994
			0.6443	-0.6796	0.3507
			0.7024	0.3446	-0.6228
		b:
			-89.1264
			-3.3305
			216.9218
			-15.1906
			108.6227
			126.3104
			264.1338
			-77.4607
			37.199
			-253.1338
			90.4607
			-29.199
	==================================================================================
	Q3:
		Shape: Ellipse
		q_c:	145.0	106.0	231.5
		ub :	152.7826	117.3855	239.7396
		lb :	137.2174	94.6145	223.2604
		P^-1:
			0.037	-0.0061	0.0236
			-0.0061	0.012	-0.0127
			0.0236	-0.0127	0.0654
	==================================================================================
	Q4:
		Shape: Ellipse
		q_c:	146.0	126.5	220.5
		ub :	157.38	136.288	229.1159
		lb :	134.62	116.712	211.8841
		P^-1:
			0.0195	0.0031	-0.0179
			0.0031	0.0699	-0.0655
			-0.0179	-0.0655	0.1095
	==================================================================================
	Q5:
		Shape: Ellipse
		q_c:	136.5	103.5	232.0
		ub :	150.2996	115.9597	246.9415
		lb :	122.7004	91.0403	217.0585
		P^-1:
			0.0118	0.0002	0.001
			0.0002	0.0123	-0.0003
			0.001	-0.0003	0.0106
	==================================================================================
	Q6:
		Shape: Ellipse
		q_c:	110.0	116.5	227.5
		ub :	115.8255	121.6189	234.2428
		lb :	104.1745	111.3811	220.7572
		P^-1:
			0.0731	0.0035	0.0165
			0.0035	0.0802	-0.0068
			0.0165	-0.0068	0.05


===========================================================================================
===========================================================================================
S2:
	q_c:	83.5	364.5	170.0
	ub :	98.3712	374.5441	175.5074
	lb :	76.1032	353.7419	158.4214

	==================================================================================
	Q1:
		Shape: Polyhedra
		q_c:	91.0	357.5	167.5
		ub :	95.3171	361.2581	171.3202
		lb :	86.6829	353.7419	163.6798
		A:
			0.171	0.3101	0.9352
			-0.4201	0.6082	-0.6735
			-0.2042	0.4826	-0.8517
			-0.1552	-0.7316	-0.6638
			0.6433	-0.2559	0.7216
			-0.2515	0.7571	-0.603
			0.0422	0.9926	0.1137
			0.8388	0.0266	-0.5438
			-0.5428	0.1183	-0.8315
			-0.0422	-0.9926	-0.1137
			-0.8388	-0.0266	0.5438
			0.5428	-0.1183	0.8315
		b:
			285.4776
			68.5803
			13.506
			-383.7958
			89.58
			149.4135
			381.2434
			-1.2264
			-144.8765
			-374.2434
			9.2264
			147.8765
	==================================================================================
	Q2:
		Shape: Ellipse
		q_c:	90.0	361.0	171.0
		ub :	94.1648	363.4882	174.5079
		lb :	85.8352	358.5118	167.4921
		P^-1:
			0.211	-0.3096	-0.0353
			-0.3096	0.8767	0.0261
			-0.0353	0.0261	0.154
	==================================================================================
	Q3:
		Shape: Polyhedra
		q_c:	94.5	370.0	162.5
		ub :	98.3712	374.5441	166.5786
		lb :	90.6288	365.4559	158.4214
		A:
			0.571	0.7579	-0.3155
			0.1052	0.2631	0.959
			-0.409	-0.1369	0.9022
			0.574	0.0768	0.8152
			-0.6062	-0.7742	-0.182
			-0.4281	0.3056	0.8505
			0.4996	0.7807	0.3755
			0.8619	-0.4043	-0.3061
			-0.0871	0.4765	-0.8748
			-0.4996	-0.7807	-0.3755
			-0.8619	0.4043	0.3061
			0.0871	-0.4765	0.8748
		b:
			285.9165
			265.823
			59.8041
			217.8429
			-370.3414
			213.3976
			400.0721
			-115.3939
			28.4083
			-394.0721
			120.3939
			-23.4083
	==================================================================================
	Q4:
		Shape: Ellipse
		q_c:	81.5	359.5	165.5
		ub :	86.8968	364.7108	169.3043
		lb :	76.1032	354.2892	161.6957
		P^-1:
			0.0943	0.021	-0.0208
			0.021	0.0868	0.0144
			-0.0208	0.0144	0.1525
	==================================================================================
	Q5:
		Shape: Hybrid
		q_c:	86.0	368.0	169.5
		ub :	92.5392	373.4402	175.5074
		lb :	79.4608	362.5598	163.4926
		P^-1:
			0.0686	-0.0071	-0.0141
			-0.0071	0.0777	-0.0077
			-0.0141	-0.0077	0.0663
		A:
			0.5113	0.3216	-0.797
			0.6037	0.1763	-0.7775
			-0.8997	-0.237	0.3665
			-0.6253	-0.7772	0.0708
			-0.0355	0.7917	0.6099
			0.4239	-0.6233	-0.6571
		b:
			29.0122
			-13.2262
			-100.5499
			-325.6137
			393.8991
			-302.3652
	==================================================================================
	Q6:
		Shape: Polyhedra
		q_c:	81.0	367.5	168.0
		ub :	82.9448	373.6635	173.9616
		lb :	79.0552	361.3365	162.0384
		A:
			0.9333	0.1656	-0.3187
			-0.9967	0.0416	0.0696
			-0.2669	0.8956	-0.356
			-0.9351	0.2469	0.2541
			-0.9422	0.2786	-0.186
			-0.8951	-0.1419	0.4226
			0.1531	0.7308	0.6651
			0.0384	0.6682	-0.743
			-0.9875	0.1393	0.0743
			-0.1531	-0.7308	-0.6651
			-0.0384	-0.6682	0.743
			0.9875	-0.1393	-0.0743
		b:
			84.4318
			-52.6702
			251.001
			59.2026
			-3.8635
			-52.0216
			398.2333
			126.8377
			-15.3112
			-387.2333
			-120.8377
			17.3112


===========================================================================================
===========================================================================================
S3:
	q_c:	104.0	246.0	82.0
	ub :	114.3675	261.9588	96.9586
	lb :	88.9816	235.4769	69.0519

	==================================================================================
	Q1:
		Shape: Ellipse
		q_c:	96.0	254.0	76.5
		ub :	103.0184	261.9588	83.9481
		lb :	88.9816	246.0412	69.0519
		P^-1:
			0.0713	0.0199	-0.0331
			0.0199	0.0459	-0.0137
			-0.0331	-0.0137	0.067
	==================================================================================
	Q2:
		Shape: Ellipse
		q_c:	106.5	243.5	90.0
		ub :	114.3675	251.5231	96.9586
		lb :	98.6325	235.4769	83.0414
		P^-1:
			0.0446	0.0175	0.0164
			0.0175	0.0503	0.0078
			0.0164	0.0078	0.064
	==================================================================================
	Q3:
		Shape: Ellipse
		q_c:	99.5	249.5	89.0
		ub :	106.8155	254.7395	95.8591
		lb :	92.1845	244.2605	82.1409
		P^-1:
			0.0507	-0.005	0.0349
			-0.005	0.1258	-0.042
			0.0349	-0.042	0.0929
	==================================================================================
	Q4:
		Shape: Ellipse
		q_c:	102.5	253.0	77.5
		ub :	109.3388	258.6521	84.8795
		lb :	95.6612	247.3479	70.1205
		P^-1:
			0.1691	-0.1776	-0.0616
			-0.1776	0.2738	0.1009
			-0.0616	0.1009	0.0788
	==================================================================================
	Q5:
		Shape: Polyhedra
		q_c:	103.0	241.5	83.0
		ub :	107.9685	246.5045	87.7177
		lb :	98.0315	236.4955	78.2823
		A:
			0.37	0.8017	0.4695
			-0.097	0.7519	-0.6521
			-0.3303	0.0722	-0.9411
			-0.0621	-0.6082	0.7914
			0.3224	0.4005	0.8577
			-0.2654	-0.9637	-0.0306
			0.9018	0.3293	0.2799
			-0.027	-0.6035	0.7969
			0.4313	-0.7262	-0.5353
			-0.9018	-0.3293	-0.2799
			0.027	0.6035	-0.7969
			-0.4313	0.7262	0.5353
		b:
			274.2435
			120.0004
			-91.6515
			-85.0849
			204.5241
			-259.3748
			199.6344
			-79.8656
			-172.3948
			-191.6344
			84.8656
			178.3948
	==================================================================================
	Q6:
		Shape: Hybrid
		q_c:	107.5	254.0	84.5
		ub :	114.0957	259.562	91.6006
		lb :	100.9043	248.438	77.3994
		P^-1:
			0.0495	-0.001	0.0003
			-0.001	0.0615	-0.0033
			0.0003	-0.0033	0.0503
		A:
			0.3798	0.5142	-0.769
			0.04	-0.6452	0.7629
			-0.5944	-0.471	0.6518
			-0.7321	0.6748	-0.0933
			-0.4338	0.8741	-0.2184
			0.1997	0.7491	-0.6317
		b:
			108.737
			-92.9485
			-126.1225
			87.0653
			159.0161
			160.481


===========================================================================================
===========================================================================================
S4:
	q_c:	85.0	321.5	121.0
	ub :	101.9093	336.2411	135.8049
	lb :	77.734	308.1693	106.4547

	==================================================================================
	Q1:
		Shape: Hybrid
		q_c:	84.5	313.5	121.0
		ub :	89.7146	318.8307	126.1924
		lb :	79.2854	308.1693	115.8076
		P^-1:
			0.0531	-0.0059	-0.0134
			-0.0059	0.0688	0.0156
			-0.0134	0.0156	0.1011
		A:
			-0.435	-0.8716	-0.2259
			-0.5069	0.504	0.6993
			0.2534	-0.317	-0.914
			0.8222	0.4406	-0.3604
			0.7224	-0.6655	-0.1879
			-0.6526	0.6458	-0.3963
		b:
			-334.8205
			201.4732
			-187.0561
			166.6929
			-167.958
			102.0906
	==================================================================================
	Q2:
		Shape: Ellipse
		q_c:	81.0	316.0	130.5
		ub :	84.266	320.5069	135.8049
		lb :	77.734	311.4931	125.1951
		P^-1:
			0.1708	-0.0535	0.0248
			-0.0535	0.2871	-0.1889
			0.0248	-0.1889	0.1865
	==================================================================================
	Q3:
		Shape: Polyhedra
		q_c:	94.5	316.5	114.0
		ub :	101.9093	323.0038	121.5453
		lb :	87.0907	309.9962	106.4547
		A:
			0.3075	-0.5154	0.7998
			-0.4127	0.8057	0.425
			-0.4784	0.2962	0.8267
			-0.8347	0.5252	0.1657
			0.8857	0.4529	-0.1023
			-0.1615	-0.3683	0.9156
			0.5887	0.2639	0.7641
			0.7807	0.0597	-0.6221
			-0.2098	0.9627	-0.1709
			-0.5887	-0.2639	-0.7641
			-0.7807	-0.0597	0.6221
			0.2098	-0.9627	0.1709
		b:
			-37.7454
			269.2249
			147.167
			110.7491
			219.9781
			-22.7875
			231.7681
			25.7465
			270.3834
			-220.7681
			-17.7465
			-260.3834
	==================================================================================
	Q4:
		Shape: Hybrid
		q_c:	91.5	329.5	120.0
		ub :	94.366	333.7216	124.7196
		lb :	88.634	325.2784	115.2804
		P^-1:
			0.7884	-0.3919	0.0059
			-0.3919	0.274	-0.004
			0.0059	-0.004	0.0495
		A:
			0.93	-0.3178	-0.1848
			-0.9738	0.2276	-0.0051
			0.9072	-0.341	0.2464
			0.9569	-0.1786	-0.2288
			0.9637	-0.237	0.1227
			-0.0426	-0.3714	-0.9275
		b:
			-40.8521
			-13.7981
			1.2679
			2.5937
			25.8004
			-233.6596
	==================================================================================
	Q5:
		Shape: Hybrid
		q_c:	86.0	329.5	116.0
		ub :	92.9049	336.2411	122.8214
		lb :	79.0951	322.7589	109.1786
		P^-1:
			0.0409	0.0052	0.0059
			0.0052	0.0708	0.0348
			0.0059	0.0348	0.0794
		A:
			-0.4809	-0.861	-0.1653
			-0.3492	0.9332	0.0844
			-0.0902	0.0329	0.9954
			0.3425	-0.3755	0.8612
			-0.9427	-0.1374	-0.3041
			0.4379	-0.7626	-0.4762
		b:
			-341.727
			290.0606
			121.0387
			8.834
			-158.426
			-266.5171
	==================================================================================
	Q6:
		Shape: Ellipse
		q_c:	82.0	317.0	118.0
		ub :	85.4199	322.7046	122.7074
		lb :	78.5801	311.2954	113.2926
		P^-1:
			0.1109	0.0022	0.0025
			0.0022	0.042	-0.0087
			0.0025	-0.0087	0.0799


===========================================================================================
===========================================================================================
S5:
	q_c:	57.0	360.5	174.0
	ub :	68.2033	378.2018	190.2553
	lb :	44.4358	345.9187	165.2114

	==================================================================================
	Q1:
		Shape: Polyhedra
		q_c:	50.0	364.5	171.5
		ub :	55.3547	370.2942	177.7886
		lb :	44.6453	358.7058	165.2114
		A:
			-0.4937	-0.8101	-0.3163
			-0.5073	0.4654	0.7253
			0.2625	-0.8429	-0.4698
			-0.8867	0.418	0.1976
			-0.6095	-0.0568	-0.7907
			-0.3911	0.9196	0.037
			0.5725	0.4836	0.6621
			-0.715	0.6897	0.1144
			-0.4013	-0.5389	0.7406
			-0.5725	-0.4836	-0.6621
			0.715	-0.6897	-0.1144
			0.4013	0.5389	-0.7406
		b:
			-370.7241
			271.9889
			-372.3008
			144.4
			-183.5277
			324.6007
			321.4471
			237.2796
			-83.9845
			-315.4471
			-233.2796
			94.9845
	==================================================================================
	Q2:
		Shape: Polyhedra
		q_c:	51.5	357.5	174.5
		ub :	56.0314	359.9576	179.8384
		lb :	46.9686	355.0424	169.1616
		A:
			-0.2156	-0.9744	-0.063
			-0.8212	-0.5696	-0.0352
			0.5832	0.6331	-0.509
			-0.4115	-0.8763	0.2507
			-0.9787	-0.2026	-0.0331
			-0.039	-0.9967	-0.0715
			0.3172	0.0528	0.9469
			-0.9204	0.2576	0.294
			-0.2284	-0.9648	0.1303
			-0.3172	-0.0528	-0.9469
			0.9204	-0.2576	-0.294
			0.2284	0.9648	-0.1303
		b:
			-368.7651
			-249.4979
			169.8722
			-289.0738
			-125.5693
			-369.0776
			204.9348
			99.0006
			-332.4439
			-195.9348
			-93.0006
			335.4439
	==================================================================================
	Q3:
		Shape: Polyhedra
		q_c:	48.0	370.0	177.5
		ub :	50.4568	375.2835	180.9706
		lb :	45.5432	364.7165	174.0294
		A:
			-0.1016	0.1183	-0.9878
			-0.4081	0.1711	-0.8968
			-0.5062	-0.3935	0.7674
			-0.5652	-0.2274	0.793
			0.9652	0.2525	-0.0683
			-0.4867	-0.2375	0.8406
			0.0093	0.9239	0.3826
			0.5046	0.326	-0.7994
			-0.8633	0.2004	-0.4631
			-0.0093	-0.9239	-0.3826
			-0.5046	-0.326	0.7994
			0.8633	-0.2004	0.4631
		b:
			-134.4318
			-113.2388
			-33.0614
			30.1719
			129.8119
			38.6681
			415.1868
			3.447
			-46.9808
			-405.1868
			-2.447
			51.9808
	==================================================================================
	Q4:
		Shape: Hybrid
		q_c:	50.5	364.0	172.0
		ub :	56.5642	370.9091	178.2633
		lb :	44.4358	357.0909	165.7367
		P^-1:
			0.0691	-0.014	-0.0068
			-0.014	0.0639	-0.0016
			-0.0068	-0.0016	0.0604
		A:
			0.9508	-0.0409	0.307
			0.2725	0.9367	0.2198
			0.403	-0.8523	-0.3334
			0.4349	-0.1228	0.8921
			-0.2935	0.3064	0.9055
			-0.2037	0.6864	-0.6981
		b:
			88.2155
			395.1017
			-345.2499
			133.116
			254.6526
			121.65
	==================================================================================
	Q5:
		Shape: Hybrid
		q_c:	60.0	371.5	183.0
		ub :	68.2033	378.2018	190.2553
		lb :	51.7967	364.7982	175.7447
		P^-1:
			0.0453	-0.0108	0.0136
			-0.0108	0.0557	0.0086
			0.0136	0.0086	0.0518
		A:
			0.1162	-0.2616	-0.9581
			0.5449	-0.7248	-0.4215
			-0.1031	0.0518	-0.9933
			0.0941	0.7739	0.6263
			-0.4638	-0.8164	-0.344
			-0.2967	0.9428	-0.1517
		b:
			-262.9816
			-311.5145
			-166.1412
			409.7634
			-391.5015
			306.9048
	==================================================================================
	Q6:
		Shape: Hybrid
		q_c:	61.5	351.0	177.0
		ub :	65.2729	356.0813	182.2629
		lb :	57.7271	345.9187	171.7371
		P^-1:
			0.224	0.0159	-0.0587
			0.0159	0.0834	-0.0066
			-0.0587	-0.0066	0.1058
		A:
			-0.6664	0.7067	0.2376
			0.8599	-0.2657	-0.4359
			-0.9486	0.2452	0.2002
			0.6756	0.3527	-0.6474
			0.804	0.2075	-0.5572
			-0.0281	0.875	0.4834
		b:
			251.1334
			-116.2627
			64.4642
			52.1116
			24.7713
			393.4258


===========================================================================================
===========================================================================================
S6:
	q_c:	92.0	76.0	160.5
	ub :	95.4379	80.0956	164.3311
	lb :	90.1564	73.6463	157.8793

	==================================================================================
	Q1:
		Shape: Ellipse
		q_c:	93.0	77.5	160.5
		ub :	94.3043	78.4895	161.856
		lb :	91.6957	76.5105	159.144
		P^-1:
			1.2328	-0.7704	0.2256
			-0.7704	3.5486	-0.7463
			0.2256	-0.7463	1.2185
	==================================================================================
	Q2:
		Shape: Ellipse
		q_c:	92.5	78.0	162.0
		ub :	94.6913	80.0956	164.3311
		lb :	90.3087	75.9044	159.6689
		P^-1:
			0.6898	-0.2359	0.1431
			-0.2359	0.6712	-0.1376
			0.1431	-0.1376	0.5279
	==================================================================================
	Q3:
		Shape: Polyhedra
		q_c:	92.0	76.0	161.5
		ub :	93.6068	77.6883	163.1555
		lb :	90.3932	74.3117	159.8445
		A:
			0.1167	-0.317	-0.9412
			-0.925	0.3361	0.1774
			-0.7723	0.3892	-0.5021
			-0.2271	0.9644	0.1352
			-0.7397	-0.3708	-0.5615
			-0.86	0.492	-0.1358
			0.7768	0.5453	0.315
			0.2536	-0.7287	0.6362
			0.5764	-0.4143	-0.7043
			-0.7768	-0.5453	-0.315
			-0.2536	0.7287	-0.6362
			-0.5764	0.4143	0.7043
		b:
			-164.3615
			-29.9067
			-121.5623
			75.233
			-185.9245
			-62.652
			164.7817
			71.6856
			-91.2028
			-162.7817
			-69.6856
			93.2028
	==================================================================================
	Q4:
		Shape: Hybrid
		q_c:	93.0	77.5	161.0
		ub :	95.1536	79.7535	163.2275
		lb :	90.8464	75.2465	158.7725
		P^-1:
			0.7502	0.0683	0.2678
			0.0683	0.4597	0.0598
			0.2678	0.0598	0.679
		A:
			-0.2642	-0.4598	-0.8478
			-0.596	-0.0541	-0.8011
			0.5019	-0.1452	0.8526
			0.4725	0.758	0.4497
			0.6037	-0.7959	0.0457
			0.11	-0.255	-0.9607
		b:
			-196.0181
			-188.0751
			173.3056
			175.8098
			2.7681
			-163.3465
	==================================================================================
	Q5:
		Shape: Ellipse
		q_c:	94.0	75.5	160.0
		ub :	95.4379	77.3537	161.6182
		lb :	92.5621	73.6463	158.3818
		P^-1:
			2.5111	-0.1542	-1.5516
			-0.1542	0.681	0.4961
			-1.5516	0.4961	2.2524
	==================================================================================
	Q6:
		Shape: Polyhedra
		q_c:	92.5	76.0	160.0
		ub :	94.8436	78.1442	162.1207
		lb :	90.1564	73.8558	157.8793
		A:
			0.6789	-0.3035	0.6686
			-0.8527	0.435	-0.2892
			0.9037	-0.1358	0.4061
			0.0806	-0.9249	-0.3716
			0.025	-0.449	-0.8932
			-0.8801	-0.059	-0.4711
			0.6548	0.709	0.2617
			-0.4449	0.6415	-0.6249
			-0.6109	0.2928	0.7355
			-0.6548	-0.709	-0.2617
			0.4449	-0.6415	0.6249
			0.6109	-0.2928	-0.7355
		b:
			147.8039
			-90.9122
			139.4881
			-120.855
			-173.2504
			-159.9582
			157.8256
			-91.384
			84.9252
			-154.8256
			93.384
			-81.9252


===========================================================================================
===========================================================================================
S7:
	q_c:	289.0	383.5	205.5
	ub :	307.4854	393.5265	218.5915
	lb :	285.4101	372.0474	194.6749

	==================================================================================
	Q1:
		Shape: Hybrid
		q_c:	301.0	386.5	212.5
		ub :	307.4854	393.5265	218.5915
		lb :	294.5146	379.4735	206.4085
		P^-1:
			0.0714	0.0066	-0.023
			0.0066	0.0654	-0.0267
			-0.023	-0.0267	0.0769
		A:
			-0.6405	0.2928	-0.7099
			-0.8731	0.4478	-0.1928
			-0.2785	0.9302	-0.2391
			0.6768	-0.7298	0.0964
			0.0792	-0.9305	0.3577
			0.4698	-0.2329	0.8515
		b:
			-227.7684
			-128.1473
			227.3028
			-55.3831
			-257.5872
			235.0345
	==================================================================================
	Q2:
		Shape: Polyhedra
		q_c:	287.5	388.5	203.0
		ub :	289.5899	391.1964	205.9243
		lb :	285.4101	385.8036	200.0757
		A:
			0.8831	-0.0018	0.4691
			0.4957	-0.5524	-0.6702
			-0.4212	0.2475	-0.8725
			0.4163	-0.7668	-0.4886
			0.8271	-0.1811	-0.532
			-0.8616	-0.1212	0.4929
			0.7934	0.5766	0.1948
			0.5964	-0.6728	-0.4377
			-0.1213	0.4635	-0.8778
			-0.7934	-0.5766	-0.1948
			-0.5964	0.6728	0.4377
			0.1213	-0.4635	0.8778
		b:
			350.2198
			-206.9581
			-199.6731
			-276.3799
			60.7418
			-193.2447
			493.1766
			-177.7765
			-30.5236
			-490.1766
			179.7765
			35.5236
	==================================================================================
	Q3:
		Shape: Polyhedra
		q_c:	295.5	384.5	204.5
		ub :	301.1291	387.674	210.6566
		lb :	289.8709	381.326	198.3434
		A:
			0.7425	0.6418	-0.1916
			0.6699	-0.6293	0.394
			0.2422	0.9616	-0.1291
			0.361	0.8761	-0.3196
			0.6802	0.43	-0.5937
			0.9104	0.3008	-0.2841
			0.546	0.1421	0.8256
			0.3678	0.8448	-0.3887
			-0.7527	0.5159	0.409
			-0.546	-0.1421	-0.8256
			-0.3678	-0.8448	0.3887
			0.7527	-0.5159	-0.409
		b:
			429.2642
			40.4809
			416.4452
			379.2287
			246.7423
			329.2578
			390.3335
			355.0267
			62.5737
			-379.3335
			-353.0267
			-56.5737
	==================================================================================
	Q4:
		Shape: Ellipse
		q_c:	292.0	384.5	199.5
		ub :	297.7868	390.6454	203.1064
		lb :	286.2132	378.3546	195.8936
		P^-1:
			0.1193	0.0491	0.0578
			0.0491	0.0713	0.0255
			0.0578	0.0255	0.2105
	==================================================================================
	Q5:
		Shape: Hybrid
		q_c:	300.0	377.0	202.0
		ub :	306.0397	381.9526	208.1686
		lb :	293.9603	372.0474	195.8314
		P^-1:
			0.0733	-0.001	-0.0094
			-0.001	0.0815	-0.0011
			-0.0094	-0.0011	0.071
		A:
			-0.4982	-0.3132	0.8085
			0.2909	-0.4468	0.846
			-0.5123	-0.502	0.6968
			0.8839	0.4581	0.0938
			-0.4252	0.893	-0.1473
			-0.2981	-0.7538	-0.5856
		b:
			-102.4613
			91.7713
			-200.4463
			458.8254
			181.1621
			-489.8967
	==================================================================================
	Q6:
		Shape: Hybrid
		q_c:	296.5	384.0	197.5
		ub :	300.7025	388.4852	200.3251
		lb :	292.2975	379.5148	194.6749
		P^-1:
			0.1526	0.0345	-0.0225
			0.0345	0.0986	-0.0169
			-0.0225	-0.0169	0.2404
		A:
			-0.8938	-0.4439	0.0647
			-0.1313	-0.4583	-0.8791
			-0.3854	-0.1265	-0.914
			0.595	0.368	-0.7145
			0.1325	-0.3107	-0.9412
			0.2938	0.1188	0.9485
		b:
			-421.2346
			-387.0832
			-342.11
			177.7026
			-264.5909
			321.2423


===========================================================================================
===========================================================================================
S8:
	q_c:	74.5	488.5	277.0
	ub :	86.9188	497.8086	283.9318
	lb :	66.8693	476.1976	267.9293

	==================================================================================
	Q1:
		Shape: Polyhedra
		q_c:	70.0	481.5	273.5
		ub :	73.1307	486.8024	279.0707
		lb :	66.8693	476.1976	267.9293
		A:
			-0.6778	0.3013	-0.6707
			-0.9626	-0.0422	0.2677
			0.6641	-0.2881	0.6899
			0.2286	0.8884	-0.3981
			-0.645	0.0723	0.7607
			-0.1868	-0.4617	0.8672
			0.3768	0.5768	0.7248
			0.0152	0.7785	-0.6275
			-0.9262	0.2475	0.2845
			-0.3768	-0.5768	-0.7248
			-0.0152	-0.7785	0.6275
			0.9262	-0.2475	-0.2845
		b:
			-82.5013
			-12.6881
			99.8063
			338.0381
			200.1016
			4.8493
			506.8434
			207.2742
			133.6654
			-497.8434
			-201.2742
			-130.6654
	==================================================================================
	Q2:
		Shape: Polyhedra
		q_c:	75.0	489.5	275.0
		ub :	78.427	493.2685	277.6308
		lb :	71.573	485.7315	272.3692
		A:
			0.2667	-0.1942	-0.944
			0.1884	0.2624	-0.9464
			0.289	-0.3979	0.8707
			0.3007	0.839	0.4535
			-0.8734	-0.2995	0.3839
			-0.5198	0.2404	0.8198
			0.709	0.3298	0.6233
			0.3468	-0.9327	0.0989
			0.614	0.146	-0.7757
			-0.709	-0.3298	-0.6233
			-0.3468	0.9327	-0.0989
			-0.614	-0.146	0.7757
		b:
			-333.1204
			-116.1474
			68.6757
			560.6656
			-105.0667
			305.5688
			388.5115
			-400.3411
			-94.7672
			-383.5115
			406.3411
			96.7672
	==================================================================================
	Q3:
		Shape: Polyhedra
		q_c:	76.5	488.0	276.5
		ub :	80.8766	492.6305	280.4377
		lb :	72.1234	483.3695	272.5623
		A:
			-0.0194	0.8868	-0.4618
			0.9865	-0.0773	-0.1447
			-0.1605	-0.9217	-0.3532
			0.0686	-0.2603	-0.9631
			0.0804	0.9712	0.2243
			0.1392	0.0976	-0.9854
			0.7475	0.6389	0.1819
			0.2308	-0.5065	0.8308
			0.6229	-0.579	-0.526
			-0.7475	-0.6389	-0.1819
			-0.2308	0.5065	-0.8308
			-0.6229	0.579	0.526
		b:
			306.1863
			0.4558
			-556.9084
			-385.5246
			544.8914
			-211.6944
			422.2625
			2.709
			-377.8517
			-416.2625
			2.291
			382.8517
	==================================================================================
	Q4:
		Shape: Polyhedra
		q_c:	73.0	486.0	280.0
		ub :	75.8568	489.5529	283.9318
		lb :	70.1432	482.4471	276.0682
		A:
			0.6734	0.7306	0.1134
			-0.4965	-0.8562	0.1428
			-0.8084	0.4682	0.3568
			0.0138	-0.9773	0.2116
			0.2045	-0.6138	0.7625
			-0.6339	0.7728	-0.0301
			0.1866	0.6735	0.7153
			-0.1841	0.7391	-0.6479
			-0.965	-0.0107	0.2619
			-0.1866	-0.6735	-0.7153
			0.1841	-0.7391	0.6479
			0.965	0.0107	-0.2619
		b:
			438.2687
			-410.0272
			270.5933
			-412.2114
			-67.4034
			323.2342
			543.7081
			166.8576
			-0.3171
			-538.7081
			-161.8576
			4.3171
	==================================================================================
	Q5:
		Shape: Polyhedra
		q_c:	82.0	483.0	275.0
		ub :	86.9188	488.8797	280.8671
		lb :	77.0812	477.1203	269.1329
		A:
			0.9679	0.1123	0.2248
			0.916	0.4003	0.0263
			-0.7736	-0.6236	-0.1126
			-0.1245	0.3899	0.9124
			-0.6226	0.7195	0.3077
			-0.7763	-0.4923	-0.3937
			0.3904	0.8176	0.4233
			0.9166	-0.3021	-0.2617
			-0.0861	0.4902	-0.8674
			-0.3904	-0.8176	-0.4233
			-0.9166	0.3021	0.2617
			0.0861	-0.4902	0.8674
		b:
			198.9691
			279.1735
			-392.0847
			432.7084
			384.5872
			-406.2178
			546.808
			-139.2463
			-4.8256
			-539.808
			146.2463
			12.8256
	==================================================================================
	Q6:
		Shape: Hybrid
		q_c:	74.5	493.5	278.0
		ub :	77.9269	497.8086	282.4204
		lb :	71.0731	489.1914	273.5796
		P^-1:
			0.1117	0.0066	-0.0094
			0.0066	0.1806	-0.0899
			-0.0094	-0.0899	0.1313
		A:
			0.6951	-0.5356	0.4796
			0.5276	-0.551	0.6465
			-0.7003	-0.6941	0.1666
			-0.4135	0.8731	-0.2584
			0.4983	-0.8643	0.0682
			0.2434	-0.931	0.2722
		b:
			-77.5864
			-51.4019
			-346.7007
			329.7092
			-368.6139
			-364.2117


===========================================================================================
===========================================================================================
S9:
	q_c:	473.0	92.0	165.5
	ub :	494.7127	114.4084	186.8204
	lb :	449.5099	82.7848	142.6422

	==================================================================================
	Q1:
		Shape: Polyhedra
		q_c:	468.0	103.5	163.0
		ub :	477.1191	111.9071	170.536
		lb :	458.8809	95.0929	155.464
		A:
			0.4013	-0.5703	0.7167
			0.8438	0.3082	-0.4393
			-0.145	-0.8855	-0.4414
			0.613	-0.6989	-0.3683
			0.1922	0.6261	-0.7557
			0.4136	-0.072	-0.9076
			0.4936	0.8515	0.1767
			0.7179	-0.5137	0.4698
			0.4908	-0.1051	-0.8649
			-0.4936	-0.8515	-0.1767
			-0.7179	0.5137	-0.4698
			-0.4908	0.1051	0.8649
		b:
			251.0156
			360.3656
			-225.7056
			159.6335
			36.7752
			42.6664
			353.951
			364.9125
			82.3331
			-341.951
			-353.9125
			-73.3331
	==================================================================================
	Q2:
		Shape: Hybrid
		q_c:	476.0	98.0	176.0
		ub :	484.1792	107.5172	185.4692
		lb :	467.8208	88.4828	166.5308
		P^-1:
			0.0785	0.0057	-0.0429
			0.0057	0.0238	0.0018
			-0.0429	0.0018	0.0543
		A:
			-0.3585	0.393	-0.8468
			0.1133	0.6455	-0.7553
			-0.0027	-0.3457	0.9383
			0.7026	0.6568	0.274
			-0.5196	0.2836	0.806
			0.5074	-0.3294	-0.7962
		b:
			-275.4323
			-10.858
			134.7366
			451.1054
			-75.3181
			71.5688
	==================================================================================
	Q3:
		Shape: Polyhedra
		q_c:	469.5	101.5	153.5
		ub :	481.2974	113.4664	164.3578
		lb :	457.7026	89.5336	142.6422
		A:
			0.4759	-0.7034	-0.5281
			0.5541	-0.8177	0.1559
			0.3178	-0.9278	-0.1955
			0.6712	0.7344	0.1002
			0.9771	0.2119	-0.0201
			0.3135	-0.8676	0.386
			0.4318	0.8817	0.1903
			0.7984	-0.2754	-0.5354
			-0.4197	0.3831	-0.8229
			-0.4318	-0.8817	-0.1903
			-0.7984	0.2754	0.5354
			0.4197	-0.3831	0.8229
		b:
			78.0494
			208.2867
			32.6893
			413.4263
			484.5046
			125.8383
			329.917
			271.2008
			-277.4634
			-312.917
			-258.2008
			291.4634
	==================================================================================
	Q4:
		Shape: Polyhedra
		q_c:	460.0	103.0	179.0
		ub :	470.4901	114.4084	186.8204
		lb :	449.5099	91.5916	171.1796
		A:
			0.0765	-0.3608	-0.9295
			0.3893	-0.4065	-0.8266
			0.9813	0.1806	0.0665
			0.0392	0.4596	0.8873
			-0.0055	-0.0587	0.9983
			-0.2233	0.2336	0.9464
			0.7669	0.3823	0.5154
			0.4775	-0.8766	-0.0602
			0.4288	0.2923	-0.8548
			-0.7669	-0.3823	-0.5154
			-0.4775	0.8766	0.0602
			-0.4288	-0.2923	0.8548
		b:
			-162.2676
			-3.8435
			487.491
			230.3123
			175.4926
			96.7727
			489.4244
			127.5714
			79.8227
			-479.4244
			-109.5714
			-68.8227
	==================================================================================
	Q5:
		Shape: Polyhedra
		q_c:	485.0	93.0	161.0
		ub :	488.3996	100.8886	167.7003
		lb :	481.6004	85.1114	154.2997
		A:
			0.9498	0.2865	0.1257
			0.9747	0.1507	-0.1653
			-0.9768	-0.1329	-0.168
			-0.9834	-0.0538	-0.1733
			-0.8084	-0.5279	-0.2603
			0.517	-0.6518	0.5548
			0.9503	0.1062	0.2925
			-0.1778	-0.5862	0.7904
			0.2554	-0.8032	-0.5382
			-0.9503	-0.1062	-0.2925
			0.1778	0.5862	-0.7904
			-0.2554	0.8032	0.5382
		b:
			508.813
			462.3063
			-512.0241
			-508.5203
			-480.1594
			282.9656
			518.8904
			-10.4845
			-29.9527
			-516.8904
			16.4845
			44.9527
	==================================================================================
	Q6:
		Shape: Hybrid
		q_c:	487.0	92.5	165.0
		ub :	494.7127	102.2152	175.4826
		lb :	479.2873	82.7848	154.5174
		P^-1:
			0.0439	-0.0074	0.0093
			-0.0074	0.0276	0.0016
			0.0093	0.0016	0.0235
		A:
			-0.938	0.2825	-0.201
			-0.5345	0.8132	-0.2303
			0.6262	-0.3531	-0.6951
			-0.137	0.9727	-0.1873
			-0.9124	0.3441	-0.2218
			-0.0751	-0.8986	-0.4323
		b:
			-461.538
			-220.0151
			161.8039
			-3.705
			-446.8048
			-187.2406


===========================================================================================
===========================================================================================
S10:
	q_c:	443.5	163.5	105.0
	ub :	464.1583	190.2875	131.742
	lb :	414.1565	141.6109	87.3683

	==================================================================================
	Q1:
		Shape: Polyhedra
		q_c:	431.0	179.5	104.5
		ub :	438.7403	185.8457	112.4089
		lb :	423.2597	173.1543	96.5911
		A:
			0.6324	0.6586	0.4077
			-0.3752	-0.5384	0.7545
			0.475	-0.1058	-0.8736
			-0.804	-0.4143	-0.4264
			-0.4499	-0.7956	-0.4057
			0.272	-0.7116	-0.6478
			0.5375	0.6034	0.5891
			0.7601	-0.0442	-0.6483
			-0.3651	0.7962	-0.4824
			-0.5375	-0.6034	-0.5891
			-0.7601	0.0442	0.6483
			0.3651	-0.7962	0.4824
		b:
			435.3653
			-173.2993
			100.1657
			-462.8733
			-376.7994
			-73.5293
			403.0303
			257.9289
			-58.359
			-400.0303
			-245.9289
			71.359
	==================================================================================
	Q2:
		Shape: Hybrid
		q_c:	452.5	172.0	93.0
		ub :	460.3435	180.4883	96.9914
		lb :	444.6565	163.5117	89.0086
		P^-1:
			0.0643	0.0216	0.055
			0.0216	0.0324	-0.001
			0.055	-0.001	0.2336
		A:
			0.4065	0.3834	0.8293
			0.4998	0.2916	0.8156
			-0.3802	-0.8778	-0.2914
			-0.2331	-0.7464	0.6234
			0.3397	0.4818	0.8078
			0.0054	-0.1223	-0.9925
		b:
			328.7595
			353.5994
			-346.0022
			-172.4917
			314.0014
			-109.1333
	==================================================================================
	Q3:
		Shape: Hybrid
		q_c:	451.5	150.5	121.5
		ub :	462.0203	159.3891	131.742
		lb :	440.9797	141.6109	111.258
		P^-1:
			0.0226	-0.0018	0.0084
			-0.0018	0.0161	-0.0021
			0.0084	-0.0021	0.0256
		A:
			-0.1787	0.7505	-0.6363
			-0.0713	0.2106	-0.975
			0.1705	-0.5227	-0.8353
			0.4966	-0.6293	0.5978
			0.5445	0.1332	0.8281
			0.9398	-0.1908	-0.2834
		b:
			-40.9722
			-115.2399
			-98.3353
			205.6099
			369.5532
			366.084
	==================================================================================
	Q4:
		Shape: Hybrid
		q_c:	427.0	176.5	102.5
		ub :	439.8435	190.2875	117.6317
		lb :	414.1565	162.7125	87.3683
		P^-1:
			0.0112	-0.0002	0.0002
			-0.0002	0.0119	-0.0006
			0.0002	-0.0006	0.0115
		A:
			-0.6242	0.286	0.727
			-0.4714	0.0107	0.8819
			0.2899	0.7923	-0.5368
			0.2502	0.1629	-0.9544
			-0.0652	0.9606	0.2702
			-0.4531	0.744	-0.491
		b:
			-136.539
			-104.0833
			213.2302
			42.5616
			174.23
			-107.9764
	==================================================================================
	Q5:
		Shape: Hybrid
		q_c:	455.5	160.5	121.5
		ub :	464.1583	170.4537	129.1436
		lb :	446.8417	150.5463	113.8564
		P^-1:
			0.0519	-0.0544	0.0604
			-0.0544	0.1453	-0.1922
			0.0604	-0.1922	0.2973
		A:
			-0.1802	-0.2727	0.9451
			-0.1507	-0.2749	0.9496
			0.3666	-0.7191	0.5903
			0.3666	-0.7306	0.576
			-0.123	-0.1833	0.9753
			0.3644	-0.5793	0.7291
		b:
			-8.7715
			4.8076
			125.0925
			121.6224
			35.8847
			162.5639
	==================================================================================
	Q6:
		Shape: Hybrid
		q_c:	450.5	170.5	117.5
		ub :	461.2161	181.2453	131.26
		lb :	439.7839	159.7547	103.74
		P^-1:
			0.0354	0.0214	-0.0
			0.0214	0.0445	0.0079
			-0.0	0.0079	0.0106
		A:
			-0.6618	-0.6018	-0.4471
			-0.2681	-0.9593	0.0886
			-0.3027	0.7468	0.5921
			-0.9694	-0.2129	-0.1221
			0.8522	-0.5132	-0.102
			-0.1531	-0.9238	-0.3509
		b:
			-449.6258
			-270.2921
			65.2371
			-483.3388
			289.9473
			-264.7288


===========================================================================================
===========================================================================================
S11:
	q_c:	384.5	395.0	99.5
	ub :	420.0523	423.2721	136.9737
	lb :	352.7803	366.0031	68.7557

	==================================================================================
	Q1:
		Shape: Ellipse
		q_c:	404.0	387.5	114.5
		ub :	420.0523	403.6863	128.5106
		lb :	387.9477	371.3137	100.4894
		P^-1:
			0.0091	0.0038	0.0028
			0.0038	0.0128	0.0015
			0.0028	0.0015	0.0146
	==================================================================================
	Q2:
		Shape: Hybrid
		q_c:	380.0	391.0	81.5
		ub :	393.3065	405.1826	93.8846
		lb :	366.6935	376.8174	69.1154
		P^-1:
			0.0192	-0.0017	-0.0064
			-0.0017	0.018	-0.0078
			-0.0064	-0.0078	0.0186
		A:
			0.2355	0.7269	-0.645
			-0.6651	0.4922	-0.5616
			-0.2812	0.9363	-0.2103
			0.6508	0.5968	-0.4694
			-0.8763	0.458	-0.1497
			0.5252	-0.0185	-0.8508
		b:
			324.3338
			-101.2974
			246.3139
			446.2128
			-161.8123
			127.0293
	==================================================================================
	Q3:
		Shape: Polyhedra
		q_c:	388.5	380.0	89.5
		ub :	401.5922	393.1121	96.1841
		lb :	375.4078	366.8879	82.8159
		A:
			-0.948	-0.3007	-0.1045
			-0.4991	-0.2103	0.8406
			-0.2002	0.7077	-0.6776
			0.2159	-0.181	-0.9595
			-0.1073	-0.6526	-0.75
			-0.1538	-0.0205	0.9879
			0.1985	0.1704	0.9652
			-0.5671	-0.7832	0.2549
			0.7994	-0.598	-0.0588
			-0.1985	-0.1704	-0.9652
			0.5671	0.7832	-0.2549
			-0.7994	0.598	0.0588
		b:
			-483.3415
			-191.4322
			138.2083
			-65.6052
			-351.0432
			25.9833
			232.2474
			-486.1273
			87.0679
			-224.2474
			504.1273
			-69.0679
	==================================================================================
	Q4:
		Shape: Hybrid
		q_c:	391.5	385.5	119.0
		ub :	404.8259	404.9969	136.9737
		lb :	378.1741	366.0031	101.0263
		P^-1:
			0.0197	0.0001	-0.006
			0.0001	0.0065	0.0046
			-0.006	0.0046	0.0134
		A:
			0.324	-0.0622	-0.944
			0.4864	-0.6178	-0.6178
			0.9591	0.0882	-0.269
			0.9797	0.0816	-0.183
			-0.1624	0.6104	0.7753
			-0.075	-0.506	-0.8592
		b:
			-3.6083
			-116.0727
			381.148
			397.0376
			269.0168
			-321.4395
	==================================================================================
	Q5:
		Shape: Polyhedra
		q_c:	365.5	386.5	82.5
		ub :	378.2197	400.2972	96.2443
		lb :	352.7803	372.7028	68.7557
		A:
			0.0539	-0.7409	0.6694
			0.0553	0.226	0.9726
			0.3598	-0.8716	-0.333
			0.6866	-0.1889	-0.702
			0.2533	0.3004	-0.9196
			-0.0654	0.9651	0.2537
			0.5417	0.6283	0.5584
			0.7552	-0.072	-0.6515
			-0.3691	0.7746	-0.5135
			-0.5417	-0.6283	-0.5584
			-0.7552	0.072	0.6515
			0.3691	-0.7746	0.5135
		b:
			-201.8354
			195.8136
			-224.2982
			125.6259
			140.412
			379.2319
			495.8833
			199.9417
			132.1304
			-477.8833
			-188.9417
			-112.1304
	==================================================================================
	Q6:
		Shape: Polyhedra
		q_c:	376.0	414.5	116.5
		ub :	387.4669	423.2721	125.0705
		lb :	364.5331	405.7279	107.9295
		A:
			0.1945	-0.4745	0.8585
			-0.2213	0.8271	-0.5166
			-0.6417	-0.1554	0.751
			0.5039	0.6506	-0.5681
			-0.4492	0.5665	0.6909
			0.3272	-0.216	-0.9199
			0.7691	0.403	0.496
			0.3921	0.3153	-0.8642
			-0.5047	0.8591	0.0845
			-0.7691	-0.403	-0.496
			-0.3921	-0.3153	0.8642
			0.5047	-0.8591	-0.0845
		b:
			-18.3297
			203.3673
			-214.2567
			398.0482
			150.829
			-69.0696
			524.5369
			180.9267
			180.1941
			-503.5369
			-173.9267
			-172.1941


===========================================================================================
===========================================================================================
S12:
	q_c:	363.0	151.0	173.5
	ub :	389.3337	181.1283	201.4721
	lb :	346.3481	128.5862	148.2972

	==================================================================================
	Q1:
		Shape: Polyhedra
		q_c:	369.0	171.0	161.0
		ub :	381.1794	181.1283	173.7028
		lb :	356.8206	160.8717	148.2972
		A:
			-0.4225	0.576	0.6998
			-0.3287	0.9098	-0.2536
			-0.0015	0.8595	-0.5111
			-0.2873	0.9485	-0.1331
			-0.4284	0.7396	-0.5191
			0.1873	0.7766	-0.6015
			0.5613	0.3221	0.7624
			-0.7987	0.452	0.3971
			-0.2167	-0.8318	0.511
			-0.5613	-0.3221	-0.7624
			0.7987	-0.452	-0.3971
			0.2167	0.8318	-0.511
		b:
			63.0666
			-1.0371
			68.8664
			40.3201
			-108.9134
			109.6655
			394.9424
			-146.4996
			-135.4293
			-374.9424
			160.4996
			144.4293
	==================================================================================
	Q2:
		Shape: Hybrid
		q_c:	370.5	143.0	174.0
		ub :	374.2396	154.2499	185.6435
		lb :	366.7604	131.7501	162.3565
		P^-1:
			0.1585	-0.01	-0.0106
			-0.01	0.013	0.0004
			-0.0106	0.0004	0.0119
		A:
			0.9286	-0.2716	0.2529
			-0.9543	0.0431	0.2958
			0.7829	-0.528	-0.3291
			0.2336	0.9488	0.2128
			-0.997	0.0245	0.0728
			-0.7784	0.2881	0.5578
		b:
			352.1638
			-293.916
			161.4935
			267.0172
			-351.9563
			-145.737
	==================================================================================
	Q3:
		Shape: Hybrid
		q_c:	356.5	162.5	183.0
		ub :	366.6519	174.5813	194.5031
		lb :	346.3481	150.4187	171.4969
		P^-1:
			0.033	0.0056	-0.015
			0.0056	0.0179	-0.0077
			-0.015	-0.0077	0.0301
		A:
			-0.8022	0.3229	0.5021
			-0.6187	-0.5153	0.593
			-0.2248	0.9743	-0.0108
			0.4951	0.6235	-0.6051
			-0.8627	-0.1389	-0.4863
			0.2764	-0.8338	0.4779
		b:
			-137.9299
			-193.2423
			81.9467
			170.0282
			-413.7433
			55.5294
	==================================================================================
	Q4:
		Shape: Polyhedra
		q_c:	357.0	137.5	162.5
		ub :	364.7979	146.4138	171.1415
		lb :	349.2021	128.5862	153.8585
		A:
			0.3727	0.9189	0.1293
			0.0927	-0.9946	0.0471
			0.3564	-0.1458	-0.9229
			-0.114	-0.9431	0.3125
			-0.5168	0.1863	-0.8356
			-0.4175	-0.8903	-0.1818
			0.624	0.5414	0.5635
			-0.7508	0.6152	0.2404
			-0.2165	-0.5731	0.7904
			-0.624	-0.5414	-0.5635
			0.7508	-0.6152	-0.2404
			0.2165	0.5731	-0.7904
		b:
			285.6385
			-90.8272
			-37.3996
			-113.9927
			-289.2443
			-295.825
			393.7843
			-139.8719
			-21.6591
			-383.7843
			148.8719
			33.6591
	==================================================================================
	Q5:
		Shape: Hybrid
		q_c:	363.5	143.5	159.5
		ub :	371.5419	155.5022	170.1948
		lb :	355.4581	131.4978	148.8052
		P^-1:
			0.0318	0.0021	0.0042
			0.0021	0.0094	0.0015
			0.0042	0.0015	0.0166
		A:
			0.3341	0.5192	0.7867
			0.9518	-0.3065	0.0143
			0.3316	-0.8487	-0.4121
			-0.7497	0.5644	0.3456
			-0.8466	-0.5287	-0.0617
			0.5797	-0.302	0.7568
		b:
			326.3635
			308.0993
			-60.1088
			-130.9977
			-389.307
			292.8269
	==================================================================================
	Q6:
		Shape: Ellipse
