3D_50_10_6_b                l = 3

===========================================================================================
===========================================================================================
S1:
	q_c:    222.0000    222.5000    25.0000
	ub :    249.0000    231.0000    48.0000
	lb :    195.0000    214.0000    2.0000

	==================================================================================
	Q1:
		Shape: Hybrid
		q_c:    215.5000    219.5000    32.5000
		ub :    221.0351    224.4347    37.3763
		lb :    209.9649    214.5653    27.6237
		P^-1: 
			    0.0568    0.0027    -0.0199
			    0.0027    0.0504    -0.0073
			    -0.0199    -0.0073    0.1027
		A:
			    0.1663    0.9808    -0.1018
			    0.7828    0.2021    0.5885
			    0.9452    0.2568    -0.2017
			    0.6651    0.5799    -0.4705
			    -0.4823    -0.1667    0.8600
			    0.0590    0.8045    -0.5910
		b:
			    250.7248
			    235.0986
			    256.1058
			    257.5820
			    -111.0345
			    172.4874
	==================================================================================
	Q2:
		Shape: Polyhedra
		q_c:    225.5000    231.5000    28.0000
		ub :    231.9214    234.7329    32.9568
		lb :    219.0786    228.2671    23.0432
		A:
			    0.3449    -0.7395    0.5780
			    -0.1893    0.9325    0.3075
			    0.4919    -0.8582    0.1468
			    0.3704    -0.9288    -0.0095
			    0.0269    0.8682    0.4955
			    -0.6087    0.7273    -0.3170
			    0.3984    0.2046    0.8941
			    -0.8447    -0.2982    0.4446
			    0.3576    -0.9323    0.0541
			    -0.3984    -0.2046    -0.8941
			    0.8447    0.2982    -0.4446
			    -0.3576    0.9323    -0.0541
		b:
			    -75.3693
			    183.1574
			    -82.4469
			    -130.7443
			    222.7140
			    23.8312
			    164.7412
			    -241.0479
			    -132.6849
			    -159.7412
			    253.0479
			    134.6849
	==================================================================================
	Q3:
		Shape: Polyhedra
		q_c:    214.5000    223.0000    26.5000
		ub :    220.7820    229.5979    32.5232
		lb :    208.2180    216.4021    20.4768
		A:
			    -0.5327    0.5567    -0.6374
			    0.5827    -0.3174    -0.7482
			    0.4395    -0.1854    -0.8789
			    0.4244    -0.6325    0.6480
			    0.1372    -0.2238    -0.9649
			    -0.0433    -0.3343    -0.9415
			    0.7374    0.0669    0.6721
			    -0.6136    -0.3498    0.7079
			    0.2825    -0.9344    -0.2169
			    -0.7374    -0.0669    -0.6721
			    0.6136    0.3498    -0.7079
			    -0.2825    0.9344    0.2169
		b:
			    -2.8404
			    38.7767
			    33.7075
			    -28.5896
			    -42.0596
			    -104.6846
			    194.4046
			    -187.3532
			    -148.0316
			    -187.4046
			    194.3532
			    159.0316
	==================================================================================
	Q4:
		Shape: Hybrid
		q_c:    227.0000    217.5000    20.5000
		ub :    233.6869    224.0984    27.7791
		lb :    220.3131    210.9016    13.2209
		P^-1: 
			    0.0642    -0.0120    0.0159
			    -0.0120    0.0655    0.0009
			    0.0159    0.0009    0.0545
		A:
			    0.4786    0.6484    0.5920
			    0.1555    -0.0633    0.9858
			    0.4857    -0.8540    -0.1865
			    0.8175    0.2239    0.5307
			    -0.5516    -0.5800    0.5994
			    -0.7742    0.6268    -0.0882
		b:
			    264.0353
			    44.2784
			    -77.2816
			    247.1901
			    -235.9141
			    -39.3558
	==================================================================================
	Q5:
		Shape: Polyhedra
		q_c:    229.5000    220.5000    17.5000
		ub :    234.6116    227.0374    23.5306
		lb :    224.3884    213.9626    11.4694
		A:
			    -0.2699    0.6410    0.7186
			    0.9259    -0.3767    0.0275
			    -0.7284    -0.5045    -0.4636
			    0.2516    -0.0511    0.9665
			    -0.0664    -0.8208    -0.5673
			    0.2331    0.7110    0.6634
			    0.5173    0.4899    0.7017
			    0.1776    0.7406    -0.6480
			    -0.8372    0.4599    0.2961
			    -0.5173    -0.4899    -0.7017
			    -0.1776    -0.7406    0.6480
			    0.8372    -0.4599    -0.2961
		b:
			    95.0560
			    133.3754
			    -283.8090
			    67.0706
			    -203.1805
			    224.5752
			    241.5174
			    197.7385
			    -82.0529
			    -236.5174
			    -187.7385
			    89.0529
	==================================================================================
	Q6:
		Shape: Polyhedra
		q_c:    222.5000    217.5000    20.5000
		ub :    226.5375    220.1571    24.6476
		lb :    218.4625    214.8429    16.3524
		A:
			    -0.4001    -0.2614    0.8784
			    -0.5695    -0.7893    0.2296
			    -0.3524    -0.3648    0.8618
			    0.4541    0.8244    -0.3379
			    -0.6737    0.2442    0.6975
			    -0.8151    -0.5054    0.2834
			    0.1742    0.9461    0.2731
			    0.7283    0.0629    -0.6824
			    -0.6628    0.3177    -0.6781
			    -0.1742    -0.9461    -0.2731
			    -0.7283    -0.0629    0.6824
			    0.6628    -0.3177    0.6781
		b:
			    -125.5503
			    -291.9604
			    -137.6908
			    275.2234
			    -80.5251
			    -283.5119
			    251.6218
			    163.7394
			    -88.7616
			    -248.6218
			    -159.7394
			    95.7616


===========================================================================================
===========================================================================================
S2:
	q_c:    189.5000    494.0000    225.5000
	ub :    215.0000    507.0000    242.0000
	lb :    164.0000    481.0000    209.0000

	==================================================================================
	Q1:
		Shape: Hybrid
		q_c:    175.0000    491.0000    228.0000
		ub :    180.8213    496.7095    234.5612
		lb :    169.1787    485.2905    221.4388
		P^-1: 
			    0.0992    -0.0416    -0.0006
			    -0.0416    0.1188    0.0346
			    -0.0006    0.0346    0.0635
		A:
			    0.5303    -0.5669    0.6303
			    -0.6085    -0.6246    -0.4896
			    0.1795    0.9299    0.3210
			    -0.0909    0.9929    -0.0766
			    0.6156    -0.2385    0.7511
			    0.9329    -0.2990    -0.2009
		b:
			    -39.2361
			    -522.5395
			    563.1464
			    456.3666
			    164.4380
			    -27.4939
	==================================================================================
	Q2:
		Shape: Hybrid
		q_c:    184.5000    489.0000    241.0000
		ub :    189.3165    493.1009    246.6558
		lb :    179.6835    484.8991    235.3442
		P^-1: 
			    0.1896    -0.0128    0.0907
			    -0.0128    0.1489    0.0344
			    0.0907    0.0344    0.1114
		A:
			    -0.6959    0.1589    -0.7003
			    -0.4595    -0.4479    -0.7670
			    0.7197    -0.6717    -0.1756
			    -0.0005    -0.6786    -0.7345
			    -0.6384    0.7545    0.1522
			    -0.1542    0.9822    -0.1075
		b:
			    -218.1223
			    -487.2392
			    -236.2831
			    -507.0520
			    289.4657
			    427.7608
	==================================================================================
	Q3:
		Shape: Polyhedra
		q_c:    190.0000    504.0000    236.5000
		ub :    195.6241    509.4784    241.1241
		lb :    184.3759    498.5216    231.8759
		A:
			    0.6194    0.5746    0.5350
			    0.5755    0.2286    -0.7852
			    -0.1453    -0.8385    0.5251
			    0.1204    -0.0982    -0.9879
			    -0.9279    0.2340    -0.2903
			    0.2359    -0.4677    0.8518
			    0.6985    0.4601    0.5482
			    -0.2448    -0.5662    0.7871
			    0.6725    -0.6840    -0.2828
			    -0.6985    -0.4601    -0.5482
			    0.2448    0.5662    -0.7871
			    -0.6725    0.6840    0.2828
		b:
			    537.3035
			    41.4243
			    -323.6586
			    -257.3442
			    -123.2707
			    13.0488
			    497.7242
			    -143.7122
			    -279.8286
			    -490.7242
			    147.7122
			    287.8286
	==================================================================================
	Q4:
		Shape: Polyhedra
		q_c:    192.5000    498.0000    229.0000
		ub :    201.8896    507.6240    236.9947
		lb :    183.1104    488.3760    221.0053
		A:
			    0.1086    0.5668    0.8166
			    -0.1360    -0.3748    -0.9171
			    0.7723    0.5023    0.3889
			    -0.5043    -0.4972    -0.7061
			    -0.4122    -0.6884    -0.5968
			    -0.7151    0.4900    -0.4985
			    0.5924    0.3394    0.7307
			    -0.6080    0.7833    0.1291
			    -0.5286    -0.5208    0.6704
			    -0.5924    -0.3394    -0.7307
			    0.6080    -0.7833    -0.1291
			    0.5286    0.5208    -0.6704
		b:
			    494.3461
			    -418.6623
			    492.0034
			    -503.1932
			    -555.0990
			    -2.6171
			    453.3614
			    308.6324
			    -200.0801
			    -447.3614
			    -296.6324
			    215.0801
	==================================================================================
	Q5:
		Shape: Ellipse
		q_c:    179.0000    483.5000    226.0000
		ub :    189.0897    494.1174    234.8823
		lb :    168.9103    472.8826    217.1177
		P^-1: 
			    0.0179    0.0011    -0.0019
			    0.0011    0.0250    -0.0132
			    -0.0019    -0.0132    0.0420
	==================================================================================
	Q6:
		Shape: Polyhedra
		q_c:    198.0000    488.5000    221.5000
		ub :    203.8171    497.7681    230.0503
		lb :    192.1829    479.2319    212.9497
		A:
			    0.5260    0.8197    0.2267
			    -0.5946    -0.7942    -0.1252
			    0.8794    0.0601    -0.4723
			    -0.4243    -0.6038    0.6748
			    -0.4303    -0.1731    -0.8859
			    0.0057    -0.0263    -0.9996
			    0.9194    0.3920    0.0328
			    0.2980    -0.7484    0.5925
			    0.2568    -0.5350    -0.8049
			    -0.9194    -0.3920    -0.0328
			    -0.2980    0.7484    -0.5925
			    -0.2568    0.5350    0.8049
		b:
			    558.7826
			    -529.5912
			    102.3974
			    -223.6303
			    -360.5884
			    -227.1973
			    383.2787
			    -167.8634
			    -383.7849
			    -378.2787
			    182.8634
			    393.7849


===========================================================================================
===========================================================================================
S3:
	q_c:    120.0000    378.0000    454.0000
	ub :    135.0000    405.0000    456.0000
	lb :    105.0000    351.0000    452.0000

	==================================================================================
	Q1:
		Shape: Hybrid
		q_c:    118.5000    379.5000    452.5000
		ub :    120.9517    381.6038    455.0076
		lb :    116.0483    377.3962    449.9924
		P^-1: 
			    0.4444    0.0000    -0.0000
			    0.0000    0.4444    0.0000
			    -0.0000    0.0000    0.4444
		A:
			    0.4638    0.3732    -0.8035
			    -0.2494    -0.9641    0.0908
			    -0.3947    -0.6533    -0.6461
			    -0.2334    -0.5738    0.7851
			    -0.1324    -0.6760    -0.7249
			    -0.6952    0.4864    0.5293
		b:
			    -166.2318
			    -353.5894
			    -586.3022
			    110.5883
			    -599.5027
			    342.4758
	==================================================================================
	Q2:
		Shape: Hybrid
		q_c:    122.0000    379.5000    453.5000
		ub :    124.1992    381.2563    455.5393
		lb :    119.8008    377.7437    451.4607
		P^-1: 
			    0.6690    0.2588    0.0859
			    0.2588    0.7426    0.0989
			    0.0859    0.0989    0.4773
		A:
			    0.0811    -0.0685    0.9944
			    -0.6418    0.5006    0.5809
			    0.7691    0.2065    0.6048
			    -0.8889    0.1409    0.4359
			    -0.6759    -0.1799    -0.7147
			    0.4614    0.4735    0.7503
		b:
			    435.8025
			    376.1568
			    447.2080
			    143.6580
			    -474.1116
			    576.9281
	==================================================================================
	Q3:
		Shape: Hybrid
		q_c:    118.5000    379.0000    453.5000
		ub :    120.3481    381.0302    455.6907
		lb :    116.6519    376.9698    451.3093
		P^-1: 
			    0.6911    -0.1145    -0.2512
			    -0.1145    0.4976    0.1166
			    -0.2512    0.1166    0.7002
		A:
			    -0.0988    0.2031    0.9742
			    0.9619    -0.2454    0.1203
			    -0.1013    0.5934    0.7985
			    -0.6717    0.4485    -0.5897
			    -0.0776    0.2127    0.9740
			    0.8931    0.2440    -0.3779
		b:
			    507.7495
			    76.3984
			    575.7288
			    -176.0703
			    513.8559
			    27.6382
	==================================================================================
	Q4:
		Shape: Ellipse
		q_c:    119.5000    378.5000    455.5000
		ub :    121.3473    380.7819    457.7219
		lb :    117.6527    376.2181    453.2781
		P^-1: 
			    0.4444    -0.0000    -0.0000
			    -0.0000    0.4444    -0.0000
			    -0.0000    -0.0000    0.4444
	==================================================================================
	Q5:
		Shape: Hybrid
		q_c:    123.0000    377.0000    454.5000
		ub :    124.7861    378.9703    456.5243
		lb :    121.2139    375.0297    452.4757
		P^-1: 
			    0.9520    -0.1203    0.0995
			    -0.1203    0.6986    0.2493
			    0.0995    0.2493    0.7939
		A:
			    0.3592    0.7811    0.5108
			    -0.9125    -0.2923    0.2861
			    0.7350    0.0402    -0.6769
			    0.3784    0.7119    0.5916
			    0.5958    -0.7315    0.3315
			    0.9961    -0.0325    -0.0818
		b:
			    571.3738
			    -91.6781
			    -201.3582
			    584.3725
			    -51.1755
			    73.6471
	==================================================================================
	Q6:
		Shape: Ellipse
		q_c:    121.5000    381.0000    456.0000
		ub :    124.3405    384.0314    458.9666
		lb :    118.6595    377.9686    453.0334
		P^-1: 
			    0.2508    0.0080    0.0092
			    0.0080    0.3334    0.0959
			    0.0092    0.0959    0.3602


===========================================================================================
===========================================================================================
S4:
	q_c:    384.5000    395.0000    99.5000
	ub :    407.0000    423.0000    126.0000
	lb :    362.0000    367.0000    73.0000

	==================================================================================
	Q1:
		Shape: Ellipse
		q_c:    404.0000    387.5000    114.5000
		ub :    420.0523    403.6863    128.5106
		lb :    387.9477    371.3137    100.4894
		P^-1: 
			    0.0091    0.0038    0.0028
			    0.0038    0.0128    0.0015
			    0.0028    0.0015    0.0146
	==================================================================================
	Q2:
		Shape: Hybrid
		q_c:    380.0000    391.0000    81.5000
		ub :    393.3065    405.1826    93.8846
		lb :    366.6935    376.8174    69.1154
		P^-1: 
			    0.0192    -0.0017    -0.0064
			    -0.0017    0.0180    -0.0078
			    -0.0064    -0.0078    0.0186
		A:
			    0.2355    0.7269    -0.6450
			    -0.6651    0.4922    -0.5616
			    -0.2812    0.9363    -0.2103
			    0.6508    0.5968    -0.4694
			    -0.8763    0.4580    -0.1497
			    0.5252    -0.0185    -0.8508
		b:
			    324.3338
			    -101.2974
			    246.3139
			    446.2128
			    -161.8123
			    127.0293
	==================================================================================
	Q3:
		Shape: Polyhedra
		q_c:    388.5000    380.0000    89.5000
		ub :    401.5922    393.1121    96.1841
		lb :    375.4078    366.8879    82.8159
		A:
			    -0.9480    -0.3007    -0.1045
			    -0.4991    -0.2103    0.8406
			    -0.2002    0.7077    -0.6776
			    0.2159    -0.1810    -0.9595
			    -0.1073    -0.6526    -0.7500
			    -0.1538    -0.0205    0.9879
			    0.1985    0.1704    0.9652
			    -0.5671    -0.7832    0.2549
			    0.7994    -0.5980    -0.0588
			    -0.1985    -0.1704    -0.9652
			    0.5671    0.7832    -0.2549
			    -0.7994    0.5980    0.0588
		b:
			    -483.3415
			    -191.4322
			    138.2083
			    -65.6052
			    -351.0432
			    25.9833
			    232.2474
			    -486.1273
			    87.0679
			    -224.2474
			    504.1273
			    -69.0679
	==================================================================================
	Q4:
		Shape: Hybrid
		q_c:    391.5000    385.5000    119.0000
		ub :    404.8259    404.9969    136.9737
		lb :    378.1741    366.0031    101.0263
		P^-1: 
			    0.0197    0.0001    -0.0060
			    0.0001    0.0065    0.0046
			    -0.0060    0.0046    0.0134
		A:
			    0.3240    -0.0622    -0.9440
			    0.4864    -0.6178    -0.6178
			    0.9591    0.0882    -0.2690
			    0.9797    0.0816    -0.1830
			    -0.1624    0.6104    0.7753
			    -0.0750    -0.5060    -0.8592
		b:
			    -3.6083
			    -116.0727
			    381.1480
			    397.0376
			    269.0168
			    -321.4395
	==================================================================================
	Q5:
		Shape: Polyhedra
		q_c:    365.5000    386.5000    82.5000
		ub :    378.2197    400.2972    96.2443
		lb :    352.7803    372.7028    68.7557
		A:
			    0.0539    -0.7409    0.6694
			    0.0553    0.2260    0.9726
			    0.3598    -0.8716    -0.3330
			    0.6866    -0.1889    -0.7020
			    0.2533    0.3004    -0.9196
			    -0.0654    0.9651    0.2537
			    0.5417    0.6283    0.5584
			    0.7552    -0.0720    -0.6515
			    -0.3691    0.7746    -0.5135
			    -0.5417    -0.6283    -0.5584
			    -0.7552    0.0720    0.6515
			    0.3691    -0.7746    0.5135
		b:
			    -201.8354
			    195.8136
			    -224.2982
			    125.6259
			    140.4120
			    379.2319
			    495.8833
			    199.9417
			    132.1304
			    -477.8833
			    -188.9417
			    -112.1304
	==================================================================================
	Q6:
		Shape: Polyhedra
		q_c:    376.0000    414.5000    116.5000
		ub :    387.4669    423.2721    125.0705
		lb :    364.5331    405.7279    107.9295
		A:
			    0.1945    -0.4745    0.8585
			    -0.2213    0.8271    -0.5166
			    -0.6417    -0.1554    0.7510
			    0.5039    0.6506    -0.5681
			    -0.4492    0.5665    0.6909
			    0.3272    -0.2160    -0.9199
			    0.7691    0.4030    0.4960
			    0.3921    0.3153    -0.8642
			    -0.5047    0.8591    0.0845
			    -0.7691    -0.4030    -0.4960
			    -0.3921    -0.3153    0.8642
			    0.5047    -0.8591    -0.0845
		b:
			    -18.3297
			    203.3673
			    -214.2567
			    398.0482
			    150.8290
			    -69.0696
			    524.5369
			    180.9267
			    180.1941
			    -503.5369
			    -173.9267
			    -172.1941


===========================================================================================
===========================================================================================
S5:
	q_c:    416.0000    408.0000    187.0000
	ub :    439.0000    423.0000    202.0000
	lb :    393.0000    393.0000    172.0000

	==================================================================================
	Q1:
		Shape: Ellipse
		q_c:    428.0000    421.5000    180.5000
		ub :    435.9862    431.9915    185.1077
		lb :    420.0138    411.0085    175.8923
		P^-1: 
			    0.0617    0.0416    0.1988
			    0.0416    0.0480    0.1880
			    0.1988    0.1880    0.9171
	==================================================================================
	Q2:
		Shape: Hybrid
		q_c:    402.5000    393.5000    189.0000
		ub :    414.9298    404.8286    197.2044
		lb :    390.0702    382.1714    180.7956
		P^-1: 
			    0.0315    -0.0317    0.0222
			    -0.0317    0.0548    -0.0366
			    0.0222    -0.0366    0.0575
		A:
			    0.1139    0.1271    -0.9853
			    -0.5903    -0.1132    -0.7992
			    0.5238    -0.5735    0.6299
			    -0.4673    0.7179    0.5161
			    -0.7329    0.5900    -0.3388
			    -0.7677    0.3053    -0.5633
		b:
			    -86.5508
			    -427.3788
			    105.9256
			    196.7715
			    -124.0581
			    -291.2707
	==================================================================================
	Q3:
		Shape: Polyhedra
		q_c:    426.5000    415.5000    171.5000
		ub :    437.7436    428.8025    185.1586
		lb :    415.2564    402.1975    157.8414
		A:
			    -0.6171    -0.4110    -0.6711
			    0.5642    0.3887    0.7284
			    -0.7718    -0.6012    -0.2070
			    -0.8246    -0.4733    -0.3097
			    0.7701    0.2125    0.6016
			    0.7858    -0.5503    0.2822
			    0.7699    0.5426    0.3359
			    0.3480    -0.7982    0.4917
			    0.5349    -0.2617    -0.8034
			    -0.7699    -0.5426    -0.3359
			    -0.3480    0.7982    -0.4917
			    -0.5349    0.2617    0.8034
		b:
			    -544.1439
			    532.3664
			    -610.7190
			    -597.8944
			    525.5234
			    165.2244
			    614.9218
			    -87.3951
			    -9.8801
			    -607.9218
			    110.3951
			    26.8801
	==================================================================================
	Q4:
		Shape: Hybrid
		q_c:    421.0000    410.0000    191.0000
		ub :    432.2284    421.4838    201.2680
		lb :    409.7716    398.5162    180.7320
		P^-1: 
			    0.0236    -0.0031    -0.0081
			    -0.0031    0.0267    -0.0104
			    -0.0081    -0.0104    0.0298
		A:
			    -0.7314    -0.0401    0.6808
			    0.8088    0.5246    0.2659
			    -0.2249    0.7956    -0.5626
			    -0.9156    -0.0429    0.3997
			    0.6867    -0.1408    -0.7131
			    0.8153    0.4913    0.3065
		b:
			    -191.3775
			    612.4005
			    126.9075
			    -323.1851
			    98.2830
			    609.3105
	==================================================================================
	Q5:
		Shape: Hybrid
		q_c:    400.5000    416.0000    187.0000
		ub :    410.3423    426.7934    198.7521
		lb :    390.6577    405.2066    175.2479
		P^-1: 
			    0.0178    0.0006    -0.0002
			    0.0006    0.0171    -0.0021
			    -0.0002    -0.0021    0.0189
		A:
			    -0.0179    0.9786    0.2048
			    -0.6956    -0.3528    0.6258
			    0.3462    -0.4550    -0.8204
			    0.4037    0.9132    -0.0558
			    -0.3465    0.2341    0.9084
			    -0.3530    0.5692    -0.7426
		b:
			    442.5914
			    -304.6525
			    -199.7312
			    535.1733
			    132.5696
			    -39.8184
	==================================================================================
	Q6:
		Shape: Hybrid
		q_c:    404.0000    399.0000    198.5000
		ub :    413.9220    409.3994    204.0023
		lb :    394.0780    388.6006    192.9977
		P^-1: 
			    0.0671    0.0297    0.0876
			    0.0297    0.0329    0.0489
			    0.0876    0.0489    0.1893
		A:
			    -0.3897    0.1136    -0.9139
			    0.4914    -0.5775    0.6520
			    0.0255    -0.4214    -0.9065
			    0.4394    0.2630    0.8589
			    0.6002    0.1779    0.7798
			    -0.7190    -0.2845    -0.6342
		b:
			    -291.2539
			    102.6697
			    -334.6577
			    453.9525
			    469.6618
			    -527.8535


===========================================================================================
===========================================================================================
S6:
	q_c:    105.5000    67.0000    457.0000
	ub :    126.0000    79.0000    482.0000
	lb :    85.0000    55.0000    432.0000

	==================================================================================
	Q1:
		Shape: Polyhedra
		q_c:    111.0000    75.0000    461.0000
		ub :    119.2999    82.3146    468.5604
		lb :    102.7001    67.6854    453.4396
		A:
			    0.7127    0.6552    0.2506
			    0.2790    -0.5421    -0.7927
			    0.6474    -0.6398    -0.4142
			    0.8390    0.1274    -0.5290
			    0.6124    0.7890    -0.0500
			    -0.0791    -0.4409    -0.8941
			    0.3372    0.8667    0.3676
			    0.5557    0.1320    -0.8208
			    -0.7599    0.4811    -0.4371
			    -0.3372    -0.8667    -0.3676
			    -0.5557    -0.1320    0.8208
			    0.7599    -0.4811    0.4371
		b:
			    248.4415
			    -370.8296
			    -162.1125
			    -136.8995
			    108.5110
			    -449.6112
			    276.4166
			    -302.8227
			    -243.7762
			    -267.4166
			    310.8227
			    255.7762
	==================================================================================
	Q2:
		Shape: Hybrid
		q_c:    99.0000    66.5000    453.5000
		ub :    107.9927    74.8895    462.1143
		lb :    90.0073    58.1105    444.8857
		P^-1: 
			    0.0195    -0.0007    -0.0047
			    -0.0007    0.0180    0.0019
			    -0.0047    0.0019    0.0311
		A:
			    -0.6097    0.5342    0.5856
			    -0.0770    -0.9881    -0.1335
			    -0.5283    0.7518    0.3946
			    -0.7465    0.0516    0.6634
			    0.8513    0.0136    -0.5245
			    0.1592    -0.7310    -0.6635
		b:
			    244.1937
			    -129.2093
			    180.6588
			    233.6513
			    -149.0632
			    -330.1076
	==================================================================================
	Q3:
		Shape: Polyhedra
		q_c:    104.0000    67.0000    452.0000
		ub :    109.7713    72.9886    457.7804
		lb :    98.2287    61.0114    446.2196
		A:
			    0.3307    -0.9089    0.2540
			    0.3573    -0.0664    -0.9316
			    0.3393    -0.3584    -0.8697
			    -0.9533    -0.0988    0.2855
			    0.0557    0.1909    -0.9800
			    0.8003    -0.3696    -0.4722
			    0.1886    0.9454    0.2659
			    0.6728    0.0729    -0.7363
			    -0.7154    0.3177    -0.6223
			    -0.1886    -0.9454    -0.2659
			    -0.6728    -0.0729    0.7363
			    0.7154    -0.3177    0.6223
		b:
			    93.0475
			    -385.7653
			    -378.8528
			    26.3209
			    -420.8523
			    -151.9514
			    207.6370
			    -255.9409
			    -329.3813
			    -198.6370
			    259.9409
			    339.3813
	==================================================================================
	Q4:
		Shape: Ellipse
		q_c:    107.0000    70.0000    447.5000
		ub :    114.8129    77.1795    455.2328
		lb :    99.1871    62.8205    439.7672
		P^-1: 
			    0.0246    -0.0006    0.0042
			    -0.0006    0.0430    0.0046
			    0.0042    0.0046    0.0454
	==================================================================================
	Q5:
		Shape: Ellipse
		q_c:    103.0000    58.0000    466.5000
		ub :    107.1383    62.4478    468.8864
		lb :    98.8617    53.5522    464.1136
		P^-1: 
			    0.2976    0.1851    -0.0160
			    0.1851    0.2111    0.0202
			    -0.0160    0.0202    0.4427
	==================================================================================
	Q6:
		Shape: Ellipse
		q_c:    104.5000    76.5000    468.5000
		ub :    108.0023    84.2617    475.3766
		lb :    100.9977    68.7383    461.6234
		P^-1: 
			    0.4044    0.1018    -0.0698
			    0.1018    0.0613    -0.0015
			    -0.0698    -0.0015    0.0649


===========================================================================================
===========================================================================================
S7:
	q_c:    443.5000    163.5000    105.0000
	ub :    473.0000    186.0000    121.0000
	lb :    414.0000    141.0000    89.0000

	==================================================================================
	Q1:
		Shape: Polyhedra
		q_c:    431.0000    179.5000    104.5000
		ub :    438.7403    185.8457    112.4089
		lb :    423.2597    173.1543    96.5911
		A:
			    0.6324    0.6586    0.4077
			    -0.3752    -0.5384    0.7545
			    0.4750    -0.1058    -0.8736
			    -0.8040    -0.4143    -0.4264
			    -0.4499    -0.7956    -0.4057
			    0.2720    -0.7116    -0.6478
			    0.5375    0.6034    0.5891
			    0.7601    -0.0442    -0.6483
			    -0.3651    0.7962    -0.4824
			    -0.5375    -0.6034    -0.5891
			    -0.7601    0.0442    0.6483
			    0.3651    -0.7962    0.4824
		b:
			    435.3653
			    -173.2993
			    100.1657
			    -462.8733
			    -376.7994
			    -73.5293
			    403.0303
			    257.9289
			    -58.3590
			    -400.0303
			    -245.9289
			    71.3590
	==================================================================================
	Q2:
		Shape: Hybrid
		q_c:    452.5000    172.0000    93.0000
		ub :    460.3435    180.4883    96.9914
		lb :    444.6565    163.5117    89.0086
		P^-1: 
			    0.0643    0.0216    0.0550
			    0.0216    0.0324    -0.0010
			    0.0550    -0.0010    0.2336
		A:
			    0.4065    0.3834    0.8293
			    0.4998    0.2916    0.8156
			    -0.3802    -0.8778    -0.2914
			    -0.2331    -0.7464    0.6234
			    0.3397    0.4818    0.8078
			    0.0054    -0.1223    -0.9925
		b:
			    328.7595
			    353.5994
			    -346.0022
			    -172.4917
			    314.0014
			    -109.1333
	==================================================================================
	Q3:
		Shape: Hybrid
		q_c:    451.5000    150.5000    121.5000
		ub :    462.0203    159.3891    131.7420
		lb :    440.9797    141.6109    111.2580
		P^-1: 
			    0.0226    -0.0018    0.0084
			    -0.0018    0.0161    -0.0021
			    0.0084    -0.0021    0.0256
		A:
			    -0.1787    0.7505    -0.6363
			    -0.0713    0.2106    -0.9750
			    0.1705    -0.5227    -0.8353
			    0.4966    -0.6293    0.5978
			    0.5445    0.1332    0.8281
			    0.9398    -0.1908    -0.2834
		b:
			    -40.9722
			    -115.2399
			    -98.3353
			    205.6099
			    369.5532
			    366.0840
	==================================================================================
	Q4:
		Shape: Hybrid
		q_c:    427.0000    176.5000    102.5000
		ub :    439.8435    190.2875    117.6317
		lb :    414.1565    162.7125    87.3683
		P^-1: 
			    0.0112    -0.0002    0.0002
			    -0.0002    0.0119    -0.0006
			    0.0002    -0.0006    0.0115
		A:
			    -0.6242    0.2860    0.7270
			    -0.4714    0.0107    0.8819
			    0.2899    0.7923    -0.5368
			    0.2502    0.1629    -0.9544
			    -0.0652    0.9606    0.2702
			    -0.4531    0.7440    -0.4910
		b:
			    -136.5390
			    -104.0833
			    213.2302
			    42.5616
			    174.2300
			    -107.9764
	==================================================================================
	Q5:
		Shape: Hybrid
		q_c:    455.5000    160.5000    121.5000
		ub :    464.1583    170.4537    129.1436
		lb :    446.8417    150.5463    113.8564
		P^-1: 
			    0.0519    -0.0544    0.0604
			    -0.0544    0.1453    -0.1922
			    0.0604    -0.1922    0.2973
		A:
			    -0.1802    -0.2727    0.9451
			    -0.1507    -0.2749    0.9496
			    0.3666    -0.7191    0.5903
			    0.3666    -0.7306    0.5760
			    -0.1230    -0.1833    0.9753
			    0.3644    -0.5793    0.7291
		b:
			    -8.7715
			    4.8076
			    125.0925
			    121.6224
			    35.8847
			    162.5639
	==================================================================================
	Q6:
		Shape: Hybrid
		q_c:    450.5000    170.5000    117.5000
		ub :    461.2161    181.2453    131.2600
		lb :    439.7839    159.7547    103.7400
		P^-1: 
			    0.0354    0.0214    -0.0000
			    0.0214    0.0445    0.0079
			    -0.0000    0.0079    0.0106
		A:
			    -0.6618    -0.6018    -0.4471
			    -0.2681    -0.9593    0.0886
			    -0.3027    0.7468    0.5921
			    -0.9694    -0.2129    -0.1221
			    0.8522    -0.5132    -0.1020
			    -0.1531    -0.9238    -0.3509
		b:
			    -449.6258
			    -270.2921
			    65.2371
			    -483.3388
			    289.9473
			    -264.7288


===========================================================================================
===========================================================================================
S8:
	q_c:    104.0000    246.0000    82.0000
	ub :    114.0000    266.0000    92.0000
	lb :    94.0000    226.0000    72.0000

	==================================================================================
	Q1:
		Shape: Ellipse
		q_c:    96.0000    254.0000    76.5000
		ub :    103.0184    261.9588    83.9481
		lb :    88.9816    246.0412    69.0519
		P^-1: 
			    0.0713    0.0199    -0.0331
			    0.0199    0.0459    -0.0137
			    -0.0331    -0.0137    0.0670
	==================================================================================
	Q2:
		Shape: Ellipse
		q_c:    106.5000    243.5000    90.0000
		ub :    114.3675    251.5231    96.9586
		lb :    98.6325    235.4769    83.0414
		P^-1: 
			    0.0446    0.0175    0.0164
			    0.0175    0.0503    0.0078
			    0.0164    0.0078    0.0640
	==================================================================================
	Q3:
		Shape: Ellipse
		q_c:    99.5000    249.5000    89.0000
		ub :    106.8155    254.7395    95.8591
		lb :    92.1845    244.2605    82.1409
		P^-1: 
			    0.0507    -0.0050    0.0349
			    -0.0050    0.1258    -0.0420
			    0.0349    -0.0420    0.0929
	==================================================================================
	Q4:
		Shape: Ellipse
		q_c:    102.5000    253.0000    77.5000
		ub :    109.3388    258.6521    84.8795
		lb :    95.6612    247.3479    70.1205
		P^-1: 
			    0.1691    -0.1776    -0.0616
			    -0.1776    0.2738    0.1009
			    -0.0616    0.1009    0.0788
	==================================================================================
	Q5:
		Shape: Polyhedra
		q_c:    103.0000    241.5000    83.0000
		ub :    107.9685    246.5045    87.7177
		lb :    98.0315    236.4955    78.2823
		A:
			    0.3700    0.8017    0.4695
			    -0.0970    0.7519    -0.6521
			    -0.3303    0.0722    -0.9411
			    -0.0621    -0.6082    0.7914
			    0.3224    0.4005    0.8577
			    -0.2654    -0.9637    -0.0306
			    0.9018    0.3293    0.2799
			    -0.0270    -0.6035    0.7969
			    0.4313    -0.7262    -0.5353
			    -0.9018    -0.3293    -0.2799
			    0.0270    0.6035    -0.7969
			    -0.4313    0.7262    0.5353
		b:
			    274.2435
			    120.0004
			    -91.6515
			    -85.0849
			    204.5241
			    -259.3748
			    199.6344
			    -79.8656
			    -172.3948
			    -191.6344
			    84.8656
			    178.3948
	==================================================================================
	Q6:
		Shape: Hybrid
		q_c:    107.5000    254.0000    84.5000
		ub :    114.0957    259.5620    91.6006
		lb :    100.9043    248.4380    77.3994
		P^-1: 
			    0.0495    -0.0010    0.0003
			    -0.0010    0.0615    -0.0033
			    0.0003    -0.0033    0.0503
		A:
			    0.3798    0.5142    -0.7690
			    0.0400    -0.6452    0.7629
			    -0.5944    -0.4710    0.6518
			    -0.7321    0.6748    -0.0933
			    -0.4338    0.8741    -0.2184
			    0.1997    0.7491    -0.6317
		b:
			    108.7370
			    -92.9485
			    -126.1225
			    87.0653
			    159.0161
			    160.4810


===========================================================================================
===========================================================================================
S9:
	q_c:    43.5000    366.5000    140.0000
	ub :    60.0000    388.0000    164.0000
	lb :    27.0000    345.0000    116.0000

	==================================================================================
	Q1:
		Shape: Ellipse
		q_c:    26.5000    380.0000    133.5000
		ub :    34.3335    388.0677    142.1211
		lb :    18.6665    371.9323    124.8789
		P^-1: 
			    0.0857    -0.0545    -0.0300
			    -0.0545    0.0737    0.0423
			    -0.0300    0.0423    0.0584
	==================================================================================
	Q2:
		Shape: Polyhedra
		q_c:    37.0000    381.0000    133.0000
		ub :    42.2566    384.9900    137.9329
		lb :    31.7434    377.0100    128.0671
		A:
			    -0.3811    0.9198    -0.0940
			    -0.8157    -0.5118    -0.2696
			    0.7355    -0.1435    -0.6622
			    0.1831    0.9507    0.2502
			    0.5085    -0.7884    -0.3460
			    0.0316    0.3587    -0.9329
			    0.9711    0.0671    0.2291
			    -0.1450    -0.5967    0.7892
			    0.1897    -0.7996    -0.5698
			    -0.9711    -0.0671    -0.2291
			    0.1450    0.5967    -0.7892
			    -0.1897    0.7996    0.5698
		b:
			    326.7311
			    -256.9061
			    -112.1493
			    404.8748
			    -325.1024
			    17.2032
			    96.4829
			    -124.2576
			    -371.4115
			    -87.4829
			    131.2576
			    375.4115
	==================================================================================
	Q3:
		Shape: Polyhedra
		q_c:    56.0000    378.0000    147.0000
		ub :    64.0465    383.6696    155.7996
		lb :    47.9535    372.3304    138.2004
		A:
			    -0.4786    0.2414    -0.8442
			    -0.4682    -0.8836    0.0046
			    0.1084    0.5785    -0.8084
			    0.3783    0.9210    0.0930
			    -0.1701    -0.8361    0.5215
			    0.8705    0.4911    0.0327
			    0.2880    0.3263    0.9003
			    -0.1402    0.9444    -0.2975
			    -0.9473    -0.0405    0.3177
			    -0.2880    -0.3263    -0.9003
			    0.1402    -0.9444    0.2975
			    0.9473    0.0405    -0.3177
		b:
			    -53.9091
			    -354.7584
			    110.7637
			    387.7667
			    -244.9145
			    245.0651
			    278.3292
			    308.8996
			    -15.6559
			    -265.3292
			    -301.8996
			    27.6559
	==================================================================================
	Q4:
		Shape: Polyhedra
		q_c:    31.0000    380.0000    137.5000
		ub :    40.3299    388.4181    146.6854
		lb :    21.6701    371.5819    128.3146
		A:
			    -0.5359    -0.8442    -0.0067
			    0.2407    0.7794    0.5784
			    -0.4098    0.8236    -0.3921
			    0.5579    0.3449    0.7549
			    0.8503    0.0104    -0.5262
			    0.1115    0.5066    0.8549
			    0.8425    0.2429    0.4808
			    -0.5154    0.1037    0.8507
			    0.1568    -0.9645    0.2125
			    -0.8425    -0.2429    -0.4808
			    0.5154    -0.1037    -0.8507
			    -0.1568    0.9645    -0.2125
		b:
			    -331.8810
			    389.4852
			    252.8367
			    258.5101
			    -36.3211
			    319.5190
			    191.0297
			    145.8784
			    -325.9303
			    -178.0297
			    -134.8784
			    338.9303
	==================================================================================
	Q5:
		Shape: Polyhedra
		q_c:    48.5000    375.5000    144.0000
		ub :    52.6372    381.3488    150.0782
		lb :    44.3628    369.6512    137.9218
		A:
			    0.6969    -0.5798    0.4221
			    -0.7508    0.5089    -0.4211
			    -0.2392    -0.9584    -0.1559
			    -0.1270    0.5718    -0.8105
			    0.6148    0.5372    0.5774
			    -0.7057    0.1695    -0.6880
			    0.1744    0.7278    0.6633
			    -0.1099    0.6838    -0.7214
			    -0.9785    0.0529    0.1992
			    -0.1744    -0.7278    -0.6633
			    0.1099    -0.6838    0.7214
			    0.9785    -0.0529    -0.1992
		b:
			    -120.1399
			    97.0371
			    -389.4116
			    94.8697
			    319.3103
			    -66.1320
			    382.2463
			    150.5552
			    4.0815
			    -372.2463
			    -144.5552
			    1.9185
	==================================================================================
	Q6:
		Shape: Hybrid
		q_c:    40.0000    365.5000    146.0000
		ub :    48.9013    371.0410    153.1444
		lb :    31.0987    359.9590    138.8556
		P^-1: 
			    0.0742    0.0081    -0.0884
			    0.0081    0.1353    -0.0637
			    -0.0884    -0.0637    0.1655
		A:
			    0.3388    0.8205    -0.4604
			    -0.8402    -0.1252    0.5277
			    -0.4625    -0.3478    0.8155
			    0.3005    0.7699    0.5630
			    -0.4780    0.7432    -0.4681
			    0.6068    -0.3251    -0.7253
		b:
			    248.0106
			    0.6273
			    -25.5341
			    381.2248
			    187.7822
			    -198.8546


===========================================================================================
===========================================================================================
S10:
	q_c:    514.5000    226.0000    181.0000
	ub :    530.0000    237.0000    197.0000
	lb :    499.0000    215.0000    165.0000

	==================================================================================
	Q1:
		Shape: Hybrid
		q_c:    517.5000    224.5000    180.5000
		ub :    525.2564    232.4438    186.6818
		lb :    509.7436    216.5562    174.3182
		P^-1: 
			    0.0393    0.0165    0.0097
			    0.0165    0.0531    -0.0132
			    0.0097    -0.0132    0.0753
		A:
			    -0.4119    0.8362    -0.3621
			    0.2988    0.8730    0.3855
			    -0.0159    -0.2247    -0.9743
			    0.3237    -0.0881    0.9421
			    0.1109    0.8865    -0.4492
			    0.6633    0.0475    0.7469
		b:
			    -87.3614
			    422.8640
			    -232.0789
			    319.6166
			    177.5510
			    490.9719
	==================================================================================
	Q2:
		Shape: Ellipse
		q_c:    517.5000    220.5000    175.0000
		ub :    523.2572    227.2340    181.5932
		lb :    511.7428    213.7660    168.4068
		P^-1: 
			    0.1034    -0.0179    0.0149
			    -0.0179    0.0695    0.0346
			    0.0149    0.0346    0.0824
	==================================================================================
	Q3:
		Shape: Ellipse
		q_c:    522.0000    231.5000    185.5000
