3D_50_7_6_a                l = 3

===========================================================================================
===========================================================================================
S1:
	q_c:	269.5	27.5	300.5
	ub :	290.5403	42.7603	320.3887
	lb :	257.3576	10.0034	285.6293

	==================================================================================
	Q1:
		Shape: Hybrid
		q_c:	284.0	27.0	296.0
		ub :	290.5403	32.1982	302.6508
		lb :	277.4597	21.8018	289.3492
		P^-1:
			0.0784	-0.0318	-0.05
			-0.0318	0.1039	0.0208
			-0.05	0.0208	0.0924
		A:
			-0.4175	0.8703	0.2613
			-0.6296	-0.3865	0.674
			-0.1182	-0.0554	0.9914
			-0.2534	0.6631	0.7044
			-0.739	0.6632	0.1181
			-0.6205	-0.5461	-0.5628
		b:
			-16.2265
			12.3237
			260.9129
			156.1952
			-155.0241
			-353.6064
	==================================================================================
	Q2:
		Shape: Hybrid
		q_c:	267.0	26.5	312.0
		ub :	273.9937	35.0593	320.3887
		lb :	260.0063	17.9407	303.6113
		P^-1:
			0.0459	0.0047	0.0003
			0.0047	0.0412	0.0062
			0.0003	0.0062	0.026
		A:
			-0.4679	0.847	-0.2522
			0.2135	-0.34	-0.9159
			-0.6054	-0.3043	-0.7354
			-0.9439	0.2716	-0.1877
			0.7237	-0.6374	-0.2644
			0.1364	0.5749	0.8067
		b:
			-177.9221
			-234.1843
			-396.0626
			-300.6434
			96.577
			306.4783
	==================================================================================
	Q3:
		Shape: Ellipse
		q_c:	266.0	15.5	309.0
		ub :	274.6424	20.9966	318.0117
		lb :	257.3576	10.0034	299.9883
		P^-1:
			0.1751	0.149	0.1393
			0.149	0.1807	0.1294
			0.1393	0.1294	0.1373
	==================================================================================
	Q4:
		Shape: Polyhedra
		q_c:	267.0	29.0	289.0
		ub :	274.027	33.2397	292.3707
		lb :	259.973	24.7603	285.6293
		A:
			-0.0132	0.3376	-0.9412
			0.3094	0.9116	0.2707
			-0.1106	0.6185	-0.7779
			0.0149	0.8465	-0.5322
			-0.0088	0.8079	0.5893
			0.3341	0.9169	-0.2183
			0.2157	0.6205	0.754
			0.1336	0.7461	-0.6522
			-0.9673	0.2414	0.0781
			-0.2157	-0.6205	-0.754
			-0.1336	-0.7461	0.6522
			0.9673	-0.2414	-0.0781
		b:
			-263.9255
			189.5761
			-234.4296
			-123.5113
			194.266
			54.6505
			295.9885
			-129.6899
			-222.2022
			-290.9885
			132.6899
			235.2022
	==================================================================================
	Q5:
		Shape: Polyhedra
		q_c:	270.5	24.5	294.0
		ub :	280.04	34.4911	301.56
		lb :	260.96	14.5089	286.44
		A:
			-0.1408	-0.2385	0.9609
			0.4941	0.8282	-0.2644
			-0.0281	0.906	-0.4224
			-0.7883	-0.1147	0.6046
			0.8547	0.4933	-0.1618
			-0.5282	-0.8419	0.1105
			0.4055	0.5793	0.707
			-0.6644	0.7181	-0.2073
			-0.6278	-0.3857	0.6761
			-0.4055	-0.5793	-0.707
			0.6644	-0.7181	0.2073
			0.6278	0.3857	-0.6761
		b:
			242.9374
			80.7657
			-103.0607
			-34.1128
			199.8584
			-126.4083
			336.7617
			-215.0698
			23.0078
			-326.7617
			231.0698
			-16.0078
	==================================================================================
	Q6:
		Shape: Polyhedra
		q_c:	269.0	36.5	296.5
		ub :	277.6047	42.7603	301.1082
		lb :	260.3953	30.2397	291.8918
		A:
			0.7429	0.6197	-0.2531
			-0.6825	-0.7281	-0.0639
			0.5179	0.846	0.1268
			0.4128	0.8835	-0.2213
			-0.2336	-0.6735	-0.7013
			0.5238	0.8456	-0.1027
			0.3992	0.8198	0.4106
			0.8895	-0.4549	0.0436
			0.2226	0.3478	-0.9108
			-0.3992	-0.8198	-0.4106
			-0.8895	0.4549	-0.0436
			-0.2226	-0.3478	0.9108
		b:
			151.3779
			-226.1539
			209.7566
			80.3722
			-293.3103
			143.7683
			260.5384
			243.6009
			-193.4761
			-257.5384
			-227.6009
			201.4761


===========================================================================================
===========================================================================================
S2:
	q_c:	489.5	28.0	137.0
	ub :	497.0094	36.1234	142.4262
	lb :	485.8966	21.8283	131.2794

	==================================================================================
	Q1:
		Shape: Polyhedra
		q_c:	490.0	28.0	137.5
		ub :	493.4475	30.5736	140.7207
		lb :	486.5525	25.4264	134.2793
		A:
			-0.3032	-0.9424	0.1412
			0.4563	0.8492	0.2658
			-0.5894	-0.7882	0.1771
			-0.4536	0.8242	0.3391
			-0.0499	-0.9982	-0.0334
			0.9159	-0.0786	0.3935
			0.5666	0.242	0.7877
			-0.7325	-0.2898	0.616
			0.3773	-0.926	0.0131
			-0.5666	-0.242	-0.7877
			0.7325	0.2898	-0.616
			-0.3773	0.926	-0.0131
		b:
			-153.7673
			286.0134
			-284.5784
			-150.937
			-55.3122
			502.9926
			395.2108
			-280.3543
			162.2624
			-390.2108
			284.3543
			-159.2624
	==================================================================================
	Q2:
		Shape: Ellipse
		q_c:	493.5	32.0	137.0
		ub :	497.0094	35.4959	139.7342
		lb :	489.9906	28.5041	134.2658
		P^-1:
			0.3617	0.2336	0.311
			0.2336	0.3578	0.2255
			0.311	0.2255	0.6416
	==================================================================================
	Q3:
		Shape: Ellipse
		q_c:	493.0	25.0	134.5
		ub :	496.059	28.1717	137.7206
		lb :	489.941	21.8283	131.2794
		P^-1:
			0.2314	0.0966	0.076
			0.0966	0.3364	0.0571
			0.076	0.0571	0.2866
	==================================================================================
	Q4:
		Shape: Ellipse
		q_c:	492.5	31.0	137.0
		ub :	494.7816	34.497	140.0795
		lb :	490.2184	27.503	133.9205
		P^-1:
			0.4222	0.1587	0.2727
			0.1587	0.2871	0.3084
			0.2727	0.3084	0.6517
	==================================================================================
	Q5:
		Shape: Polyhedra
		q_c:	489.0	32.5	136.0
		ub :	492.1034	36.1234	139.2827
		lb :	485.8966	28.8766	132.7173
		A:
			-0.3891	-0.7574	0.5244
			0.6415	-0.5258	-0.5585
			-0.3938	0.0731	-0.9163
			-0.7211	-0.5353	0.44
			-0.897	-0.3637	-0.2511
			-0.9913	-0.0538	-0.1202
			0.4369	0.6594	0.6118
			-0.5074	0.7423	-0.4377
			-0.7428	-0.1192	0.6588
			-0.4369	-0.6594	-0.6118
			0.5074	-0.7423	0.4377
			0.7428	0.1192	-0.6588
		b:
			-141.6791
			222.3921
			-312.4088
			-308.711
			-482.4601
			-500.8518
			320.7672
			-281.0054
			-276.4958
			-315.7672
			286.0054
			278.4958
	==================================================================================
	Q6:
		Shape: Ellipse
		q_c:	494.0	24.5	140.5
		ub :	495.3945	26.301	142.4262
		lb :	492.6055	22.699	138.5738
		P^-1:
			3.2382	-1.0101	-1.0526
			-1.0101	0.8097	0.3806
			-1.0526	0.3806	0.841


===========================================================================================
===========================================================================================
S3:
	q_c:	302.0	412.0	54.5
	ub :	315.4624	426.376	61.6414
	lb :	288.6439	398.1749	41.3898

	==================================================================================
	Q1:
		Shape: Polyhedra
		q_c:	309.0	410.5	50.0
		ub :	315.4624	415.4882	55.4447
		lb :	302.5376	405.5118	44.5553
		A:
			0.3116	-0.9261	0.2127
			0.2961	-0.927	0.2301
			-0.4848	0.7564	0.4391
			0.2457	-0.8284	0.5034
			0.024	0.9888	0.147
			-0.1082	-0.0186	0.994
			0.1722	0.8408	0.5133
			0.9689	-0.0505	-0.2424
			-0.1779	0.539	-0.8233
			-0.1722	-0.8408	-0.5133
			-0.9689	0.0505	0.2424
			0.1779	-0.539	0.8233
		b:
			-269.752
			-274.1015
			187.2477
			-236.072
			424.4945
			11.9882
			428.0182
			272.0431
			127.6183
			-420.0182
			-261.0431
			-122.6183
	==================================================================================
	Q2:
		Shape: Hybrid
		q_c:	297.0	419.0	53.0
		ub :	305.3561	426.376	60.7873
		lb :	288.6439	411.624	45.2127
		P^-1:
			0.0434	0.0004	-0.0045
			0.0004	0.0401	-0.0006
			-0.0045	-0.0006	0.046
		A:
			-0.0933	0.3531	-0.9309
			0.5844	0.7167	-0.3805
			-0.1256	0.6639	-0.7372
			0.9362	-0.295	-0.1913
			0.299	-0.0474	-0.9531
			-0.1082	0.7436	0.6598
		b:
			73.4228
			456.2153
			204.3884
			146.8326
			20.758
			316.9954
	==================================================================================
	Q3:
		Shape: Ellipse
		q_c:	307.0	409.0	48.0
		ub :	314.7495	416.7665	54.6102
		lb :	299.2505	401.2335	41.3898
		P^-1:
			0.0491	-0.0077	-0.0061
			-0.0077	0.0468	0.003
			-0.0061	0.003	0.0559
	==================================================================================
	Q4:
		Shape: Hybrid
		q_c:	310.0	407.0	56.5
		ub :	314.6339	412.0013	61.6414
		lb :	305.3661	401.9987	51.3586
		P^-1:
			0.1111	-0.0	-0.0
			-0.0	0.1111	-0.0
			-0.0	-0.0	0.1111
		A:
			0.362	0.0068	-0.9322
			0.2534	0.8671	0.4288
			0.1763	0.092	0.98
			-0.2197	0.9453	-0.2411
			-0.0083	0.7651	0.6439
			-0.3004	0.853	-0.4268
		b:
			63.8076
			457.2048
			148.9589
			304.5032
			346.6842
			231.4391
	==================================================================================
	Q5:
		Shape: Ellipse
		q_c:	297.5	404.0	51.0
		ub :	301.3122	409.8251	57.7994
		lb :	293.6878	398.1749	44.2006
		P^-1:
			0.1578	0.01	-0.0139
			0.01	0.1154	0.0617
			-0.0139	0.0617	0.0746
	==================================================================================
	Q6:
		Shape: Hybrid
		q_c:	300.0	406.0	47.0
		ub :	306.0024	412.0089	52.057
		lb :	293.9976	399.9911	41.943
		P^-1:
			0.0982	-0.0136	-0.0411
			-0.0136	0.0968	-0.0407
			-0.0411	-0.0407	0.1161
		A:
			0.8015	-0.5679	0.1873
			0.7431	-0.1543	-0.6512
			-0.4878	0.0275	0.8725
			-0.0525	-0.4875	0.8715
			0.2816	0.8496	-0.446
			-0.4536	-0.8154	0.3596
		b:
			20.5874
			131.1308
			-92.5851
			-171.2347
			410.2276
			-448.1703


===========================================================================================
===========================================================================================
S4:
	q_c:	436.0	182.5	219.0
	ub :	447.1059	195.7465	233.4978
	lb :	424.0052	174.2962	204.0179

	==================================================================================
	Q1:
		Shape: Hybrid
		q_c:	441.5	183.5	211.0
		ub :	447.1059	190.6653	217.9821
		lb :	435.8941	176.3347	204.0179
		P^-1:
			0.1007	-0.0203	0.0103
			-0.0203	0.0711	0.0242
			0.0103	0.0242	0.0487
		A:
			0.9929	0.0798	-0.0879
			-0.6422	0.7378	0.2079
			0.2366	0.6349	0.7355
			0.2958	-0.94	-0.1702
			-0.6577	0.6082	-0.4444
			-0.439	-0.8702	-0.2237
		b:
			436.6315
			-102.6783
			378.2201
			-75.6719
			-270.0351
			-398.128
	==================================================================================
	Q2:
		Shape: Polyhedra
		q_c:	436.5	189.5	217.0
		ub :	442.3871	195.7465	219.5578
		lb :	430.6129	183.2535	214.4422
		A:
			0.6584	-0.2351	-0.715
			-0.0285	0.5191	-0.8542
			-0.8537	-0.2119	-0.4757
			-0.4722	0.3888	0.7911
			0.1782	-0.0846	-0.9804
			0.4265	-0.5036	-0.7513
			0.6241	0.7735	0.1103
			0.3305	-0.1334	-0.9343
			-0.708	0.6196	-0.3389
			-0.6241	-0.7735	-0.1103
			-0.3305	0.1334	0.9343
			0.708	-0.6196	0.3389
		b:
			89.3495
			-96.8504
			-511.4801
			40.6775
			-149.8657
			-70.4874
			448.4453
			-82.7727
			-262.1662
			-437.4453
			84.7727
			268.1662
	==================================================================================
	Q3:
		Shape: Polyhedra
		q_c:	430.0	188.0	212.0
		ub :	435.8033	194.8277	219.0192
		lb :	424.1967	181.1723	204.9808
		A:
			-0.9314	0.3241	0.1653
			0.9914	-0.1284	0.0233
			-0.7561	-0.6097	-0.2377
			-0.767	0.6357	0.0871
			-0.5363	-0.1467	0.8312
			0.3348	-0.9423	0.0005
			0.0597	0.7211	0.6902
			-0.4402	0.6396	-0.6302
			-0.8959	-0.2662	0.3556
			-0.0597	-0.7211	-0.6902
			0.4402	-0.6396	0.6302
			0.8959	0.2662	-0.3556
		b:
			-300.3965
			411.2713
			-486.153
			-187.5742
			-77.8869
			-28.8009
			311.5563
			-198.1505
			-355.9026
			-303.5563
			207.1505
			363.9026
	==================================================================================
	Q4:
		Shape: Polyhedra
		q_c:	437.0	189.0	223.5
		ub :	442.5063	191.8069	229.159
		lb :	431.4937	186.1931	217.841
		A:
			0.5054	0.7068	0.495
			0.4813	-0.7307	-0.4842
			-0.4061	0.5263	0.747
			0.7934	0.5343	-0.2916
			0.604	-0.2234	-0.765
			-0.2433	0.9576	-0.1545
			0.6717	0.0265	0.7404
			-0.5917	-0.5823	0.5576
			0.4459	-0.8126	-0.3754
			-0.6717	-0.0265	-0.7404
			0.5917	0.5823	-0.5576
			-0.4459	0.8126	0.3754
		b:
			468.9296
			-34.4503
			91.1702
			385.403
			52.8976
			42.2822
			468.9934
			-241.4966
			-41.1381
			-458.9934
			246.4966
			44.1381
	==================================================================================
	Q5:
		Shape: Hybrid
		q_c:	432.0	177.0	223.5
		ub :	436.4808	179.7038	227.8485
		lb :	427.5192	174.2962	219.1515
		P^-1:
			0.1124	0.0196	-0.0352
			0.0196	0.2448	0.021
			-0.0352	0.021	0.1344
		A:
			0.4966	-0.868	0.0076
			0.1818	0.245	0.9523
			0.1208	0.9204	-0.3718
			-0.2717	0.3373	-0.9014
			0.8272	0.5555	-0.084
			-0.6382	0.7541	0.155
		b:
			64.1665
			336.6591
			133.268
			-256.9348
			438.5552
			-105.9672
	==================================================================================
	Q6:
		Shape: Ellipse
		q_c:	431.0	183.5	225.5
		ub :	437.9948	189.3826	233.4978
		lb :	424.0052	177.6174	217.5022
		P^-1:
			0.0388	0.0016	-0.0023
			0.0016	0.0598	0.0082
			-0.0023	0.0082	0.0369


===========================================================================================
===========================================================================================
S5:
	q_c:	273.0	247.5	54.0
	ub :	287.7565	259.0951	67.1253
	lb :	261.016	235.3896	47.3118

	==================================================================================
	Q1:
		Shape: Hybrid
		q_c:	277.0	247.0	61.0
		ub :	281.8836	253.3381	67.1253
		lb :	272.1164	240.6619	54.8747
		P^-1:
			0.1824	0.0205	-0.0839
			0.0205	0.0681	-0.0403
			-0.0839	-0.0403	0.1211
		A:
			-0.212	-0.5043	0.8371
			-0.9858	-0.0658	0.1543
			-0.7454	0.2665	-0.611
			0.7093	0.555	-0.4346
			0.1705	0.8918	-0.419
			-0.5543	-0.6974	0.4543
		b:
			-130.4369
			-278.3695
			-175.1834
			308.586
			244.3758
			-296.262
	==================================================================================
	Q2:
		Shape: Hybrid
		q_c:	265.5	248.5	56.0
		ub :	269.984	253.8222	60.759
		lb :	261.016	243.1778	51.241
		P^-1:
			0.1135	0.0041	0.0187
			0.0041	0.1173	0.0442
			0.0187	0.0442	0.1028
		A:
			-0.3393	-0.401	-0.8509
			0.8538	-0.5138	0.0838
			-0.7388	-0.3034	-0.6018
			-0.6822	0.6936	0.2313
			0.1232	-0.1499	-0.981
			0.1604	-0.5728	0.8039
		b:
			-235.9316
			105.4816
			-303.8231
			5.8701
			-57.4177
			-52.1319
	==================================================================================
	Q3:
		Shape: Polyhedra
		q_c:	280.0	253.5	54.0
		ub :	285.7318	259.0951	60.6882
		lb :	274.2682	247.9049	47.3118
		A:
			-0.8454	-0.3408	-0.4113
			-0.7947	-0.6027	-0.0724
			-0.2384	0.3016	0.9232
			0.1939	0.9366	0.2919
			-0.916	-0.3862	-0.1085
			-0.6898	-0.6856	-0.2327
			0.546	0.7671	0.3368
			0.781	-0.3206	-0.536
			-0.3032	0.5557	-0.7742
			-0.546	-0.7671	-0.3368
			-0.781	0.3206	0.536
			0.3032	-0.5557	0.7742
		b:
			-342.407
			-376.7858
			63.555
			309.9961
			-357.4441
			-377.3962
			367.5344
			112.4526
			19.1745
			-363.5344
			-104.4526
			-9.1745
	==================================================================================
	Q4:
		Shape: Polyhedra
		q_c:	280.5	242.5	58.5
		ub :	287.7565	249.6104	65.078
		lb :	273.2435	235.3896	51.922
		A:
			-0.0446	-0.8464	-0.5306
			-0.9511	0.3037	0.0562
			-0.1572	0.8591	-0.487
			0.7505	-0.0414	-0.6596
			0.0916	-0.6918	-0.7162
			0.4878	0.7849	0.3822
			0.463	0.4275	0.7764
			0.6543	-0.7558	0.0259
			0.5979	0.496	-0.6297
			-0.463	-0.4275	-0.7764
			-0.6543	0.7558	-0.0259
			-0.5979	-0.496	0.6297
		b:
			-243.805
			-185.8211
			139.5789
			165.5915
			-178.9472
			354.5816
			284.4647
			5.7654
			254.666
			-273.4647
			2.2346
			-247.666
	==================================================================================
	Q5:
		Shape: Polyhedra
		q_c:	270.0	252.0	53.5
		ub :	273.4074	256.0767	57.0396
		lb :	266.5926	247.9233	49.9604
		A:
			0.8735	0.2806	0.3978
			-0.0151	-0.9127	-0.4083
			0.3331	0.6703	-0.6631
			0.2742	0.4674	-0.8405
			-0.156	0.6795	-0.7169
			0.208	-0.411	0.8876
			0.8954	0.4446	0.023
			0.2905	-0.6227	0.7265
			0.3374	-0.6438	-0.6868
			-0.8954	-0.4446	-0.023
			-0.2905	0.6227	-0.7265
			-0.3374	0.6438	0.6868
		b:
			329.836
			-252.7478
			225.1147
			148.8155
			92.2669
			1.8076
			357.0428
			-38.1182
			-104.3947
			-353.0428
			41.1182
			111.3947
	==================================================================================
	Q6:
		Shape: Polyhedra
		q_c:	278.5	250.0	51.5
		ub :	282.4183	253.0225	54.2262
		lb :	274.5817	246.9775	48.7738
		A:
			-0.1237	0.4083	-0.9044
			0.5953	0.7928	-0.1306
			0.6903	-0.5147	0.5085
			0.3272	-0.203	-0.9229
			0.714	-0.173	0.6784
			-0.6082	0.1642	-0.7766
			0.2683	0.1385	0.9533
			-0.9614	0.1005	0.256
			-0.0603	-0.9853	0.1601
			-0.2683	-0.1385	-0.9533
			0.9614	-0.1005	-0.256
			0.0603	0.9853	-0.1601
		b:
			22.9043
			360.0707
			92.3734
			-4.7908
			192.8361
			-166.3103
			159.9394
			-225.966
			-252.3663
			-156.9394
			232.966
			257.3663


===========================================================================================
===========================================================================================
S6:
	q_c:	185.5	202.0	342.0
	ub :	196.0795	212.4339	349.7664
	lb :	176.7567	193.4287	336.6883

	==================================================================================
	Q1:
		Shape: Polyhedra
		q_c:	181.0	197.0	345.5
		ub :	184.4738	199.9943	348.9732
		lb :	177.5262	194.0057	342.0268
		A:
			0.9412	-0.2523	-0.2247
			0.058	0.921	0.3851
			-0.9032	-0.2066	-0.3762
			0.1006	0.778	0.6202
			0.1359	0.9752	0.175
			-0.4386	-0.4463	-0.7801
			0.4554	0.6013	0.6565
			0.6025	0.3347	-0.7245
			-0.6554	0.7255	-0.2099
			-0.4554	-0.6013	-0.6565
			-0.6025	-0.3347	0.7245
			0.6554	-0.7255	0.2099
		b:
			45.2933
			326.5114
			-332.4206
			387.2839
			278.8182
			-435.2577
			429.2161
			-72.3365
			-46.7033
			-426.2161
			78.3365
			49.7033
	==================================================================================
	Q2:
		Shape: Polyhedra
		q_c:	181.0	197.5	340.5
		ub :	185.2433	201.5713	344.3117
		lb :	176.7567	193.4287	336.6883
		A:
			-0.4376	0.8927	0.108
			-0.7789	0.1716	0.6032
			0.4231	-0.8853	-0.193
			0.8926	0.118	-0.4352
			0.4965	0.5916	0.6352
			0.2612	0.8584	0.4415
			0.482	0.8637	0.1473
			0.6471	-0.2375	-0.7245
			-0.5908	0.4445	-0.6733
			-0.482	-0.8637	-0.1473
			-0.6471	0.2375	0.7245
			0.5908	-0.4445	0.6733
		b:
			136.5184
			99.8948
			-161.4894
			38.5429
			425.6735
			369.5401
			310.4705
			-174.9878
			-244.9224
			-305.4705
			177.9878
			251.9224
	==================================================================================
	Q3:
		Shape: Ellipse
		q_c:	183.0	207.5	343.5
		ub :	186.1631	212.4339	348.2921
		lb :	179.8369	202.5661	338.7079
		P^-1:
			0.3791	-0.136	-0.0305
			-0.136	0.1438	0.014
			-0.0305	0.014	0.0848
	==================================================================================
	Q4:
		Shape: Polyhedra
		q_c:	181.0	199.5	341.5
		ub :	184.1927	203.4689	345.4472
		lb :	177.8073	195.5311	337.5528
		A:
			0.2772	0.3309	0.902
			0.3788	-0.1544	0.9125
			0.0878	-0.1289	-0.9878
			-0.8044	0.2301	0.5477
			0.2481	-0.9234	0.293
			-0.2399	-0.4176	-0.8764
			0.9558	0.2094	0.2064
			-0.0287	-0.6322	0.7743
			0.2926	-0.746	-0.5982
			-0.9558	-0.2094	-0.2064
			0.0287	0.6322	-0.7743
			-0.2926	0.746	0.5982
		b:
			426.7372
			351.8741
			-344.6342
			89.8332
			-36.7616
			-423.5234
			287.7469
			135.6118
			-297.6649
			-282.7469
			-130.6118
			302.6649
	==================================================================================
	Q5:
		Shape: Polyhedra
		q_c:	186.0	205.0	343.0
		ub :	188.7632	207.6147	345.6751
		lb :	183.2368	202.3853	340.3249
		A:
			0.3042	0.8789	0.3673
			0.0522	-0.5152	0.8555
			0.1955	-0.0949	-0.9761
			0.6342	-0.7717	-0.0485
			0.0907	0.3128	0.9455
			0.8699	-0.1021	-0.4825
			0.8083	0.2103	0.5499
			-0.5834	0.16	0.7963
			0.0795	-0.9644	0.252
			-0.8083	-0.2103	-0.5499
			0.5834	-0.16	-0.7963
			-0.0795	0.9644	-0.252
		b:
			364.9249
			199.357
			-316.5235
			-55.0166
			407.1081
			-23.2377
			384.583
			198.4202
			-94.477
			-379.583
			-196.4202
			98.477
	==================================================================================
	Q6:
		Shape: Polyhedra
		q_c:	191.5	203.5	346.0
		ub :	196.0795	208.2706	349.7664
		lb :	186.9205	198.7294	342.2336
		A:
			-0.884	-0.2054	-0.4199
			-0.9018	-0.2135	-0.3758
			-0.9971	0.0729	0.0208
			0.227	0.7788	0.5847
			0.6345	-0.7554	0.1637
			-0.6216	-0.2011	0.7571
			0.726	0.4987	0.4735
			-0.5882	0.807	0.0519
			-0.3562	-0.3162	0.8793
			-0.726	-0.4987	-0.4735
			0.5882	-0.807	-0.0519
			0.3562	0.3162	-0.8793
		b:
			-354.1618
			-343.932
			-166.0556
			406.8195
			27.8779
			104.9806
			406.3447
			73.0401
			174.6685
			-402.3447
			-66.0401
			-168.6685


===========================================================================================
===========================================================================================
S7:
	q_c:	277.5	127.5	290.5
	ub :	290.3016	142.325	302.595
	lb :	264.1739	122.6128	277.1455

	==================================================================================
	Q1:
		Shape: Hybrid
		q_c:	284.0	136.0	287.5
		ub :	290.3016	142.325	294.9618
		lb :	277.6984	129.675	280.0382
		P^-1:
			0.0664	-0.0032	-0.0223
			-0.0032	0.0399	0.0004
			-0.0223	0.0004	0.0484
		A:
			0.695	0.0546	-0.717
			-0.0102	0.9622	-0.2721
			0.9643	0.0265	-0.2636
			0.7996	-0.5732	0.179
			0.9227	-0.3724	0.0994
			-0.5609	-0.0503	-0.8264
		b:
			0.5328
			52.9831
			203.7157
			203.498
			242.6481
			-399.9772
	==================================================================================
	Q2:
		Shape: Polyhedra
		q_c:	282.0	129.0	289.5
		ub :	287.6678	135.3872	295.13
		lb :	276.3322	122.6128	283.87
		A:
			0.7812	0.527	0.3347
			0.1801	-0.7732	0.6081
			0.3251	0.0765	-0.9426
			0.1231	0.9803	-0.1546
			0.5876	0.5695	0.5747
			0.7264	0.1595	-0.6685
			0.8476	0.4172	0.3279
			-0.02	-0.5924	0.8054
			0.5302	-0.6892	-0.4938
			-0.8476	-0.4172	-0.3279
			0.02	0.5924	-0.8054
			-0.5302	0.6892	0.4938
		b:
			388.6913
			129.9718
			-167.7547
			119.9892
			409.2911
			35.7042
			391.2652
			153.6061
			-77.3428
			-384.2652
			-148.6061
			87.3428
	==================================================================================
	Q3:
		Shape: Hybrid
		q_c:	275.0	132.5	297.5
		ub :	281.8214	138.5601	302.595
		lb :	268.1786	126.4399	292.405
		P^-1:
			0.0503	-0.0299	-0.0125
			-0.0299	0.0965	-0.0061
			-0.0125	-0.0061	0.1085
		A:
			0.1423	-0.9023	0.407
			0.3626	-0.9293	0.07
			0.6321	-0.594	-0.4976
			-0.6716	0.2909	0.6814
			0.0634	0.0919	0.9937
			0.8263	0.3874	-0.4088
		b:
			42.2728
			-1.0644
			-51.2858
			58.4793
			327.003
			160.2727
	==================================================================================
	Q4:
		Shape: Ellipse
		q_c:	274.5	136.0	282.0
		ub :	279.3368	140.393	286.8545
		lb :	269.6632	131.607	277.1455
		P^-1:
			0.0863	0.0196	0.0194
			0.0196	0.1641	0.0819
			0.0194	0.0819	0.1629
	==================================================================================
	Q5:
		Shape: Ellipse
		q_c:	279.5	133.0	292.5
		ub :	285.1211	137.2805	298.1603
		lb :	273.8789	128.7195	286.8397
		P^-1:
			0.0933	0.0202	0.0482
			0.0202	0.1994	0.0688
			0.0482	0.0688	0.1177
	==================================================================================
	Q6:
		Shape: Ellipse
		q_c:	270.5	136.5	285.0
		ub :	276.8261	141.8996	291.7867
		lb :	264.1739	131.1004	278.2133
		P^-1:
			0.0601	0.0026	-0.0092
			0.0026	0.0784	-0.0085
			-0.0092	-0.0085	0.0456


===========================================================================================
===========================================================================================
