3D_50_8_6_e                l = 3

===========================================================================================
===========================================================================================
S1:
	q_c:	503.5	341.0	438.0
	ub :	509.885	351.2012	446.2188
	lb :	498.5209	336.8835	430.7478

	==================================================================================
	Q1:
		Shape: Ellipse
		q_c:	503.5	347.5	434.0
		ub :	506.5707	351.2012	436.8095
		lb :	500.4293	343.7988	431.1905
		P^-1:
			0.1602	-0.0041	0.0108
			-0.0041	0.1186	0.0294
			0.0108	0.0294	0.2424
	==================================================================================
	Q2:
		Shape: Ellipse
		q_c:	506.5	347.0	438.5
		ub :	509.8688	350.4108	442.2587
		lb :	503.1312	343.5892	434.7413
		P^-1:
			0.2419	-0.0202	0.016
			-0.0202	0.1995	0.0398
			0.016	0.0398	0.2186
	==================================================================================
	Q3:
		Shape: Ellipse
		q_c:	503.0	342.5	435.0
		ub :	507.1741	345.4271	439.2522
		lb :	498.8259	339.5729	430.7478
		P^-1:
			0.1479	0.0813	-0.0864
			0.0813	0.7881	-0.3659
			-0.0864	-0.3659	0.3056
	==================================================================================
	Q4:
		Shape: Polyhedra
		q_c:	502.5	341.0	443.0
		ub :	506.4791	345.1165	446.2188
		lb :	498.5209	336.8835	439.7812
		A:
			-0.1089	0.0677	-0.9917
			-0.7179	-0.2128	0.6628
			-0.0981	0.3433	-0.9341
			0.0642	-0.6666	0.7426
			-0.0335	0.2788	-0.9598
			0.4154	-0.8092	0.4155
			0.6248	0.7649	0.1569
			0.359	-0.4598	0.8122
			0.6934	-0.4511	-0.5619
			-0.6248	-0.7649	-0.1569
			-0.359	0.4598	-0.8122
			-0.6934	0.4511	0.5619
		b:
			-468.9526
			-137.4113
			-344.0046
			136.0752
			-344.9735
			118.9645
			647.2677
			385.4142
			-52.3046
			-641.2677
			-381.4142
			56.3046
	==================================================================================
	Q5:
		Shape: Ellipse
		q_c:	507.0	348.0	441.0
		ub :	509.885	351.0833	443.9407
		lb :	504.115	344.9167	438.0593
		P^-1:
			0.376	0.0908	0.0194
			0.0908	0.3154	0.014
			0.0194	0.014	0.253
	==================================================================================
	Q6:
		Shape: Hybrid
		q_c:	502.5	347.0	437.5
		ub :	506.4016	351.0543	440.8965
		lb :	498.5984	342.9457	434.1035
		P^-1:
			0.1457	0.0548	0.0229
			0.0548	0.1999	0.0264
			0.0229	0.0264	0.1755
		A:
			0.3555	0.9187	0.1722
			0.0444	-0.9231	-0.3821
			0.0704	-0.3499	0.9341
			-0.752	-0.0376	0.6581
			0.3731	-0.3807	0.8461
			0.1566	-0.987	-0.0359
		b:
			573.8261
			-463.8316
			324.1097
			-101.2224
			427.0811
			-277.9734


===========================================================================================
===========================================================================================
S2:
	q_c:	250.0	371.5	273.0
	ub :	263.6414	391.4834	293.4503
	lb :	231.6111	353.7375	252.7027

	==================================================================================
	Q1:
		Shape: Polyhedra
		q_c:	238.5	364.0	277.0
		ub :	245.3889	372.4991	285.7615
		lb :	231.6111	355.5009	268.2385
		A:
			-0.8738	-0.0111	-0.4862
			0.7473	-0.5806	-0.3232
			-0.0539	0.2596	-0.9642
			-0.2931	-0.8483	0.441
			0.768	-0.5323	-0.3562
			0.7825	0.5205	0.3418
			0.091	0.6474	0.7567
			-0.2976	0.7429	-0.5997
			-0.9504	-0.1706	0.2602
			-0.091	-0.6474	-0.7567
			0.2976	-0.7429	0.5997
			0.9504	0.1706	-0.2602
		b:
			-341.8678
			-117.3894
			-179.9882
			-251.1836
			-104.0325
			475.9829
			472.4606
			38.8153
			-211.6684
			-461.4606
			-27.8153
			221.6684
	==================================================================================
	Q2:
		Shape: Polyhedra
		q_c:	240.5	383.5	260.5
		ub :	248.0271	391.4834	268.2973
		lb :	232.9729	375.5166	252.7027
		A:
			0.5692	-0.3186	0.758
			0.923	-0.1798	-0.3403
			-0.9282	-0.1084	0.3561
			0.4369	-0.468	0.7682
			0.2945	-0.4588	-0.8383
			0.288	-0.9088	0.3019
			0.7918	0.5082	0.3388
			0.5932	-0.7719	-0.2286
			0.1453	0.382	-0.9127
			-0.7918	-0.5082	-0.3388
			-0.5932	0.7719	0.2286
			-0.1453	-0.382	0.9127
		b:
			217.4512
			69.0455
			-166.9356
			130.9439
			-318.7352
			-196.0551
			479.0637
			-208.9275
			-50.8209
			-468.0637
			216.9275
			61.8209
	==================================================================================
	Q3:
		Shape: Hybrid
		q_c:	242.0	370.0	265.5
		ub :	250.7981	376.338	275.4318
		lb :	233.2019	363.662	255.5682
		P^-1:
			0.0972	-0.0359	-0.062
			-0.0359	0.0506	0.0252
			-0.062	0.0252	0.0576
		A:
			-0.4788	0.733	-0.4832
			0.7259	-0.4277	-0.5387
			-0.1416	-0.8022	0.58
			-0.8675	-0.3578	0.3455
			-0.6697	0.5007	0.5484
			0.8703	-0.3372	-0.3589
		b:
			32.7432
			-124.346
			-172.3478
			-247.1803
			170.1921
			-7.5343
	==================================================================================
	Q4:
		Shape: Ellipse
		q_c:	249.0	363.0	277.5
		ub :	257.8096	372.1363	286.257
		lb :	240.1904	353.8637	268.743
		P^-1:
			0.0309	-0.0018	-0.0039
			-0.0018	0.0159	-0.0001
			-0.0039	-0.0001	0.0256
	==================================================================================
	Q5:
		Shape: Polyhedra
		q_c:	240.0	374.5	267.0
		ub :	247.2639	384.3069	276.8218
		lb :	232.7361	364.6931	257.1782
		A:
			-0.2843	0.9536	-0.0988
			0.8072	-0.0005	0.5902
			-0.7453	0.3419	-0.5724
			-0.8573	0.3932	-0.3324
			0.9712	0.0951	-0.2186
			0.9072	-0.4055	-0.1121
			0.044	0.5554	0.8304
			0.6584	0.609	-0.4422
			-0.7513	0.5662	-0.3389
			-0.044	-0.5554	-0.8304
			-0.6584	-0.609	0.4422
			0.7513	-0.5662	0.3389
		b:
			267.6172
			356.3129
			-199.2625
			-143.1361
			215.696
			40.6119
			447.2732
			274.0422
			-54.7546
			-433.2732
			-262.0422
			62.7546
	==================================================================================
	Q6:
		Shape: Polyhedra
		q_c:	257.0	361.0	286.5
		ub :	263.6414	368.2625	293.4503
		lb :	250.3586	353.7375	279.5497
		A:
			0.5825	0.806	-0.1055
			-0.3385	-0.8079	-0.4824
			0.9725	0.2328	-0.0035
			-0.3654	-0.7791	-0.5095
			-0.6956	-0.6217	-0.3601
			-0.8427	0.477	0.2495
			0.7908	0.6118	0.0155
			0.5796	-0.7568	0.3021
			0.1966	-0.2299	-0.9532
			-0.7908	-0.6118	-0.0155
			-0.5796	0.7568	-0.3021
			-0.1966	0.2299	0.9532
		b:
			413.7455
			-512.6517
			336.5388
			-516.9195
			-502.9559
			32.3498
			431.5626
			-32.2211
			-300.0544
			-425.5626
			43.2211
			311.0544


===========================================================================================
===========================================================================================
S3:
	q_c:	416.0	191.0	348.0
	ub :	435.4956	204.1189	370.6563
	lb :	393.1092	177.4738	325.6645

	==================================================================================
	Q1:
		Shape: Polyhedra
		q_c:	420.5	193.5	344.0
		ub :	428.7429	201.6439	353.402
		lb :	412.2571	185.3561	334.598
		A:
			-0.9562	-0.1758	-0.2339
			0.6602	0.1637	-0.7331
			-0.0599	0.8867	0.4585
			0.4484	-0.3347	-0.8288
			0.6933	-0.4695	0.5467
			-0.941	-0.2781	0.1927
			0.2285	0.8151	0.5324
			0.8414	0.1098	-0.5292
			-0.4898	0.5688	-0.6607
			-0.2285	-0.8151	-0.5324
			-0.8414	-0.1098	0.5292
			0.4898	-0.5688	0.6607
		b:
			-511.2652
			61.7861
			308.7687
			-156.7746
			395.6288
			-378.6231
			441.4362
			197.4993
			-316.1664
			-432.4362
			-188.4993
			330.1664
	==================================================================================
	Q2:
		Shape: Hybrid
		q_c:	425.0	184.0	349.0
		ub :	435.4956	190.5262	360.1936
		lb :	414.5044	177.4738	337.8064
		P^-1:
			0.03	-0.0019	0.014
			-0.0019	0.0396	0.0027
			0.014	0.0027	0.0203
		A:
			-0.2319	0.967	-0.1058
			0.047	0.1102	0.9928
			-0.1901	0.8136	-0.5494
			-0.9068	0.3929	0.1527
			0.4723	0.0964	0.8761
			0.417	-0.8644	0.281
		b:
			44.9749
			392.5299
			-119.1159
			-255.0719
			527.9652
			118.8038
	==================================================================================
	Q3:
		Shape: Hybrid
		q_c:	406.5	194.5	335.0
		ub :	416.8997	204.1189	344.3355
		lb :	396.1003	184.8811	325.6645
		P^-1:
			0.0256	0.0027	-0.0036
			0.0027	0.022	-0.003
			-0.0036	-0.003	0.0295
		A:
			0.3116	-0.9457	-0.0931
			-0.5099	-0.0066	-0.8602
			-0.9152	-0.0377	0.4013
			-0.8474	0.2639	-0.4607
			0.0942	-0.4379	-0.8941
			0.5441	-0.1951	0.816
		b:
			-84.2109
			-493.1402
			-241.6784
			-443.5993
			-342.8083
			460.2054
	==================================================================================
	Q4:
		Shape: Hybrid
		q_c:	409.0	194.5	364.5
		ub :	416.5046	201.6724	370.6563
		lb :	401.4954	187.3276	358.3437
		P^-1:
			0.044	0.0175	0.0004
			0.0175	0.0649	-0.0109
			0.0004	-0.0109	0.0683
		A:
			0.3753	0.176	0.91
			0.5955	-0.7877	0.158
			-0.4646	-0.5855	-0.6643
			0.3608	-0.0853	-0.9287
			0.334	-0.4153	0.8462
			-0.4113	-0.3228	0.8524
		b:
			521.665
			151.3075
			-543.8175
			-204.998
			366.4945
			81.7864
	==================================================================================
	Q5:
		Shape: Hybrid
		q_c:	429.5	192.0	339.0
		ub :	435.2211	197.6583	342.8528
		lb :	423.7789	186.3417	335.1472
		P^-1:
			0.1378	0.0017	0.1519
			0.0017	0.0625	0.0034
			0.1519	0.0034	0.3691
		A:
			-0.2566	0.8285	0.4978
			-0.3767	0.8123	0.4452
			0.616	0.3115	0.7235
			-0.2589	0.2803	-0.9243
			0.5245	0.207	0.8259
			-0.4566	0.4883	-0.7437
		b:
			220.6637
			148.2443
			570.9715
			-369.5313
			545.9401
			-352.7958
	==================================================================================
	Q6:
		Shape: Hybrid
		q_c:	404.0	192.0	344.0
		ub :	414.8908	199.492	354.8016
		lb :	393.1092	184.508	333.1984
		P^-1:
			0.0201	-0.0128	0.0039
			-0.0128	0.0902	-0.0371
			0.0039	-0.0371	0.0368
		A:
			-0.2293	-0.1523	-0.9614
			0.0971	0.9931	-0.0664
			0.4958	-0.626	0.6019
			0.9646	0.262	0.0307
			0.448	-0.6908	-0.5675
			0.1453	-0.8894	0.4334
		b:
			-446.7138
			210.0522
			290.1271
			456.6464
			-141.7415
			38.5404


===========================================================================================
===========================================================================================
S4:
	q_c:	427.0	74.5	402.0
	ub :	440.5741	84.5982	416.2889
	lb :	415.2498	61.7007	395.5907

	==================================================================================
	Q1:
		Shape: Ellipse
		q_c:	434.5	69.5	399.5
		ub :	437.3234	73.4082	403.4093
		lb :	431.6766	65.5918	395.5907
		P^-1:
			0.3387	-0.2386	0.2477
			-0.2386	0.429	-0.369
			0.2477	-0.369	0.474
	==================================================================================
	Q2:
		Shape: Ellipse
		q_c:	428.0	79.5	407.5
		ub :	434.0905	84.2016	412.3626
		lb :	421.9095	74.7984	402.6374
		P^-1:
			0.0506	-0.0319	0.0497
			-0.0319	0.2075	-0.1831
			0.0497	-0.1831	0.2888
	==================================================================================
	Q3:
		Shape: Hybrid
		q_c:	432.5	76.5	405.5
		ub :	436.0008	79.2124	409.1022
		lb :	428.9992	73.7876	401.8978
		P^-1:
			0.3852	-0.3693	-0.0455
			-0.3693	0.7656	0.0746
			-0.0455	0.0746	0.1692
		A:
			-0.0815	0.7525	-0.6535
			-0.694	0.5101	-0.5081
			-0.2988	0.7871	0.5396
			0.0346	0.994	0.1042
			0.7323	-0.5201	-0.4395
			-0.1574	-0.5544	-0.8172
		b:
			-241.105
			-465.8193
			150.7415
			134.352
			99.7536
			-440.121
	==================================================================================
	Q4:
		Shape: Polyhedra
		q_c:	434.0	76.0	411.5
		ub :	440.5741	82.4808	416.2889
		lb :	427.4259	69.5192	406.7111
		A:
			-0.5165	-0.4026	-0.7557
			-0.5774	-0.6777	-0.4553
			-0.716	-0.6925	0.0878
			0.9092	0.4148	0.0356
			0.2417	0.3535	-0.9037
			-0.2508	-0.9029	-0.349
			0.5451	0.6626	0.5137
			-0.5076	-0.2268	0.8312
			0.6672	-0.7138	0.2127
			-0.5451	-0.6626	-0.5137
			0.5076	0.2268	-0.8312
			-0.6672	0.7138	-0.2127
		b:
			-562.6064
			-486.4445
			-324.4089
			444.0108
			-237.2339
			-317.5457
			501.31
			106.9776
			328.3557
			-495.31
			-101.9776
			-317.3557
	==================================================================================
	Q5:
		Shape: Ellipse
		q_c:	420.0	80.5	401.5
		ub :	424.7502	84.5982	406.4959
		lb :	415.2498	76.4018	396.5041
		P^-1:
			0.155	-0.0579	0.0551
			-0.0579	0.163	-0.0358
			0.0551	-0.0358	0.1248
	==================================================================================
	Q6:
		Shape: Ellipse
		q_c:	435.0	66.5	402.5
		ub :	439.861	71.2993	406.849
		lb :	430.139	61.7007	398.151
		P^-1:
			0.1193	0.0123	-0.0135
			0.0123	0.1295	-0.0203
			-0.0135	-0.0203	0.1334


===========================================================================================
===========================================================================================
S5:
	q_c:	53.0	396.0	57.5
	ub :	56.6361	409.3061	67.7986
	lb :	36.8043	384.1097	38.7646

	==================================================================================
	Q1:
		Shape: Ellipse
		q_c:	45.0	393.0	58.0
		ub :	48.8439	398.0689	62.9396
		lb :	41.1561	387.9311	53.0604
		P^-1:
			0.1085	-0.0081	-0.0073
			-0.0081	0.1083	-0.0473
			-0.0073	-0.0473	0.1168
	==================================================================================
	Q2:
		Shape: Hybrid
		q_c:	42.5	404.0	63.0
		ub :	48.1957	409.3061	67.7832
		lb :	36.8043	398.6939	58.2168
		P^-1:
			0.0637	0.028	-0.0065
			0.028	0.1266	0.0291
			-0.0065	0.0291	0.1301
		A:
			0.0269	0.4378	0.8987
			-0.0038	0.9961	0.0887
			-0.2972	0.6949	0.6548
			-0.0754	-0.15	-0.9858
			0.0803	0.0513	0.9955
			0.6204	0.6309	0.466
		b:
			235.9603
			409.5819
			311.0549
			-124.3411
			88.5103
			312.2955
	==================================================================================
	Q3:
		Shape: Hybrid
		q_c:	49.0	397.0	56.5
		ub :	54.812	401.3183	62.2755
		lb :	43.188	392.6817	50.7245
		P^-1:
			0.1158	-0.0688	0.0491
			-0.0688	0.1514	-0.0635
			0.0491	-0.0635	0.1078
		A:
			-0.6653	0.744	0.0624
			-0.9378	0.2997	-0.175
			-0.6045	0.2367	0.7606
			0.2813	-0.7577	0.5888
			-0.5849	0.562	-0.5848
			-0.9298	-0.2659	-0.2545
		b:
			268.0488
			65.0704
			110.2985
			-252.5411
			162.5068
			-162.794
	==================================================================================
	Q4:
		Shape: Hybrid
		q_c:	53.0	397.5	57.5
		ub :	56.6361	402.2409	61.5987
		lb :	49.3639	392.7591	53.4013
		P^-1:
			0.6094	0.0283	0.4333
			0.0283	0.1103	0.0895
			0.4333	0.0895	0.5027
		A:
			0.661	0.4385	0.6089
			0.9591	-0.2828	0.0105
			0.8465	-0.4494	0.2853
			-0.934	0.0369	-0.3552
			-0.4298	-0.2041	-0.8795
			-0.6883	0.1985	-0.6977
		b:
			245.3723
			-59.5092
			-116.0292
			-54.3741
			-153.5616
			3.2549
	==================================================================================
	Q5:
		Shape: Hybrid
		q_c:	48.5	399.5	63.0
		ub :	51.9633	403.5065	67.7986
		lb :	45.0367	395.4935	58.2014
		P^-1:
			0.4002	0.0693	-0.1035
			0.0693	0.3358	0.1622
			-0.1035	0.1622	0.2023
		A:
			0.4532	-0.808	-0.3764
			-0.838	-0.297	0.4578
			-0.9567	-0.2902	-0.0212
			-0.6654	0.7104	-0.2294
			-0.7557	-0.5834	0.2976
			0.368	0.7258	0.5812
		b:
			-323.3799
			-129.4086
			-162.7142
			239.9467
			-249.7897
			345.3778
	==================================================================================
	Q6:
		Shape: Ellipse
		q_c:	45.5	390.5	45.5
		ub :	52.3552	396.8903	52.2354
		lb :	38.6448	384.1097	38.7646
		P^-1:
			0.0682	-0.0046	-0.0272
			-0.0046	0.0867	-0.0263
			-0.0272	-0.0263	0.0709


===========================================================================================
===========================================================================================
S6:
	q_c:	350.5	134.0	407.5
	ub :	367.2591	155.3451	425.9509
	lb :	327.9609	109.9289	386.9777

	==================================================================================
	Q1:
		Shape: Ellipse
		q_c:	351.5	148.5	413.5
		ub :	359.4262	155.3451	422.1019
		lb :	343.5738	141.6549	404.8981
		P^-1:
			0.0588	-0.0517	0.0216
			-0.0517	0.1139	-0.036
			0.0216	-0.036	0.0428
	==================================================================================
	Q2:
		Shape: Ellipse
		q_c:	355.0	122.5	405.5
		ub :	366.433	135.0711	418.0908
		lb :	343.567	109.9289	392.9092
		P^-1:
			0.0173	0.0009	0.0004
			0.0009	0.0144	0.0009
			0.0004	0.0009	0.0155
	==================================================================================
	Q3:
		Shape: Polyhedra
		q_c:	345.0	132.0	410.5
		ub :	352.2536	136.5965	416.9225
		lb :	337.7464	127.4035	404.0775
		A:
			-0.6336	-0.7635	0.1251
			-0.2497	0.6279	-0.7371
			0.8602	0.2041	0.4674
			-0.787	0.0539	-0.6146
			-0.7472	-0.4906	-0.4483
			-0.5843	-0.7496	-0.3109
			0.6206	0.1478	0.7701
			-0.7634	0.3383	0.5502
			-0.1792	-0.9293	0.3228
			-0.6206	-0.1478	-0.7701
			0.7634	-0.3383	-0.5502
			0.1792	0.9293	-0.3228
		b:
			-265.1308
			-303.631
			518.8514
			-513.5965
			-503.9576
			-425.8825
			552.231
			14.1621
			-49.9975
			-547.231
			-0.1621
			53.9975
	==================================================================================
	Q4:
		Shape: Polyhedra
		q_c:	358.0	120.5	396.5
		ub :	367.2591	130.7961	406.0223
		lb :	348.7409	110.2039	386.9777
		A:
			0.4907	0.1493	-0.8584
			-0.629	-0.7606	0.1609
			0.9453	0.3146	-0.0864
			0.628	-0.7072	-0.3248
			0.6904	-0.2341	-0.6846
			0.9045	-0.4243	0.0429
			0.3946	0.8294	0.3955
			0.5255	-0.5568	0.6433
			0.7538	-0.046	-0.6555
			-0.3946	-0.8294	-0.3955
			-0.5255	0.5568	-0.6433
			-0.7538	0.046	0.6555
		b:
			-142.4355
			-245.7018
			348.1715
			16.4592
			-48.2255
			294.5852
			406.5226
			381.6052
			8.4052
			-389.5226
			-370.6052
			-0.4052
	==================================================================================
	Q5:
		Shape: Hybrid
		q_c:	338.0	137.5	407.0
		ub :	348.0391	147.5941	414.5585
		lb :	327.9609	127.4059	399.4415
		P^-1:
			0.0281	0.0127	0.0058
			0.0127	0.0335	0.0053
			0.0058	0.0053	0.0386
		A:
			0.1503	0.9749	-0.164
			-0.1607	-0.9245	-0.3458
			0.4405	0.8716	-0.2153
			-0.009	-0.1975	-0.9803
			-0.1271	-0.3054	-0.9437
			-0.2652	0.5286	-0.8064
		b:
			121.5806
			-319.0693
			184.0334
			-426.2987
			-466.3606
			-341.4619
	==================================================================================
	Q6:
		Shape: Polyhedra
		q_c:	347.0	129.5	415.5
		ub :	355.6698	139.5592	425.9509
		lb :	338.3302	119.4408	405.0491
		A:
			-0.8438	-0.226	0.4868
			-0.4509	0.2117	-0.8671
			-0.4901	0.4557	0.7431
			-0.6373	0.4952	-0.5904
			-0.6854	0.3277	-0.6503
			0.5884	-0.6072	-0.5339
			0.561	0.5723	0.5981
			-0.146	0.7796	-0.6091
			-0.8148	0.2544	0.5209
			-0.561	-0.5723	-0.5981
			0.146	-0.7796	0.6091
			0.8148	-0.2544	-0.5209
		b:
			-114.4366
			-482.8248
			202.9899
			-396.0145
			-459.1977
			-90.9993
			523.7902
			-196.2744
			-28.3601
			-510.7902
			209.2744
			38.3601


===========================================================================================
===========================================================================================
S7:
	q_c:	275.5	93.0	83.5
	ub :	283.2138	99.8789	91.3892
	lb :	270.0635	87.5516	78.1001

	==================================================================================
	Q1:
		Shape: Hybrid
		q_c:	279.5	96.0	87.5
		ub :	283.2138	99.2985	91.3892
		lb :	275.7862	92.7015	83.6108
		P^-1:
			0.161	0.0326	0.0581
			0.0326	0.2381	-0.0213
			0.0581	-0.0213	0.2121
		A:
			-0.2037	-0.2154	0.9551
			0.9775	-0.1086	0.1809
			-0.2854	-0.732	-0.6187
			0.6363	0.7056	0.3118
			0.2541	-0.6383	0.7266
			-0.4187	0.6306	-0.6535
		b:
			7.3744
			280.1775
			-203.0455
			273.8984
			74.3095
			-112.6222
	==================================================================================
	Q2:
		Shape: Polyhedra
		q_c:	274.0	96.5	81.5
		ub :	276.308	99.8789	84.8999
		lb :	271.692	93.1211	78.1001
		A:
			-0.6889	-0.1422	-0.7107
			0.8415	-0.2922	-0.4544
			0.9568	0.1083	0.2698
			0.8443	0.307	0.4392
			-0.3433	0.2015	0.9174
			0.7438	-0.1011	0.6607
			0.2678	0.7485	0.6066
			0.9582	-0.1412	-0.2488
			-0.1006	0.6479	-0.755
			-0.2678	-0.7485	-0.6066
			-0.9582	0.1412	0.2488
			0.1006	-0.6479	0.755
		b:
			-258.223
			166.9378
			296.4348
			298.862
			2.2188
			249.907
			197.5504
			230.147
			-24.5778
			-192.5504
			-227.147
			28.5778
	==================================================================================
	Q3:
		Shape: Polyhedra
		q_c:	274.5	95.5	82.0
		ub :	277.9135	98.3913	85.1405
		lb :	271.0865	92.6087	78.8595
		A:
			0.2979	-0.065	-0.9524
			0.1466	0.3948	0.907
			0.4483	0.2887	0.846
			0.1618	0.9831	0.0859
			0.1951	0.5842	0.7878
			-0.4553	-0.8586	0.2357
			0.5189	0.0106	0.8548
			-0.5658	0.7538	0.3341
			-0.6408	-0.657	0.3972
			-0.5189	-0.0106	-0.8548
			0.5658	-0.7538	-0.3341
			0.6408	0.657	-0.3972
		b:
			-0.4794
			154.4602
			222.0231
			147.3631
			176.1276
			-186.0151
			215.5442
			-53.4255
			-204.5721
			-211.5442
			58.4255
			207.5721
	==================================================================================
	Q4:
		Shape: Ellipse
		q_c:	277.0	90.5	82.5
		ub :	280.0564	93.4484	85.2943
		lb :	273.9436	87.5516	79.7057
		P^-1:
			0.3357	-0.3028	-0.1583
			-0.3028	0.6817	0.2727
			-0.1583	0.2727	0.3025
	==================================================================================
	Q5:
		Shape: Hybrid
		q_c:	273.0	90.5	86.5
		ub :	274.0938	91.6781	87.1353
		lb :	271.9062	89.3219	85.8647
		P^-1:
			2.9911	1.4173	-0.0102
			1.4173	2.009	0.0143
			-0.0102	0.0143	3.9999
		A:
			-0.9072	0.109	-0.4063
			-0.6308	-0.5881	-0.5062
			-0.2746	0.1126	-0.9549
			0.6117	0.1285	0.7806
			-0.8531	-0.4363	-0.286
			-0.6396	-0.5725	0.513
		b:
			-272.4653
			-268.9544
			-147.0822
			246.4451
			-296.8645
			-181.7965
	==================================================================================
	Q6:
		Shape: Hybrid
		q_c:	273.5	92.0	88.5
		ub :	276.9365	95.1061	91.3763
		lb :	270.0635	88.8939	85.6237
		P^-1:
			0.25	0.0	0.0
			0.0	0.25	0.0
			0.0	0.0	0.25
		A:
			0.1483	-0.458	0.8765
			0.0356	-0.9198	0.3907
			0.1223	-0.0921	-0.9882
			0.4072	-0.4934	0.7686
			-0.9304	-0.1508	0.3341
			0.0348	0.8824	0.4692
		b:
			76.9865
			-39.3207
			-61.4712
			134.9922
			-237.7641
			133.2245


===========================================================================================
===========================================================================================
S8:
	q_c:	286.0	226.0	171.0
	ub :	308.1856	248.6861	195.5414
	lb :	266.5645	210.5222	155.9199

	==================================================================================
	Q1:
		Shape: Ellipse
		q_c:	287.5	227.0	166.0
		ub :	296.9082	237.039	174.3449
		lb :	278.0918	216.961	157.6551
		P^-1:
			0.0276	-0.0003	-0.0008
			-0.0003	0.0273	-0.0013
			-0.0008	-0.0013	0.0243
	==================================================================================
	Q2:
		Shape: Ellipse
		q_c:	275.0	226.5	175.0
		ub :	283.4355	236.4117	184.9945
		lb :	266.5645	216.5883	165.0055
		P^-1:
			0.1104	-0.0693	0.0063
			-0.0693	0.0616	-0.0053
			0.0063	-0.0053	0.0159
	==================================================================================
	Q3:
		Shape: Ellipse
		q_c:	289.0	218.0	187.0
		ub :	297.3113	225.4778	195.5414
		lb :	280.6887	210.5222	178.4586
		P^-1:
			0.0684	0.0094	0.0465
			0.0094	0.0222	0.0084
			0.0465	0.0084	0.0565
	==================================================================================
	Q4:
		Shape: Polyhedra
		q_c:	297.5	222.0	172.0
		ub :	308.1856	232.3716	183.481
		lb :	286.8144	211.6284	160.519
		A:
			-0.8054	0.2459	-0.5393
			0.2399	-0.8762	-0.4179
			0.9036	0.3686	0.2182
			0.7593	-0.4695	0.4505
			0.6459	-0.7634	0.0076
			-0.6364	0.6421	0.4275
			0.134	0.76	0.636
			-0.4792	0.6115	-0.6297
			-0.8674	-0.2204	0.4461
			-0.134	-0.76	-0.636
			0.4792	-0.6115	0.6297
			0.8674	0.2204	-0.4461
		b:
			-271.3676
			-188.5562
			395.5505
			205.442
			30.4376
			33.7476
			324.4735
			-109.122
			-222.2477
			-311.4735
			121.122
			238.2477
	==================================================================================
	Q5:
		Shape: Ellipse
		q_c:	298.5	228.5	181.5
		ub :	304.0578	237.8022	189.3055
		lb :	292.9422	219.1978	173.6945
		P^-1:
			0.1399	-0.0423	-0.0256
			-0.0423	0.0339	0.0044
			-0.0256	0.0044	0.0371
	==================================================================================
	Q6:
		Shape: Hybrid
		q_c:	281.0	236.5	166.5
		ub :	293.317	248.6861	177.0801
		lb :	268.683	224.3139	155.9199
		P^-1:
			0.0229	0.0074	-0.0064
			0.0074	0.0199	-0.0052
			-0.0064	-0.0052	0.0164
		A:
			-0.8297	0.4173	0.3707
			-0.2518	-0.9431	0.2173
			0.8227	-0.5315	-0.2016
			0.6762	-0.027	-0.7363
			0.5028	0.857	0.1133
			-0.9009	-0.1717	0.3986
		b:
			-67.6367
			-253.6468
			77.3571
			65.2336
			367.0379
			-223.95


===========================================================================================
===========================================================================================
