3D_50_8_6_d                l = 3

===========================================================================================
===========================================================================================
S1:
	q_c:	469.0	314.5	271.0
	ub :	491.6848	338.6661	293.2586
	lb :	445.4921	298.5471	253.9237

	==================================================================================
	Q1:
		Shape: Hybrid
		q_c:	466.0	310.5	276.5
		ub :	477.3175	322.4529	283.4901
		lb :	454.6825	298.5471	269.5099
		P^-1:
			0.0156	-0.0	0.0
			-0.0	0.0159	-0.0024
			0.0	-0.0024	0.0327
		A:
			-0.5792	-0.7352	-0.3522
			-0.2058	-0.1855	0.9608
			-0.1196	-0.9728	-0.1985
			0.7108	0.4512	0.5395
			0.6576	0.7423	-0.1284
			0.3391	-0.9379	-0.0732
		b:
			-590.4369
			115.0423
			-407.414
			625.3009
			506.5636
			-148.195
	==================================================================================
	Q2:
		Shape: Polyhedra
		q_c:	486.5	329.0	281.0
		ub :	491.6848	335.9618	288.9618
		lb :	481.3152	322.0382	273.0382
		A:
			0.2329	0.9711	0.0515
			0.4188	0.8829	-0.2126
			0.0322	-0.716	0.6973
			0.9454	-0.3228	-0.0455
			0.2232	-0.1737	-0.9592
			-0.9555	0.2351	-0.1779
			0.1866	0.5377	0.8222
			-0.347	0.8191	-0.4569
			-0.9191	-0.2	0.3394
			-0.1866	-0.5377	-0.8222
			0.347	-0.8191	0.4569
			0.9191	0.2	-0.3394
		b:
			452.0615
			438.3452
			-20.3584
			344.1042
			-212.3732
			-434.1266
			505.2382
			-24.2023
			-414.5848
			-492.2382
			31.2023
			420.5848
	==================================================================================
	Q3:
		Shape: Ellipse
		q_c:	471.0	308.5	264.0
		ub :	477.8945	318.1109	274.0763
		lb :	464.1055	298.8891	253.9237
		P^-1:
			0.0392	0.0005	-0.0032
			0.0005	0.0238	-0.0039
			-0.0032	-0.0039	0.0253
	==================================================================================
	Q4:
		Shape: Ellipse
		q_c:	456.0	314.0	279.0
		ub :	459.3021	320.1803	284.6616
		lb :	452.6979	307.8197	273.3384
		P^-1:
			2.4419	1.0173	-1.6349
			1.0173	0.4848	-0.7103
			-1.6349	-0.7103	1.1758
	==================================================================================
	Q5:
		Shape: Polyhedra
		q_c:	454.5	328.5	284.0
		ub :	463.5079	338.6661	293.2586
		lb :	445.4921	318.3339	274.7414
		A:
			-0.4307	-0.8278	-0.3594
			-0.5337	0.714	-0.4532
			-0.5108	0.601	0.6147
			0.312	0.9476	-0.0678
			-0.5048	0.8631	-0.0177
			-0.3879	-0.8867	-0.2518
			0.8157	0.4431	0.3718
			-0.5294	0.8309	0.1713
			-0.233	-0.3365	0.9124
			-0.8157	-0.4431	-0.3718
			0.5294	-0.8309	-0.1713
			0.233	0.3365	-0.9124
		b:
			-564.4642
			-129.906
			146.8098
			439.9587
			56.0908
			-533.53
			626.4041
			87.9572
			49.6588
			-617.4041
			-73.9572
			-35.6588
	==================================================================================
	Q6:
		Shape: Hybrid
		q_c:	465.0	307.0	263.0
		ub :	471.2166	312.7972	267.9199
		lb :	458.7834	301.2028	258.0801
		P^-1:
			0.0284	0.009	-0.013
			0.009	0.1623	-0.1946
			-0.013	-0.1946	0.3093
		A:
			-0.7981	0.1712	0.5777
			0.2553	0.8068	-0.5328
			-0.4476	0.3116	-0.8382
			0.1645	0.8453	-0.5084
			-0.5084	0.836	-0.2065
			0.1885	0.82	-0.5404
		b:
			-161.8369
			228.4009
			-330.2352
			204.4307
			-30.0605
			199.2866


===========================================================================================
===========================================================================================
S2:
	q_c:	177.5	307.5	324.5
	ub :	190.0161	316.9497	332.3778
	lb :	167.9157	296.0069	315.0138

	==================================================================================
	Q1:
		Shape: Hybrid
		q_c:	179.5	303.0	324.0
		ub :	184.5592	308.25	329.6553
		lb :	174.4408	297.75	318.3447
		P^-1:
			0.1038	0.0035	0.0122
			0.0035	0.0822	0.002
			0.0122	0.002	0.0884
		A:
			-0.9323	0.3093	0.1874
			-0.4651	0.6251	-0.6268
			0.5895	-0.2896	0.7541
			-0.9738	-0.1365	-0.182
			-0.8094	-0.5077	-0.2952
			-0.6231	-0.7742	-0.1109
		b:
			-11.1332
			-95.3326
			264.0374
			-273.5542
			-393.1832
			-380.6128
	==================================================================================
	Q2:
		Shape: Hybrid
		q_c:	171.5	306.5	327.5
		ub :	175.0843	309.3037	331.0152
		lb :	167.9157	303.6963	323.9848
		P^-1:
			0.279	0.1602	0.1984
			0.1602	0.672	0.3515
			0.1984	0.3515	0.4101
		A:
			0.1399	0.9586	0.2481
			0.9144	0.0631	0.3998
			0.275	0.7613	0.5872
			0.1564	0.681	0.7154
			0.6748	-0.5886	0.4453
			-0.0662	0.8675	0.4929
		b:
			399.8269
			308.4416
			473.3174
			470.5404
			82.6476
			416.7402
	==================================================================================
	Q3:
		Shape: Polyhedra
		q_c:	174.5	312.5	319.5
		ub :	177.9468	316.9497	323.9862
		lb :	171.0532	308.0503	315.0138
		A:
			-0.9867	0.1616	-0.02
			-0.0299	-0.3254	0.9451
			-0.4065	-0.307	0.8605
			-0.8748	0.0329	0.4834
			0.6601	-0.5703	-0.489
			0.4615	-0.5772	0.6737
			0.1932	0.5167	0.8341
			-0.3428	0.8321	-0.436
			-0.9193	-0.2017	0.3379
			-0.1932	-0.5167	-0.8341
			0.3428	-0.8321	0.436
			0.9193	0.2017	-0.3379
		b:
			-125.7679
			197.8973
			110.5944
			14.2004
			-216.6222
			118.4023
			464.6754
			63.8874
			-113.4786
			-458.6754
			-57.8874
			117.4786
	==================================================================================
	Q4:
		Shape: Polyhedra
		q_c:	184.0	308.0	324.5
		ub :	190.0161	313.7282	328.8943
		lb :	177.9839	302.2718	320.1057
		A:
			0.9654	-0.0472	0.2566
			-0.7592	-0.1297	-0.6377
			0.2264	-0.4607	-0.8582
			0.0732	0.997	0.0243
			-0.9344	-0.1482	-0.3241
			0.238	-0.9252	-0.2957
			0.4879	0.8635	0.1277
			0.8608	-0.4517	-0.2347
			-0.145	0.2245	-0.9636
			-0.4879	-0.8635	-0.1277
			-0.8608	0.4517	0.2347
			0.145	-0.2245	0.9636
		b:
			250.4348
			-383.1037
			-375.042
			332.0778
			-318.8315
			-333.1005
			400.6869
			-52.4034
			-267.231
			-393.6869
			61.4034
			273.231
	==================================================================================
	Q5:
		Shape: Ellipse
		q_c:	172.5	306.5	323.0
		ub :	175.8241	308.892	324.3997
		lb :	169.1759	304.108	321.6003
		P^-1:
			0.1326	-0.0878	0.0353
			-0.0878	0.4702	-0.1509
			0.0353	-0.1509	0.9528
	==================================================================================
	Q6:
		Shape: Hybrid
		q_c:	174.0	302.0	326.5
		ub :	178.0428	307.9931	332.3778
		lb :	169.9572	296.0069	320.6222
		P^-1:
			0.2553	0.1255	-0.144
			0.1255	0.1377	-0.1003
			-0.144	-0.1003	0.1633
		A:
			-0.9632	-0.1456	-0.226
			0.3124	-0.9379	-0.151
			0.1435	0.9187	0.3679
			0.9104	-0.1233	-0.395
			-0.5481	-0.4176	0.7247
			-0.9953	-0.0952	-0.0163
		b:
			-282.7956
			-274.6701
			426.0392
			-5.7609
			16.1982
			-205.0878


===========================================================================================
===========================================================================================
S3:
	q_c:	281.5	94.5	117.5
	ub :	300.294	119.2899	150.8589
	lb :	262.9264	69.3527	93.2972

	==================================================================================
	Q1:
		Shape: Hybrid
		q_c:	278.5	83.5	116.5
		ub :	286.1825	89.1038	124.424
		lb :	270.8175	77.8962	108.576
		P^-1:
			0.0804	-0.0787	-0.0077
			-0.0787	0.1904	0.0622
			-0.0077	0.0622	0.0621
		A:
			-0.7676	0.6335	0.0978
			-0.1511	-0.5719	-0.8063
			-0.3951	0.8866	0.2404
			-0.5306	0.8472	0.0279
			-0.3394	-0.6774	-0.6526
			0.955	-0.0654	0.2894
		b:
			-147.7142
			-181.4008
			-6.9432
			-72.463
			-224.7178
			297.4678
	==================================================================================
	Q2:
		Shape: Ellipse
		q_c:	281.5	76.5	101.5
		ub :	287.9348	83.6473	109.7028
		lb :	275.0652	69.3527	93.2972
		P^-1:
			0.157	-0.1118	-0.0147
			-0.1118	0.1119	0.0121
			-0.0147	0.0121	0.0172
	==================================================================================
	Q3:
		Shape: Ellipse
		q_c:	279.0	107.0	121.5
		ub :	285.5726	119.2899	134.4375
		lb :	272.4274	94.7101	108.5625
		P^-1:
			0.3537	0.1178	0.1322
			0.1178	0.0544	0.0405
			0.1322	0.0405	0.0624
	==================================================================================
	Q4:
		Shape: Ellipse
		q_c:	280.5	104.0	108.5
		ub :	291.2372	116.6972	117.2363
		lb :	269.7628	91.3028	99.7637
		P^-1:
			0.0463	-0.0204	0.0077
			-0.0204	0.0187	-0.0099
			0.0077	-0.0099	0.0375
	==================================================================================
	Q5:
		Shape: Polyhedra
		q_c:	290.5	105.0	140.5
		ub :	300.294	117.04	150.8589
		lb :	280.706	92.96	130.1411
		A:
			-0.5626	0.4586	-0.6879
			-0.6105	0.2784	0.7415
			0.3736	-0.8674	0.3287
			-0.3175	0.9298	-0.1864
			0.7449	-0.3921	-0.5398
			-0.311	0.948	-0.0675
			0.3948	0.8127	0.4286
			0.1612	0.398	-0.9031
			-0.9045	0.4256	0.0261
			-0.3948	-0.8127	-0.4286
			-0.1612	-0.398	0.9031
			0.9045	-0.4256	-0.0261
		b:
			-205.0692
			-37.0683
			70.5372
			-13.7623
			105.8756
			6.7712
			268.2294
			-30.7843
			-208.4073
			-252.2294
			45.7843
			220.4073
	==================================================================================
	Q6:
		Shape: Hybrid
		q_c:	273.5	102.5	132.5
		ub :	284.0736	109.5823	143.7004
		lb :	262.9264	95.4177	121.2996
		P^-1:
			0.0184	0.0004	-0.0023
			0.0004	0.0277	0.0011
			-0.0023	0.0011	0.0177
		A:
			-0.9442	-0.2747	-0.1819
			-0.2549	0.9285	-0.2701
			0.8519	0.3391	0.3992
			0.4964	-0.7859	-0.3687
			0.385	-0.4421	-0.8102
			-0.701	0.65	-0.2935
		b:
			-306.0287
			-6.8797
			325.1912
			9.7365
			-43.5065
			-159.7667


===========================================================================================
===========================================================================================
S4:
	q_c:	327.0	218.5	17.5
	ub :	343.3724	230.4574	31.8842
	lb :	320.4126	213.6451	5.8329

	==================================================================================
	Q1:
		Shape: Polyhedra
		q_c:	325.5	220.5	25.0
		ub :	330.5874	225.7015	29.63
		lb :	320.4126	215.2985	20.37
		A:
			0.4992	-0.5404	0.6773
			0.5284	-0.8197	-0.2211
			0.6368	0.0712	0.7678
			-0.3805	0.9243	0.0297
			0.3549	-0.4963	-0.7923
			-0.4157	-0.6727	0.6121
			0.6566	0.7137	0.2438
			-0.3936	0.6	-0.6965
			-0.6434	0.3614	0.6749
			-0.6566	-0.7137	-0.2438
			0.3936	-0.6	0.6965
			0.6434	-0.3614	-0.6749
		b:
			63.2592
			-11.5261
			245.3651
			83.6402
			-11.0826
			-265.2244
			380.7048
			-10.2071
			-110.3612
			-373.7048
			16.2071
			115.3612
	==================================================================================
	Q2:
		Shape: Ellipse
		q_c:	333.5	226.0	16.5
		ub :	338.1476	229.6459	21.0667
		lb :	328.8524	222.3541	11.9333
		P^-1:
			0.2061	0.1601	0.0368
			0.1601	0.3071	0.0721
			0.0368	0.0721	0.124
	==================================================================================
	Q3:
		Shape: Ellipse
		q_c:	327.0	218.0	26.5
		ub :	330.5141	222.3549	30.7179
		lb :	323.4859	213.6451	22.2821
		P^-1:
			0.1913	0.0263	0.0351
			0.0263	0.167	0.053
			0.0351	0.053	0.1628
	==================================================================================
	Q4:
		Shape: Polyhedra
		q_c:	337.0	220.5	11.5
		ub :	343.3724	225.7519	17.1671
		lb :	330.6276	215.2481	5.8329
		A:
			0.5262	0.826	0.2022
			-0.9408	0.2217	-0.2566
			-0.5009	-0.8603	0.0944
			-0.2047	-0.0077	-0.9788
			-0.2068	0.6536	0.728
			0.5061	0.827	0.245
			0.819	0.2498	0.5166
			-0.5089	-0.1001	0.855
			0.2653	-0.9631	0.0451
			-0.819	-0.2498	-0.5166
			0.5089	0.1001	-0.855
			-0.2653	0.9631	-0.0451
		b:
			365.7827
			-267.1132
			-353.423
			-77.9529
			86.8026
			359.7137
			341.0054
			-179.7235
			-118.452
			-333.0054
			187.7235
			126.452
	==================================================================================
	Q5:
		Shape: Ellipse
		q_c:	330.0	222.5	24.5
		ub :	337.0716	230.4574	31.8842
		lb :	322.9284	214.5426	17.1158
		P^-1:
			0.0529	-0.0107	-0.0031
			-0.0107	0.0489	0.0026
			-0.0031	0.0026	0.0407
	==================================================================================
	Q6:
		Shape: Polyhedra
		q_c:	335.0	223.5	12.0
		ub :	341.6714	228.996	15.8446
		lb :	328.3286	218.004	8.1554
		A:
			-0.3293	0.9378	0.1097
			0.4587	-0.075	-0.8854
			0.6042	-0.7168	-0.3479
			-0.1098	-0.0822	-0.9906
			0.0968	0.3113	0.9454
			-0.4425	0.7232	-0.5302
			0.9	0.4157	0.1312
			0.2428	-0.7279	0.6412
			0.362	-0.5452	-0.7561
			-0.9	-0.4157	-0.1312
			-0.2428	0.7279	-0.6412
			-0.362	0.5452	0.7561
		b:
			103.0246
			128.6801
			40.2625
			-64.3824
			116.0385
			10.1275
			401.9834
			-70.6566
			-8.1475
			-389.9834
			76.6566
			11.1475


===========================================================================================
===========================================================================================
S5:
	q_c:	271.0	266.0	75.0
	ub :	296.3924	296.4621	95.3222
	lb :	248.2427	237.7297	44.6555

	==================================================================================
	Q1:
		Shape: Hybrid
		q_c:	268.5	273.5	58.0
		ub :	281.5385	284.663	71.3445
		lb :	255.4615	262.337	44.6555
		P^-1:
			0.0138	-0.0021	-0.0026
			-0.0021	0.0192	-0.0021
			-0.0026	-0.0021	0.0162
		A:
			-0.3572	-0.9311	0.0734
			0.644	-0.1851	-0.7423
			0.6351	0.5163	-0.5745
			0.0101	0.5668	0.8238
			-0.5343	0.8037	0.2619
			-0.853	0.4591	-0.2481
		b:
			-341.955
			83.2395
			282.5357
			210.3853
			95.2969
			-113.1803
	==================================================================================
	Q2:
		Shape: Hybrid
		q_c:	286.0	250.0	84.0
		ub :	296.3924	262.2703	95.3222
		lb :	275.6076	237.7297	72.6778
		P^-1:
			0.0254	-0.0045	-0.008
			-0.0045	0.023	0.0108
			-0.008	0.0108	0.0244
		A:
			-0.5922	-0.2083	-0.7784
			-0.7738	0.3385	0.5354
			-0.1232	-0.9849	-0.1214
			-0.7091	-0.216	0.6712
			0.0205	0.7697	-0.638
			-0.5214	-0.2696	-0.8096
		b:
			-281.7845
			-88.9322
			-287.0627
			-196.2522
			151.0721
			-279.6635
	==================================================================================
	Q3:
		Shape: Hybrid
		q_c:	252.0	262.5	65.0
		ub :	255.7573	273.9619	77.2455
		lb :	248.2427	251.0381	52.7545
		P^-1:
			0.0816	-0.0016	0.0
			-0.0016	0.01	0.0002
			0.0	0.0002	0.0083
		A:
			-0.8728	0.1668	0.4587
			-0.944	-0.1588	0.2892
			-0.9864	-0.1368	-0.0914
			0.9936	0.0994	0.0539
			-0.9529	-0.1895	0.2368
			-0.9177	-0.2137	0.3348
		b:
			-142.0582
			-257.5726
			-288.2627
			281.9577
			-271.4821
			-261.9038
	==================================================================================
	Q4:
		Shape: Ellipse
		q_c:	279.5	284.0	69.0
		ub :	291.0059	296.4621	82.5079
		lb :	267.9941	271.5379	55.4921
		P^-1:
			0.0164	0.0009	0.0022
			0.0009	0.0103	0.0009
			0.0022	0.0009	0.0135
	==================================================================================
	Q5:
		Shape: Hybrid
		q_c:	281.5	256.0	69.5
		ub :	295.0081	269.0582	81.4869
		lb :	267.9919	242.9418	57.5131
		P^-1:
			0.0284	-0.0201	-0.0027
			-0.0201	0.03	-0.0051
			-0.0027	-0.0051	0.0179
		A:
			-0.3785	0.6788	-0.6293
			-0.9383	0.3457	-0.0072
			0.5251	-0.7326	0.4331
			-0.113	0.3171	-0.9416
			0.7626	-0.4141	0.497
			-0.1509	0.7622	-0.6295
		b:
			26.8842
			-171.9403
			-6.8843
			-11.0089
			147.9097
			112.6825
	==================================================================================
	Q6:
		Shape: Ellipse
		q_c:	281.5	278.5	63.0
		ub :	291.9908	288.3817	74.3665
		lb :	271.0092	268.6183	51.6335
		P^-1:
			0.046	-0.0244	0.0224
			-0.0244	0.033	-0.0183
			0.0224	-0.0183	0.0321


===========================================================================================
===========================================================================================
S6:
	q_c:	114.0	258.0	18.0
	ub :	130.1714	278.5574	38.0968
	lb :	95.1487	246.6048	1.7619

	==================================================================================
	Q1:
		Shape: Ellipse
		q_c:	112.5	256.5	31.5
		ub :	121.6034	265.2873	38.0968
		lb :	103.3966	247.7127	24.9032
		P^-1:
			0.0465	0.0279	0.0063
			0.0279	0.0461	0.0131
			0.0063	0.0131	0.0562
	==================================================================================
	Q2:
		Shape: Ellipse
		q_c:	118.0	263.0	22.0
		ub :	121.8771	269.0408	27.3303
		lb :	114.1229	256.9592	16.6697
		P^-1:
			0.1976	0.0137	0.067
			0.0137	0.0573	0.0412
			0.067	0.0412	0.1461
	==================================================================================
	Q3:
		Shape: Ellipse
		q_c:	101.5	273.5	30.0
		ub :	107.8513	278.5574	36.6336
		lb :	95.1487	268.4426	23.3664
		P^-1:
			0.0866	0.0001	0.0443
			0.0001	0.136	0.0351
			0.0443	0.0351	0.0816
	==================================================================================
	Q4:
		Shape: Polyhedra
		q_c:	116.5	260.5	18.5
		ub :	122.2937	262.9218	23.1896
		lb :	110.7063	258.0782	13.8104
		A:
			-0.049	0.9523	-0.3013
			0.4758	0.8794	-0.0145
			-0.1008	0.863	-0.495
			-0.2333	0.91	-0.3427
			-0.027	-0.8797	0.4747
			-0.0167	-0.93	0.3671
			0.0643	0.4256	0.9026
			-0.9971	-0.0099	0.0756
			0.0411	-0.9049	0.4237
			-0.0643	-0.4256	-0.9026
			0.9971	0.0099	-0.0756
			-0.0411	0.9049	-0.4237
		b:
			237.5486
			287.4728
			204.6156
			204.7652
			-222.8547
			-236.7752
			139.5553
			-111.8276
			-222.5898
			-130.5553
			122.8276
			223.5898
	==================================================================================
	Q5:
		Shape: Polyhedra
		q_c:	118.5	254.5	18.0
		ub :	126.0301	262.3952	26.685
		lb :	110.9699	246.6048	9.315
		A:
			-0.8165	0.0595	0.5743
			-0.7922	-0.5879	0.1635
			0.2112	-0.2233	0.9516
			0.7392	-0.2736	0.6155
			-0.3162	-0.9214	0.2258
			-0.2159	-0.9429	-0.2537
			0.465	0.6232	0.6288
			-0.8566	0.1373	0.4973
			0.2236	-0.7699	0.5977
			-0.465	-0.6232	-0.6288
			0.8566	-0.1373	-0.4973
			-0.2236	0.7699	-0.5977
		b:
			-66.7643
			-235.5653
			-9.5531
			34.1415
			-262.7677
			-264.7575
			230.5295
			-53.1044
			-153.682
			-219.5295
			62.1044
			163.682
	==================================================================================
	Q6:
		Shape: Hybrid
		q_c:	125.0	258.5	8.0
		ub :	130.1714	264.9699	14.2381
		lb :	119.8286	252.0301	1.7619
		P^-1:
			0.0775	-0.0061	-0.005
			-0.0061	0.0649	0.002
			-0.005	0.002	0.0642
		A:
			-0.9593	-0.0366	0.2798
			-0.6694	-0.7056	0.2323
			0.9676	-0.2305	-0.1029
			-0.447	0.0538	0.8929
			-0.1528	0.6019	0.7838
			-0.0431	-0.2114	-0.9765
		b:
			-125.3218
			-262.0472
			62.3133
			-32.7798
			144.8337
			-65.6392


===========================================================================================
===========================================================================================
S7:
	q_c:	283.0	353.0	178.5
	ub :	303.3081	374.4732	198.6519
	lb :	260.5212	333.9194	155.9136

	==================================================================================
	Q1:
		Shape: Polyhedra
		q_c:	277.0	340.5	170.0
		ub :	283.9178	347.0806	175.7541
		lb :	270.0822	333.9194	164.2459
		A:
			-0.1806	-0.3745	0.9095
			-0.7086	-0.5796	0.4024
			-0.9351	-0.0428	-0.3519
			-0.6699	-0.2462	-0.7004
			0.7733	0.624	-0.112
			0.3791	-0.6517	-0.6569
			0.1007	0.9944	0.0306
			0.216	0.0082	-0.9764
			-0.9712	0.1049	-0.214
			-0.1007	-0.9944	-0.0306
			-0.216	-0.0082	0.9764
			0.9712	-0.1049	0.214
		b:
			-18.2253
			-319.8153
			-327.9039
			-383.1843
			413.3397
			-223.3338
			377.7069
			-98.8696
			-264.1627
			-365.7069
			107.8696
			275.1627
	==================================================================================
	Q2:
		Shape: Hybrid
		q_c:	274.0	357.0	183.5
		ub :	279.9786	363.6573	188.4849
		lb :	268.0214	350.3427	178.5151
		P^-1:
			0.0896	-0.0228	-0.0667
			-0.0228	0.0774	0.0695
			-0.0667	0.0695	0.1854
		A:
			-0.2343	0.7279	0.6444
			-0.5919	0.4987	0.6333
			0.1884	0.9688	0.1609
			-0.3815	-0.1521	-0.9118
			0.768	-0.0902	-0.634
			-0.1517	-0.5261	-0.8368
		b:
			315.5357
			133.4424
			430.1154
			-323.5271
			63.5412
			-381.1543
	==================================================================================
	Q3:
		Shape: Ellipse
		q_c:	272.5	346.5	187.5
		ub :	284.4788	356.1277	198.6519
		lb :	260.5212	336.8723	176.3481
		P^-1:
			0.0173	0.0096	0.0012
			0.0096	0.0485	-0.0195
			0.0012	-0.0195	0.0315
	==================================================================================
	Q4:
		Shape: Ellipse
		q_c:	294.0	357.5	176.5
		ub :	303.3081	368.3393	186.2819
		lb :	284.6919	346.6607	166.7181
		P^-1:
			0.0232	-0.0012	0.0005
			-0.0012	0.0204	0.0013
			0.0005	0.0013	0.0161
	==================================================================================
	Q5:
		Shape: Polyhedra
		q_c:	279.5	347.0	169.0
		ub :	288.9787	356.8384	179.8332
		lb :	270.0213	337.1616	158.1668
		A:
			0.3761	0.451	-0.8094
			0.8256	-0.4519	-0.338
			-0.9036	0.4021	0.1475
			0.4791	0.8394	-0.2565
			0.6357	-0.5111	-0.5784
			0.92	0.1917	0.3417
			0.0677	0.8013	0.5945
			-0.4982	0.5434	-0.6756
			-0.8644	-0.2504	0.436
			-0.0677	-0.8013	-0.5945
			0.4982	-0.5434	0.6756
			0.8644	0.2504	-0.436
		b:
			131.4991
			23.1945
			-81.5394
			388.1327
			-91.3867
			387.9426
			402.9314
			-57.8828
			-248.3112
			-391.9314
			71.8828
			261.3112
	==================================================================================
	Q6:
		Shape: Ellipse
		q_c:	283.0	365.5	165.5
		ub :	289.912	374.4732	175.0864
		lb :	276.088	356.5268	155.9136
		P^-1:
			0.1801	0.1008	0.0295
			0.1008	0.0857	0.0206
			0.0295	0.0206	0.0284


===========================================================================================
===========================================================================================
S8:
	q_c:	237.0	30.5	206.5
	ub :	258.6211	43.2277	228.3023
	lb :	219.6527	17.2655	186.1649

	==================================================================================
	Q1:
		Shape: Polyhedra
		q_c:	249.0	27.0	196.0
		ub :	258.6211	35.5058	205.8351
		lb :	239.3789	18.4942	186.1649
		A:
			-0.2094	0.5745	-0.7912
			-0.8064	-0.1348	0.5758
			0.975	-0.2192	0.0376
			-0.0682	-0.7408	0.6682
			-0.949	-0.24	-0.2046
			-0.5349	0.3044	0.7882
			0.6641	0.5404	0.5167
			-0.7143	0.2545	0.6519
			0.2208	-0.802	0.5551
			-0.6641	-0.5404	-0.5167
			0.7143	-0.2545	-0.6519
			-0.2208	0.802	-0.5551
		b:
			-187.01
			-85.2407
			250.2623
			98.7093
			-276.7749
			35.9669
			287.2131
			-36.7223
			146.6162
			-275.2131
			49.7223
			-137.6162
	==================================================================================
	Q2:
		Shape: Hybrid
		q_c:	250.0	35.0	201.0
		ub :	256.0286	41.1558	205.9709
		lb :	243.9714	28.8442	196.0291
		P^-1:
			0.1064	0.0263	-0.0444
			0.0263	0.0617	-0.0189
			-0.0444	-0.0189	0.1038
		A:
			-0.8597	-0.0587	0.5074
			0.9966	0.0805	0.018
			-0.2262	-0.6088	0.7604
			-0.3192	-0.9031	-0.2873
			-0.4307	-0.377	0.82
			0.9683	0.1115	-0.2234
		b:
			-113.4545
			257.7693
			76.9151
			-166.3049
			45.4196
			202.8934
	==================================================================================
	Q3:
		Shape: Ellipse
		q_c:	230.0	33.5	211.0
		ub :	240.3473	43.1067	220.09
		lb :	219.6527	23.8933	201.91
		P^-1:
			0.0326	-0.0158	-0.001
			-0.0158	0.0337	-0.0051
			-0.001	-0.0051	0.0265
	==================================================================================
	Q4:
		Shape: Polyhedra
		q_c:	248.0	25.5	215.5
		ub :	255.8826	33.7345	222.4057
		lb :	240.1174	17.2655	208.5943
		A:
			-0.2913	-0.6951	0.6573
			0.9668	-0.2437	-0.0775
			-0.0091	-0.323	0.9464
			0.9041	0.1722	-0.3911
			0.7589	0.5008	-0.4163
			0.0444	0.967	-0.2511
			0.4568	0.583	0.672
			0.5541	0.4045	-0.7276
			-0.696	0.7046	-0.1383
			-0.4568	-0.583	-0.672
			-0.5541	-0.4045	0.7276
			0.696	-0.7046	0.1383
		b:
			55.0758
			221.5045
			197.489
			148.0648
			114.8424
			-13.846
			278.9472
			-6.0626
			-179.424
			-266.9472
			12.0626
			189.424
	==================================================================================
	Q5:
		Shape: Ellipse
		q_c:	239.0	34.0	202.5
		ub :	244.6377	38.9428	208.7934
		lb :	233.3623	29.0572	196.2066
		P^-1:
			0.1451	-0.058	0.0903
			-0.058	0.132	-0.019
			0.0903	-0.019	0.117
	==================================================================================
	Q6:
		Shape: Polyhedra
		q_c:	241.5	34.5	220.0
		ub :	248.6944	43.2277	228.3023
		lb :	234.3056	25.7723	211.6977
		A:
			0.678	0.704	0.2112
			-0.6951	0.4662	-0.5472
			-0.223	0.2552	-0.9408
			-0.6052	-0.4685	-0.6437
			-0.664	0.1932	0.7223
			-0.145	0.4612	0.8754
			0.5076	0.6251	0.593
			0.8406	-0.5103	-0.1815
			0.1892	0.5906	-0.7844
			-0.5076	-0.6251	-0.593
			-0.8406	0.5103	0.1815
			-0.1892	-0.5906	0.7844
		b:
			239.9643
			-267.4085
			-246.5499
			-298.4445
			9.8547
			178.6342
			280.1076
			149.4552
			-101.0174
			-269.1076
			-141.4552
			112.0174


===========================================================================================
===========================================================================================
