3D_50_10_6_d                l = 3

===========================================================================================
===========================================================================================
S1:
	q_c:    283.0000    353.0000    178.5000
	ub :    297.0000    366.0000    209.0000
	lb :    269.0000    340.0000    148.0000

	==================================================================================
	Q1:
		Shape: Polyhedra
		q_c:    277.0000    340.5000    170.0000
		ub :    283.9178    347.0806    175.7541
		lb :    270.0822    333.9194    164.2459
		A:
			    -0.1806    -0.3745    0.9095
			    -0.7086    -0.5796    0.4024
			    -0.9351    -0.0428    -0.3519
			    -0.6699    -0.2462    -0.7004
			    0.7733    0.6240    -0.1120
			    0.3791    -0.6517    -0.6569
			    0.1007    0.9944    0.0306
			    0.2160    0.0082    -0.9764
			    -0.9712    0.1049    -0.2140
			    -0.1007    -0.9944    -0.0306
			    -0.2160    -0.0082    0.9764
			    0.9712    -0.1049    0.2140
		b:
			    -18.2253
			    -319.8153
			    -327.9039
			    -383.1843
			    413.3397
			    -223.3338
			    377.7069
			    -98.8696
			    -264.1627
			    -365.7069
			    107.8696
			    275.1627
	==================================================================================
	Q2:
		Shape: Hybrid
		q_c:    274.0000    357.0000    183.5000
		ub :    279.9786    363.6573    188.4849
		lb :    268.0214    350.3427    178.5151
		P^-1: 
			    0.0896    -0.0228    -0.0667
			    -0.0228    0.0774    0.0695
			    -0.0667    0.0695    0.1854
		A:
			    -0.2343    0.7279    0.6444
			    -0.5919    0.4987    0.6333
			    0.1884    0.9688    0.1609
			    -0.3815    -0.1521    -0.9118
			    0.7680    -0.0902    -0.6340
			    -0.1517    -0.5261    -0.8368
		b:
			    315.5357
			    133.4424
			    430.1154
			    -323.5271
			    63.5412
			    -381.1543
	==================================================================================
	Q3:
		Shape: Ellipse
		q_c:    272.5000    346.5000    187.5000
		ub :    284.4788    356.1277    198.6519
		lb :    260.5212    336.8723    176.3481
		P^-1: 
			    0.0173    0.0096    0.0012
			    0.0096    0.0485    -0.0195
			    0.0012    -0.0195    0.0315
	==================================================================================
	Q4:
		Shape: Ellipse
		q_c:    294.0000    357.5000    176.5000
		ub :    303.3081    368.3393    186.2819
		lb :    284.6919    346.6607    166.7181
		P^-1: 
			    0.0232    -0.0012    0.0005
			    -0.0012    0.0204    0.0013
			    0.0005    0.0013    0.0161
	==================================================================================
	Q5:
		Shape: Polyhedra
		q_c:    279.5000    347.0000    169.0000
		ub :    288.9787    356.8384    179.8332
		lb :    270.0213    337.1616    158.1668
		A:
			    0.3761    0.4510    -0.8094
			    0.8256    -0.4519    -0.3380
			    -0.9036    0.4021    0.1475
			    0.4791    0.8394    -0.2565
			    0.6357    -0.5111    -0.5784
			    0.9200    0.1917    0.3417
			    0.0677    0.8013    0.5945
			    -0.4982    0.5434    -0.6756
			    -0.8644    -0.2504    0.4360
			    -0.0677    -0.8013    -0.5945
			    0.4982    -0.5434    0.6756
			    0.8644    0.2504    -0.4360
		b:
			    131.4991
			    23.1945
			    -81.5394
			    388.1327
			    -91.3867
			    387.9426
			    402.9314
			    -57.8828
			    -248.3112
			    -391.9314
			    71.8828
			    261.3112
	==================================================================================
	Q6:
		Shape: Ellipse
		q_c:    283.0000    365.5000    165.5000
		ub :    289.9120    374.4732    175.0864
		lb :    276.0880    356.5268    155.9136
		P^-1: 
			    0.1801    0.1008    0.0295
			    0.1008    0.0857    0.0206
			    0.0295    0.0206    0.0284


===========================================================================================
===========================================================================================
S2:
	q_c:    237.0000    30.5000    206.5000
	ub :    252.0000    44.0000    227.0000
	lb :    222.0000    17.0000    186.0000

	==================================================================================
	Q1:
		Shape: Polyhedra
		q_c:    249.0000    27.0000    196.0000
		ub :    258.6211    35.5058    205.8351
		lb :    239.3789    18.4942    186.1649
		A:
			    -0.2094    0.5745    -0.7912
			    -0.8064    -0.1348    0.5758
			    0.9750    -0.2192    0.0376
			    -0.0682    -0.7408    0.6682
			    -0.9490    -0.2400    -0.2046
			    -0.5349    0.3044    0.7882
			    0.6641    0.5404    0.5167
			    -0.7143    0.2545    0.6519
			    0.2208    -0.8020    0.5551
			    -0.6641    -0.5404    -0.5167
			    0.7143    -0.2545    -0.6519
			    -0.2208    0.8020    -0.5551
		b:
			    -187.0100
			    -85.2407
			    250.2623
			    98.7093
			    -276.7749
			    35.9669
			    287.2131
			    -36.7223
			    146.6162
			    -275.2131
			    49.7223
			    -137.6162
	==================================================================================
	Q2:
		Shape: Hybrid
		q_c:    250.0000    35.0000    201.0000
		ub :    256.0286    41.1558    205.9709
		lb :    243.9714    28.8442    196.0291
		P^-1: 
			    0.1064    0.0263    -0.0444
			    0.0263    0.0617    -0.0189
			    -0.0444    -0.0189    0.1038
		A:
			    -0.8597    -0.0587    0.5074
			    0.9966    0.0805    0.0180
			    -0.2262    -0.6088    0.7604
			    -0.3192    -0.9031    -0.2873
			    -0.4307    -0.3770    0.8200
			    0.9683    0.1115    -0.2234
		b:
			    -113.4545
			    257.7693
			    76.9151
			    -166.3049
			    45.4196
			    202.8934
	==================================================================================
	Q3:
		Shape: Ellipse
		q_c:    230.0000    33.5000    211.0000
		ub :    240.3473    43.1067    220.0900
		lb :    219.6527    23.8933    201.9100
		P^-1: 
			    0.0326    -0.0158    -0.0010
			    -0.0158    0.0337    -0.0051
			    -0.0010    -0.0051    0.0265
	==================================================================================
	Q4:
		Shape: Polyhedra
		q_c:    248.0000    25.5000    215.5000
		ub :    255.8826    33.7345    222.4057
		lb :    240.1174    17.2655    208.5943
		A:
			    -0.2913    -0.6951    0.6573
			    0.9668    -0.2437    -0.0775
			    -0.0091    -0.3230    0.9464
			    0.9041    0.1722    -0.3911
			    0.7589    0.5008    -0.4163
			    0.0444    0.9670    -0.2511
			    0.4568    0.5830    0.6720
			    0.5541    0.4045    -0.7276
			    -0.6960    0.7046    -0.1383
			    -0.4568    -0.5830    -0.6720
			    -0.5541    -0.4045    0.7276
			    0.6960    -0.7046    0.1383
		b:
			    55.0758
			    221.5045
			    197.4890
			    148.0648
			    114.8424
			    -13.8460
			    278.9472
			    -6.0626
			    -179.4240
			    -266.9472
			    12.0626
			    189.4240
	==================================================================================
	Q5:
		Shape: Ellipse
		q_c:    239.0000    34.0000    202.5000
		ub :    244.6377    38.9428    208.7934
		lb :    233.3623    29.0572    196.2066
		P^-1: 
			    0.1451    -0.0580    0.0903
			    -0.0580    0.1320    -0.0190
			    0.0903    -0.0190    0.1170
	==================================================================================
	Q6:
		Shape: Polyhedra
		q_c:    241.5000    34.5000    220.0000
		ub :    248.6944    43.2277    228.3023
		lb :    234.3056    25.7723    211.6977
		A:
			    0.6780    0.7040    0.2112
			    -0.6951    0.4662    -0.5472
			    -0.2230    0.2552    -0.9408
			    -0.6052    -0.4685    -0.6437
			    -0.6640    0.1932    0.7223
			    -0.1450    0.4612    0.8754
			    0.5076    0.6251    0.5930
			    0.8406    -0.5103    -0.1815
			    0.1892    0.5906    -0.7844
			    -0.5076    -0.6251    -0.5930
			    -0.8406    0.5103    0.1815
			    -0.1892    -0.5906    0.7844
		b:
			    239.9643
			    -267.4085
			    -246.5499
			    -298.4445
			    9.8547
			    178.6342
			    280.1076
			    149.4552
			    -101.0174
			    -269.1076
			    -141.4552
			    112.0174


===========================================================================================
===========================================================================================
S3:
	q_c:    54.5000    485.0000    76.0000
	ub :    63.0000    501.0000    91.0000
	lb :    46.0000    469.0000    61.0000

	==================================================================================
	Q1:
		Shape: Polyhedra
		q_c:    51.5000    485.0000    72.5000
		ub :    56.1909    489.5752    77.2829
		lb :    46.8091    480.4248    67.7171
		A:
			    0.1209    -0.8188    0.5612
			    -0.1125    0.9797    0.1662
			    0.3264    0.8544    -0.4044
			    0.4149    -0.3089    0.8558
			    0.3254    -0.3824    -0.8648
			    -0.4491    -0.2402    0.8606
			    0.5767    0.6763    0.4582
			    0.7772    -0.2815    -0.5628
			    -0.2516    0.6807    -0.6880
			    -0.5767    -0.6763    -0.4582
			    -0.7772    0.2815    0.5628
			    0.2516    -0.6807    0.6880
		b:
			    -347.6909
			    484.2248
			    404.5757
			    -63.8262
			    -228.4432
			    -74.4253
			    393.9348
			    -134.2937
			    269.8086
			    -387.9348
			    140.2937
			    -264.8086
	==================================================================================
	Q2:
		Shape: Hybrid
		q_c:    47.5000    486.5000    83.0000
		ub :    53.3612    491.7344    89.3017
		lb :    41.6388    481.2656    76.6983
		P^-1: 
			    0.1203    0.0828    0.0451
			    0.0828    0.1605    0.0461
			    0.0451    0.0461    0.0811
		A:
			    0.1265    0.8884    0.4412
			    -0.6231    -0.7669    0.1533
			    -0.8549    -0.2943    -0.4273
			    0.8381    0.2031    -0.5064
			    0.5985    -0.0076    0.8011
			    -0.0851    -0.4598    0.8839
		b:
			    476.6048
			    -388.2680
			    -217.5574
			    99.6560
			    93.5838
			    -151.2493
	==================================================================================
	Q3:
		Shape: Ellipse
		q_c:    51.0000    484.0000    77.0000
		ub :    55.2071    487.6773    81.0940
		lb :    46.7929    480.3227    72.9060
		P^-1: 
			    0.1848    -0.0478    0.0278
			    -0.0478    0.2107    -0.0015
			    0.0278    -0.0015    0.1256
	==================================================================================
	Q4:
		Shape: Polyhedra
		q_c:    60.5000    487.0000    73.0000
		ub :    63.9491    491.7959    77.4256
		lb :    57.0509    482.2041    68.5744
		A:
			    0.2041    0.2018    0.9579
			    0.8591    0.2507    0.4462
			    0.5110    0.1328    -0.8492
			    0.1968    -0.6317    0.7498
			    0.1517    0.7966    -0.5852
			    -0.3552    0.6136    0.7052
			    0.0253    0.7988    0.6011
			    0.2069    0.5841    -0.7849
			    -0.9780    0.1442    -0.1505
			    -0.0253    -0.7988    -0.6011
			    -0.2069    -0.5841    0.7849
			    0.9780    -0.1442    0.1505
		b:
			    183.8795
			    209.9246
			    36.1560
			    -238.7761
			    356.6302
			    332.6083
			    438.4109
			    241.6778
			    3.0829
			    -430.4109
			    -237.6778
			    2.9171
	==================================================================================
	Q5:
		Shape: Hybrid
		q_c:    56.0000    488.5000    80.5000
		ub :    60.1190    492.7954    84.3891
		lb :    51.8810    484.2046    76.6109
		P^-1: 
			    0.2670    -0.0304    -0.1576
			    -0.0304    0.1146    -0.0241
			    -0.1576    -0.0241    0.3044
		A:
			    0.4018    -0.3347    -0.8524
			    0.9947    0.0900    0.0487
			    -0.9926    -0.1177    0.0309
			    -0.0061    -0.9920    -0.1259
			    0.5800    0.3781    -0.7216
			    -0.6717    0.5874    0.4515
		b:
			    -208.3501
			    105.4273
			    -108.8449
			    -492.6449
			    160.1358
			    287.0072
	==================================================================================
	Q6:
		Shape: Hybrid
		q_c:    52.5000    487.0000    78.5000
		ub :    58.1105    492.9315    82.9941
		lb :    46.8895    481.0685    74.0059
		P^-1: 
			    0.0943    0.0294    0.0016
			    0.0294    0.0567    0.0066
			    0.0016    0.0066    0.0817
		A:
			    0.9231    0.1868    0.3362
			    -0.0554    0.5968    -0.8005
			    -0.5730    -0.1900    0.7972
			    0.4943    0.7762    0.3913
			    0.0807    0.5492    -0.8318
			    -0.4717    -0.8547    0.2165
		b:
			    167.6027
			    227.5770
			    -58.1551
			    436.6417
			    208.8656
			    -421.7701


===========================================================================================
===========================================================================================
S4:
	q_c:    255.5000    32.5000    118.0000
	ub :    279.0000    47.0000    141.0000
	lb :    232.0000    18.0000    95.0000

	==================================================================================
	Q1:
		Shape: Hybrid
		q_c:    271.0000    37.5000    117.0000
		ub :    280.3685    46.3176    126.2722
		lb :    261.6315    28.6824    107.7278
		P^-1: 
			    0.0283    -0.0003    0.0087
			    -0.0003    0.0463    -0.0174
			    0.0087    -0.0174    0.0414
		A:
			    0.9259    -0.1562    0.3440
			    -0.0404    -0.9538    -0.2978
			    -0.2029    0.8985    -0.3893
			    0.1411    -0.3204    0.9367
			    -0.5673    0.7568    0.3248
			    0.3349    -0.9410    0.0483
		b:
			    288.8563
			    -77.8458
			    -64.5019
			    138.4462
			    -82.8301
			    64.4091
	==================================================================================
	Q2:
		Shape: Ellipse
		q_c:    251.0000    38.0000    129.5000
		ub :    257.8254    45.2154    134.0577
		lb :    244.1746    30.7846    124.9423
		P^-1: 
			    0.0345    0.0053    -0.0124
			    0.0053    0.0526    -0.0455
			    -0.0124    -0.0455    0.1390
	==================================================================================
	Q3:
		Shape: Hybrid
		q_c:    268.5000    18.5000    123.0000
		ub :    275.5931    25.5924    131.0055
		lb :    261.4069    11.4076    114.9945
		P^-1: 
			    0.0585    -0.0050    0.0098
			    -0.0050    0.0561    0.0125
			    0.0098    0.0125    0.0382
		A:
			    -0.5704    -0.8212    -0.0119
			    -0.5519    0.7157    0.4280
			    0.9996    -0.0048    -0.0283
			    0.4866    0.8417    -0.2340
			    0.2996    0.8754    0.3794
			    0.4111    0.4275    0.8051
		b:
			    -167.1627
			    -80.1489
			    267.1372
			    120.5718
			    145.3671
			    219.6238
	==================================================================================
	Q4:
		Shape: Ellipse
		q_c:    268.0000    30.5000    126.5000
		ub :    275.7580    37.7552    132.3965
		lb :    260.2420    23.2448    120.6035
		P^-1: 
			    0.0774    0.0443    -0.0755
			    0.0443    0.0772    -0.0753
			    -0.0755    -0.0753    0.1614
	==================================================================================
	Q5:
		Shape: Polyhedra
		q_c:    256.0000    22.5000    121.0000
		ub :    263.5263    30.5368    128.5042
		lb :    248.4737    14.4632    113.4958
		A:
			    0.7697    -0.0291    0.6378
			    -0.9297    -0.2432    -0.2767
			    0.7261    0.2883    -0.6243
			    -0.3642    0.1175    0.9239
			    -0.9970    0.0339    0.0703
			    -0.1766    0.0108    0.9842
			    0.5741    0.0490    0.8173
			    -0.8087    0.1906    0.5565
			    -0.1285    -0.9804    0.1491
			    -0.5741    -0.0490    -0.8173
			    0.8087    -0.1906    -0.5565
			    0.1285    0.9804    -0.1491
		b:
			    278.0936
			    -271.9931
			    122.3167
			    26.0576
			    -241.0544
			    78.9370
			    251.4628
			    -130.3846
			    -29.9273
			    -242.4628
			    140.3846
			    43.9273
	==================================================================================
	Q6:
		Shape: Polyhedra
		q_c:    245.0000    21.5000    124.0000
		ub :    249.1617    27.7566    131.0509
		lb :    240.8383    15.2434    116.9491
		A:
			    0.8660    -0.4855    -0.1200
			    -0.9883    -0.1025    0.1126
			    -0.9593    0.2161    0.1819
			    0.5650    -0.8200    0.0918
			    -0.9241    -0.0170    -0.3817
			    0.7634    0.0561    -0.6435
			    0.1601    0.0298    0.9866
			    -0.9867    -0.0223    0.1608
			    0.0268    -0.9993    0.0259
			    -0.1601    -0.0298    -0.9866
			    0.9867    0.0223    -0.1608
			    -0.0268    0.9993    -0.0259
		b:
			    190.8418
			    -227.3505
			    -204.5625
			    137.5286
			    -269.8452
			    112.6719
			    168.7174
			    -219.2870
			    -5.7152
			    -155.7174
			    225.2870
			    17.7152


===========================================================================================
===========================================================================================
S5:
	q_c:    208.0000    34.5000    247.5000
	ub :    223.0000    60.0000    263.0000
	lb :    193.0000    9.0000    232.0000

	==================================================================================
	Q1:
		Shape: Hybrid
		q_c:    199.0000    29.0000    263.0000
		ub :    206.9423    36.7453    270.8705
		lb :    191.0577    21.2547    255.1295
		P^-1: 
			    0.0471    -0.0062    -0.0024
			    -0.0062    0.0325    -0.0064
			    -0.0024    -0.0064    0.0469
		A:
			    0.4433    -0.8923    0.0851
			    -0.4208    0.1908    0.8868
			    0.9881    -0.1330    0.0774
			    -0.9220    -0.1928    -0.3358
			    -0.9945    -0.0280    0.1010
			    -0.9666    -0.2541    -0.0345
		b:
			    87.5816
			    157.4637
			    215.4807
			    -274.5765
			    -169.7358
			    -206.0373
	==================================================================================
	Q2:
		Shape: Polyhedra
		q_c:    201.0000    45.0000    247.5000
		ub :    206.4627    51.6866    254.9944
		lb :    195.5373    38.3134    240.0056
		A:
			    0.2134    0.2730    -0.9380
			    0.5006    0.1304    -0.8558
			    0.9721    -0.2345    -0.0052
			    0.7510    -0.6353    -0.1800
			    0.7593    0.1068    -0.6420
			    0.5064    -0.7905    -0.3444
			    0.3845    0.5746    0.7224
			    -0.1166    0.8066    -0.5795
			    -0.9157    0.1386    0.3772
			    -0.3845    -0.5746    -0.7224
			    0.1166    -0.8066    0.5795
			    0.9157    -0.1386    -0.3772
		b:
			    -172.9821
			    -101.6635
			    186.8328
			    81.1318
			    1.6545
			    -14.9372
			    287.9549
			    -127.0734
			    -81.4646
			    -275.9549
			    134.0734
			    87.4646
	==================================================================================
	Q3:
		Shape: Ellipse
		q_c:    208.5000    45.5000    258.0000
		ub :    216.9852    55.8740    268.4262
		lb :    200.0148    35.1260    247.5738
		P^-1: 
			    0.0411    0.0009    0.0123
			    0.0009    0.0173    0.0043
			    0.0123    0.0043    0.0302
	==================================================================================
	Q4:
		Shape: Polyhedra
		q_c:    204.0000    38.5000    244.5000
		ub :    211.5256    47.2772    253.6435
		lb :    196.4744    29.7228    235.3565
		A:
			    -0.8245    0.4302    0.3675
			    0.9216    -0.1458    -0.3597
			    -0.6600    0.1213    -0.7414
			    -0.8951    0.2364    -0.3780
			    -0.5456    0.8261    -0.1406
			    -0.8612    0.3360    0.3813
			    0.1830    0.4530    0.8725
			    -0.7060    0.6782    -0.2040
			    -0.6841    -0.5787    0.4439
			    -0.1830    -0.4530    -0.8725
			    0.7060    -0.6782    0.2040
			    0.6841    0.5787    -0.4439
		b:
			    -57.0568
			    99.1395
			    -305.5148
			    -261.2582
			    -109.7473
			    -64.8043
			    275.0986
			    -163.8105
			    -48.3039
			    -261.0986
			    171.8105
			    58.3039
	==================================================================================
	Q5:
		Shape: Polyhedra
		q_c:    213.0000    34.0000    247.5000
		ub :    217.7571    40.2236    253.1166
		lb :    208.2429    27.7764    241.8834
		A:
			    0.2815    0.6459    0.7096
			    -0.3166    -0.4796    -0.8184
			    -0.8344    0.2598    -0.4860
			    0.8977    -0.3899    -0.2052
			    0.8170    -0.5627    0.1256
			    -0.1172    0.1185    -0.9860
			    0.2104    0.1660    0.9634
			    -0.0009    0.9855    -0.1696
			    -0.9776    0.0348    0.2075
			    -0.2104    -0.1660    -0.9634
			    0.0009    -0.9855    0.1696
			    0.9776    -0.0348    -0.2075
		b:
			    261.9972
			    -282.0985
			    -284.9882
			    131.3930
			    190.5415
			    -260.8241
			    292.8998
			    -3.1775
			    -151.7012
			    -284.8998
			    14.1775
			    159.7012
	==================================================================================
	Q6:
		Shape: Polyhedra
		q_c:    213.0000    34.5000    258.5000
		ub :    221.7290    43.4095    266.5379
		lb :    204.2710    25.5905    250.4621
		A:
			    -0.0137    -0.0160    -0.9998
			    0.2405    -0.7753    0.5840
			    0.8252    0.1927    -0.5310
			    -0.2130    -0.7673    -0.6048
			    0.1015    0.1295    -0.9864
			    -0.1288    0.1609    -0.9785
			    0.5994    0.5148    0.6129
			    0.6720    0.0923    -0.7348
			    -0.4348    0.8523    -0.2906
			    -0.5994    -0.5148    -0.6129
			    -0.6720    -0.0923    0.7348
			    0.4348    -0.8523    0.2906
		b:
			    -257.1977
			    182.1374
			    49.2213
			    -222.8956
			    -224.1821
			    -269.6637
			    308.8793
			    -39.6126
			    -131.3358
			    -298.8793
			    47.6126
			    145.3358


===========================================================================================
===========================================================================================
S6:
	q_c:    232.0000    428.0000    425.0000
	ub :    255.0000    448.0000    432.0000
	lb :    209.0000    408.0000    418.0000

	==================================================================================
	Q1:
		Shape: Hybrid
		q_c:    227.5000    421.5000    431.0000
		ub :    230.6785    424.6586    434.4935
		lb :    224.3215    418.3414    427.5065
		P^-1: 
			    0.3016    0.0930    0.0379
			    0.0930    0.2845    0.1038
			    0.0379    0.1038    0.2684
		A:
			    -0.0919    -0.2610    0.9610
			    0.9372    0.3470    -0.0345
			    -0.0046    0.8753    -0.4835
			    -0.7668    -0.6176    0.1748
			    -0.8020    0.2735    -0.5310
			    -0.9520    0.3049    0.0272
		b:
			    284.7468
			    345.6250
			    161.1607
			    -358.4137
			    -294.5839
			    -75.0115
	==================================================================================
	Q2:
		Shape: Ellipse
		q_c:    231.5000    426.5000    425.0000
		ub :    234.9476    429.8923    427.6151
		lb :    228.0524    423.1077    422.3849
		P^-1: 
			    0.1130    0.0116    -0.0035
			    0.0116    0.2133    -0.1127
			    -0.0035    -0.1127    0.3892
	==================================================================================
	Q3:
		Shape: Hybrid
		q_c:    232.5000    424.0000    428.5000
		ub :    236.1433    427.6854    432.4570
		lb :    228.8567    420.3146    424.5430
		P^-1: 
			    0.2215    -0.0085    -0.0410
			    -0.0085    0.1612    0.0057
			    -0.0410    0.0057    0.1873
		A:
			    0.8092    0.5130    -0.2865
			    0.3653    -0.5619    -0.7421
			    0.5858    -0.3963    -0.7070
			    -0.4543    -0.0868    0.8866
			    -0.4141    -0.7305    0.5430
			    0.5370    -0.7870    -0.3037
		b:
			    284.0809
			    -470.1034
			    -333.6671
			    238.6273
			    -171.9727
			    -337.6937
	==================================================================================
	Q4:
		Shape: Polyhedra
		q_c:    236.0000    422.0000    423.5000
		ub :    239.1154    424.5084    426.7015
		lb :    232.8846    419.4916    420.2985
		A:
			    0.7780    0.3445    -0.5254
			    0.8817    -0.2438    0.4040
			    -0.7444    0.1148    -0.6578
			    -0.7716    0.2655    0.5781
			    0.8378    -0.3495    0.4193
			    -0.4975    -0.7109    0.4971
			    0.4625    0.6273    0.6266
			    0.7824    0.0437    -0.6213
			    -0.4171    0.7776    -0.4705
			    -0.4625    -0.6273    -0.6266
			    -0.7824    -0.0437    0.6213
			    0.4171    -0.7776    0.4705
		b:
			    108.4768
			    278.0154
			    -404.0344
			    176.7453
			    229.4934
			    -205.0691
			    641.2224
			    -58.0125
			    31.9208
			    -637.2224
			    62.0125
			    -28.9208
	==================================================================================
	Q5:
		Shape: Hybrid
		q_c:    232.5000    431.0000    427.5000
		ub :    235.5848    434.5128    430.2240
		lb :    229.4152    427.4872    424.7760
		P^-1: 
			    0.2303    -0.0254    -0.0342
			    -0.0254    0.2380    -0.1078
			    -0.0342    -0.1078    0.3861
		A:
			    -0.3289    0.2801    0.9019
			    0.8008    -0.5405    0.2581
			    -0.9547    0.1580    -0.2520
			    0.3274    -0.8841    0.3335
			    0.7920    -0.0628    0.6073
			    0.2603    -0.2637    0.9288
		b:
			    430.9368
			    64.7219
			    -260.2533
			    -161.2108
			    418.0499
			    344.8694
	==================================================================================
	Q6:
		Shape: Ellipse
		q_c:    226.5000    425.0000    424.5000
		ub :    229.9350    428.5657    427.0333
		lb :    223.0650    421.4343    421.9667
		P^-1: 
			    0.1603    -0.0008    0.0054
			    -0.0008    0.1619    -0.0130
			    0.0054    -0.0130    0.2478


===========================================================================================
===========================================================================================
S7:
	q_c:    223.0000    216.5000    112.5000
	ub :    239.0000    232.0000    132.0000
	lb :    207.0000    201.0000    93.0000

	==================================================================================
	Q1:
		Shape: Ellipse
		q_c:    233.5000    215.5000    123.0000
		ub :    241.1957    223.3588    129.1594
		lb :    225.8043    207.6412    116.8406
		P^-1: 
			    0.0285    0.0018    0.0001
			    0.0018    0.0323    -0.0000
			    0.0001    -0.0000    0.0331
	==================================================================================
	Q2:
		Shape: Hybrid
		q_c:    219.5000    212.0000    115.0000
		ub :    225.6920    218.5183    119.8389
		lb :    213.3080    205.4817    110.1611
		P^-1: 
			    0.0512    -0.0070    0.0121
			    -0.0070    0.0763    -0.0470
			    0.0121    -0.0470    0.1313
		A:
			    0.0632    0.3222    -0.9446
			    -0.0049    0.8835    -0.4684
			    0.7813    -0.5765    0.2390
			    -0.4265    -0.5171    0.7421
			    0.6176    0.0871    -0.7817
			    0.3004    -0.4295    0.8517
		b:
			    -24.9999
			    134.3393
			    79.4329
			    -115.9445
			    66.7066
			    74.1637
	==================================================================================
	Q3:
		Shape: Ellipse
		q_c:    211.5000    220.0000    104.0000
		ub :    220.5552    230.4496    113.8503
		lb :    202.4448    209.5504    94.1497
		P^-1: 
			    0.0322    -0.0031    -0.0017
			    -0.0031    0.0221    -0.0061
			    -0.0017    -0.0061    0.0296
	==================================================================================
	Q4:
		Shape: Ellipse
		q_c:    223.5000    227.0000    126.0000
		ub :    231.1236    234.6097    128.5788
		lb :    215.8764    219.3903    123.4212
		P^-1: 
			    0.0373    0.0049    0.0413
			    0.0049    0.0388    0.0481
			    0.0413    0.0481    0.4344
	==================================================================================
	Q5:
		Shape: Hybrid
		q_c:    222.5000    214.0000    115.0000
		ub :    230.2818    222.5404    122.4434
		lb :    214.7182    205.4596    107.5566
		P^-1: 
			    0.0542    -0.0034    -0.0187
			    -0.0034    0.0362    -0.0168
			    -0.0187    -0.0168    0.0642
		A:
			    0.2098    -0.3905    0.8964
			    0.8777    0.3865    -0.2833
			    -0.1567    -0.6102    0.7766
			    0.9328    -0.1596    0.3232
			    -0.8561    0.5153    -0.0383
			    0.7531    -0.4454    -0.4842
		b:
			    68.5858
			    248.2391
			    -74.0701
			    213.6647
			    -81.9251
			    19.1320
	==================================================================================
	Q6:
		Shape: Hybrid
		q_c:    218.5000    215.5000    121.5000
		ub :    230.7941    226.4802    132.1334
		lb :    206.2059    204.5198    110.8666
		P^-1: 
			    0.0209    -0.0061    0.0009
			    -0.0061    0.0199    -0.0031
			    0.0009    -0.0031    0.0212
		A:
			    -0.2661    0.8520    0.4508
			    -0.7922    -0.3694    0.4858
			    -0.8570    0.2830    -0.4307
			    -0.4728    -0.1035    -0.8751
			    -0.3228    -0.0555    -0.9449
			    -0.1309    -0.5776    0.8058
		b:
			    184.5198
			    -189.0077
			    -175.0903
			    -227.6976
			    -193.1960
			    -51.3694


===========================================================================================
===========================================================================================
S8:
	q_c:    100.5000    97.0000    124.0000
	ub :    111.0000    120.0000    141.0000
	lb :    90.0000    74.0000    107.0000

	==================================================================================
	Q1:
		Shape: Hybrid
		q_c:    94.5000    90.5000    123.0000
		ub :    100.9571    97.6645    128.2727
		lb :    88.0429    83.3355    117.7273
		P^-1: 
			    0.0533    0.0110    0.0019
			    0.0110    0.0519    -0.0089
			    0.0019    -0.0089    0.0789
		A:
			    -0.7915    -0.0417    0.6097
			    0.2409    0.9512    -0.1928
			    -0.7410    -0.5950    0.3113
			    -0.4976    0.6946    0.5195
			    0.4228    0.7920    0.4404
			    0.0777    0.6829    -0.7264
		b:
			    -1.1256
			    87.5648
			    -83.4421
			    82.8453
			    168.2231
			    -18.2366
	==================================================================================
	Q2:
		Shape: Hybrid
		q_c:    97.0000    99.5000    114.5000
		ub :    100.7852    102.3437    119.3106
		lb :    93.2148    96.6563    109.6894
		P^-1: 
			    0.3533    0.0402    -0.1590
			    0.0402    0.1679    -0.0246
			    -0.1590    -0.0246    0.1326
		A:
			    0.5632    0.4676    -0.6813
			    -0.3430    -0.8552    0.3887
			    -0.8888    0.4506    -0.0842
			    0.9430    -0.2561    -0.2123
			    0.4383    0.6303    0.6408
			    -0.8335    0.5514    -0.0356
		b:
			    24.5624
			    -72.3455
			    -49.0143
			    42.9246
			    181.6972
			    -28.1768
	==================================================================================
	Q3:
		Shape: Polyhedra
		q_c:    92.0000    104.0000    122.5000
		ub :    96.5427    109.7412    128.1093
		lb :    87.4573    98.2588    116.8907
		A:
			    0.4852    0.2362    0.8419
			    0.2223    0.9691    0.1068
			    -0.3409    0.3780    0.8608
			    0.1279    0.9519    0.2784
			    0.0684    0.8102    0.5822
			    0.6284    0.1212    0.7684
			    0.5874    0.6016    0.5413
			    0.0625    0.6331    -0.7716
			    -0.8068    0.4871    0.3343
			    -0.5874    -0.6016    -0.5413
			    -0.0625    -0.6331    0.7716
			    0.8068    -0.4871    -0.3343
		b:
			    175.2316
			    137.4567
			    116.7941
			    147.8761
			    164.6982
			    167.4928
			    185.4176
			    -18.9234
			    20.8754
			    -180.4176
			    26.9234
			    -13.8754
	==================================================================================
	Q4:
		Shape: Hybrid
		q_c:    97.5000    92.0000    122.5000
		ub :    102.9933    96.0282    128.0167
		lb :    92.0067    87.9718    116.9833
		P^-1: 
			    0.1033    -0.0530    -0.0516
			    -0.0530    0.1629    0.0654
			    -0.0516    0.0654    0.1279
		A:
			    0.3713    -0.7749    0.5116
			    -0.9393    0.0585    0.3381
			    -0.1286    -0.4928    0.8606
			    0.3006    -0.7492    -0.5903
			    0.2428    -0.6778    -0.6940
			    0.0756    -0.9944    0.0740
		b:
			    30.0612
			    -42.6453
			    50.0776
			    -110.8501
			    -122.5237
			    -73.1494
	==================================================================================
	Q5:
		Shape: Polyhedra
		q_c:    107.5000    103.5000    132.0000
		ub :    112.5050    106.4024    136.3278
		lb :    102.4950    100.5976    127.6722
		A:
			    -0.2215    0.1421    -0.9647
			    -0.3595    -0.8497    -0.3858
			    0.4141    0.1261    0.9014
			    0.2863    -0.4111    0.8655
			    0.3429    -0.6780    0.6502
			    -0.6775    0.4784    0.5586
			    0.9168    0.2594    0.3037
			    0.1965    -0.9550    0.2223
			    0.3477    -0.1441    -0.9265
			    -0.9168    -0.2594    -0.3037
			    -0.1965    0.9550    -0.2223
			    -0.3477    0.1441    0.9265
		b:
			    -133.3782
			    -174.4743
			    180.0403
			    105.2059
			    54.6997
			    53.3047
			    169.4913
			    -46.8637
			    -96.8302
			    -161.4913
			    49.8637
			    102.8302
	==================================================================================
	Q6:
		Shape: Polyhedra
		q_c:    105.5000    94.0000    125.0000
		ub :    110.2340    100.9321    131.3685
		lb :    100.7660    87.0679    118.6315
		A:
			    0.7014    0.2326    -0.6737
			    0.2824    -0.4757    0.8330
			    0.2324    -0.7634    0.6027
			    0.3780    -0.8779    0.2941
			    0.4868    0.5685    -0.6632
			    -0.2197    0.6696    -0.7095
			    0.0736    0.7402    0.6684
			    0.1091    0.6602    -0.7431
			    -0.9913    0.1276    -0.0322
			    -0.0736    -0.7402    -0.6684
			    -0.1091    -0.6602    0.7431
			    0.9913    -0.1276    0.0322
		b:
			    15.3002
			    92.5646
			    31.3133
			    -1.9277
			    25.0759
			    -45.7924
			    166.8855
			    -16.3161
			    -92.6126
			    -154.8855
			    22.3161
			    100.6126


===========================================================================================
===========================================================================================
S9:
	q_c:    233.0000    75.5000    364.5000
	ub :    239.0000    90.0000    386.0000
	lb :    227.0000    61.0000    343.0000

	==================================================================================
	Q1:
		Shape: Polyhedra
		q_c:    238.5000    76.0000    366.0000
		ub :    242.1904    80.6264    370.1584
		lb :    234.8096    71.3736    361.8416
		A:
			    -0.1602    0.4845    0.8600
			    0.8691    0.1785    0.4614
			    0.9215    -0.3506    0.1673
			    -0.1715    -0.5061    -0.8453
			    -0.7302    0.2353    -0.6415
			    0.3751    -0.8356    -0.4014
			    0.6195    0.2362    0.7487
			    -0.6837    0.6309    0.3667
			    -0.3857    -0.7391    0.5523
			    -0.6195    -0.2362    -0.7487
			    0.6837    -0.6309    -0.3667
			    0.3857    0.7391    -0.5523
		b:
			    315.0643
			    391.4474
			    255.8471
			    -387.2196
			    -389.2158
			    -119.1009
			    441.1993
			    20.5997
			    58.4810
			    -438.1993
			    -17.5997
			    -49.4810
	==================================================================================
	Q2:
		Shape: Hybrid
		q_c:    231.0000    71.5000    363.5000
		ub :    236.8402    77.4527    368.7956
		lb :    225.1598    65.5473    358.2044
		P^-1: 
			    0.0794    -0.0542    -0.0610
			    -0.0542    0.1212    0.0729
			    -0.0610    0.0729    0.1519
		A:
			    -0.8511    0.5241    -0.0298
			    -0.6460    0.0978    0.7570
			    -0.1745    0.5576    -0.8116
			    0.2482    -0.9094    -0.3338
			    -0.1066    0.3039    -0.9467
			    0.2837    -0.8888    -0.3599
		b:
			    -167.2679
			    134.8255
			    -292.4525
			    -127.2967
			    -344.2874
			    -127.2045
	==================================================================================
	Q3:
		Shape: Hybrid
		q_c:    239.5000    72.0000    371.0000
		ub :    243.8823    77.8088    376.6844
		lb :    235.1177    66.1912    365.3156
		P^-1: 
			    0.3321    0.0037    -0.1782
			    0.0037    0.0494    -0.0023
			    -0.1782    -0.0023    0.1617
		A:
			    -0.8951    -0.3982    0.2004
			    -0.5973    -0.3609    0.7162
			    -0.5605    0.0249    0.8278
			    0.8982    0.4302    -0.0906
			    -0.8603    0.2109    0.4640
			    -0.7120    0.6860    0.1499
		b:
			    -166.8603
			    98.3756
			    176.1609
			    214.6112
			    -17.6633
			    -62.8186
	==================================================================================
	Q4:
		Shape: Polyhedra
		q_c:    230.0000    71.5000    359.0000
		ub :    232.5998    74.2332    361.6357
		lb :    227.4002    68.7668    356.3643
		A:
			    0.9679    0.0897    -0.2346
			    0.5027    -0.8102    -0.3014
			    -0.9857    0.1548    -0.0660
			    -0.7741    0.5297    0.3467
			    0.5159    -0.6337    -0.5764
			    -0.4950    0.2909    0.8188
			    0.3512    0.0278    0.9359
			    -0.8341    0.4633    0.2993
			    -0.4253    -0.8858    0.1859
			    -0.3512    -0.0278    -0.9359
			    0.8341    -0.4633    -0.2993
			    0.4253    0.8858    -0.1859
		b:
			    146.4126
			    -49.0837
			    -237.9932
			    -14.6882
			    -132.2917
			    202.3632
			    420.7460
			    -50.2804
			    -91.9210
			    -416.7460
			    52.2804
			    96.9210
	==================================================================================
	Q5:
		Shape: Hybrid
		q_c:    237.5000    81.0000    370.5000
		ub :    242.2724    85.0942    373.4089
		lb :    232.7276    76.9058    367.5911
		P^-1: 
			    0.0898    0.0741    -0.0447
			    0.0741    0.2648    -0.1347
			    -0.0447    -0.1347    0.3124
		A:
			    0.5757    0.7731    -0.2662
			    -0.2643    -0.4971    0.8265
			    0.7253    0.6580    0.2023
			    -0.7649    -0.1762    -0.6195
			    0.9297    0.3332    -0.1572
			    -0.4678    -0.4121    0.7819
		b:
			    102.0586
			    203.9923
			    302.4689
			    -423.0655
			    192.0395
			    146.3538
	==================================================================================
	Q6:
		Shape: Ellipse
		q_c:    231.5000    79.0000    360.0000
		ub :    238.7471    85.3605    366.3742
		lb :    224.2529    72.6395    353.6258
		P^-1: 
			    0.0586    -0.0146    -0.0001
			    -0.0146    0.0724    0.0001
			    -0.0001    0.0001    0.0494


===========================================================================================
===========================================================================================
S10:
	q_c:    520.5000    366.0000    411.0000
	ub :    526.0000    378.0000    434.0000
	lb :    515.0000    354.0000    388.0000

	==================================================================================
	Q1:
		Shape: Hybrid
		q_c:    516.0000    365.5000    410.5000
		ub :    519.8238    368.9180    414.6585
		lb :    512.1762    362.0820    406.3415
		P^-1: 
			    0.1600    0.0000    0.0000
			    0.0000    0.1600    0.0000
			    0.0000    0.0000    0.1600
		A:
			    0.3450    -0.3893    0.8541
			    0.6744    -0.5746    0.4637
			    0.9823    0.1643    -0.0899
			    -0.8457    0.5255    -0.0926
			    -0.5514    -0.7609    -0.3421
			    -0.6662    -0.7267    0.1677
		b:
			    387.5612
			    329.5952
			    531.2648
			    -281.0631
			    -701.7933
			    -539.2747
	==================================================================================
	Q2:
		Shape: Polyhedra
		q_c:    525.0000    365.5000    412.0000
		ub :    528.1162    368.9769    415.0809
		lb :    521.8838    362.0231    408.9191
		A:
			    0.4756    0.2667    -0.8382
			    0.6942    -0.0195    0.7195
			    -0.5243    0.8469    -0.0892
			    0.2286    -0.9692    0.0910
			    -0.5567    -0.6943    -0.4562
			    0.3452    0.3640    -0.8651
			    0.0024    0.5810    0.8139
			    -0.6128    0.6440    -0.4579
			    -0.7902    -0.4977    0.3577
			    -0.0024    -0.5810    -0.8139
			    0.6128    -0.6440    0.4579
			    0.7902    0.4977    -0.3577
		b:
			    3.7390
			    655.9505
			    -0.1053
			    -194.4912
			    -732.2295
			    -40.1436
			    550.4637
			    -272.5291
			    -447.3964
			    -547.4637
			    277.5291
			    451.3964
	==================================================================================
	Q3:
		Shape: Ellipse
		q_c:    521.5000    367.0000    405.0000
		ub :    526.1769    371.3162    408.7207
		lb :    516.8231    362.6838    401.2793
		P^-1: 
			    0.1111    -0.0000    0.0000
			    -0.0000    0.1111    -0.0000
			    0.0000    -0.0000    0.1111
