3D_50_9_6_a                l = 3

===========================================================================================
===========================================================================================
S1:
	q_c:	74.0	321.0	216.5
	ub :	86.9022	325.0318	232.253
	lb :	60.4423	306.7215	207.8216

	==================================================================================
	Q1:
		Shape: Hybrid
		q_c:	67.0	318.5	214.0
		ub :	73.5577	324.4685	220.1784
		lb :	60.4423	312.5315	207.8216
		P^-1:
			0.0673	0.0087	-0.0068
			0.0087	0.0548	-0.0082
			-0.0068	-0.0082	0.0714
		A:
			-0.0962	-0.9911	0.0925
			0.3199	0.9349	0.1535
			0.4427	-0.769	0.4612
			0.0515	-0.5604	0.8266
			0.4219	0.6327	0.6494
			0.0482	0.7664	-0.6406
		b:
			-299.8183
			354.5266
			-114.0954
			3.8743
			371.1707
			112.3291
	==================================================================================
	Q2:
		Shape: Polyhedra
		q_c:	77.0	320.0	222.0
		ub :	82.3945	325.0318	227.6886
		lb :	71.6055	314.9682	216.3114
		A:
			-0.7889	-0.5065	0.3479
			-0.0707	-0.3336	-0.9401
			-0.3401	-0.9187	0.2009
			0.4539	0.7955	-0.4015
			0.613	-0.3209	-0.7219
			-0.1373	-0.8848	-0.4452
			0.3242	0.8006	0.5039
			0.9226	-0.1499	-0.3554
			-0.209	0.5801	-0.7873
			-0.3242	-0.8006	-0.5039
			-0.9226	0.1499	0.3554
			0.209	-0.5801	0.7873
		b:
			-141.8748
			-317.6121
			-272.2983
			203.8114
			-211.9477
			-389.5167
			396.0264
			-51.8195
			-1.734
			-390.0264
			59.8195
			8.734
	==================================================================================
	Q3:
		Shape: Ellipse
		q_c:	70.5	315.5	214.5
		ub :	75.8465	320.4376	217.5826
		lb :	65.1535	310.5624	211.4174
		P^-1:
			0.1084	-0.0033	0.1191
			-0.0033	0.0784	0.0133
			0.1191	0.0133	0.4018
	==================================================================================
	Q4:
		Shape: Polyhedra
		q_c:	68.0	320.5	223.0
		ub :	70.6593	324.5019	227.8042
		lb :	65.3407	316.4981	218.1958
		A:
			-0.6417	-0.2045	-0.7392
			-0.3547	-0.8714	0.3389
			-0.6158	0.6165	0.4906
			0.9748	0.2071	0.0829
			0.8786	-0.0737	-0.4718
			-0.6566	0.7541	-0.0156
			0.2002	0.3467	0.9163
			-0.966	0.2262	0.1255
			-0.1637	-0.9103	0.3802
			-0.2002	-0.3467	-0.9163
			0.966	-0.2262	-0.1255
			0.1637	0.9103	-0.3802
		b:
			-270.4314
			-225.3589
			267.685
			153.2069
			-67.1887
			195.5011
			333.0855
			36.2912
			-215.5952
			-325.0855
			-33.2912
			220.5952
	==================================================================================
	Q5:
		Shape: Hybrid
		q_c:	76.0	315.0	223.0
		ub :	80.9667	320.4861	228.2295
		lb :	71.0333	309.5139	217.7705
		P^-1:
			0.1735	0.0124	-0.0822
			0.0124	0.0769	0.0303
			-0.0822	0.0303	0.1601
		A:
			-0.9174	-0.2243	0.3288
			-0.2506	0.9391	0.235
			-0.3073	-0.8386	0.4498
			0.4994	0.8539	-0.1466
			0.6869	0.6319	-0.3589
			0.8493	0.3794	-0.367
		b:
			-65.7937
			331.8763
			-184.4579
			276.5528
			173.0625
			103.583
	==================================================================================
	Q6:
		Shape: Hybrid
		q_c:	81.0	312.5	226.5
		ub :	86.9022	318.2785	232.253
		lb :	75.0978	306.7215	220.747
		P^-1:
			0.1119	-0.015	-0.0465
			-0.015	0.0894	-0.0332
			-0.0465	-0.0332	0.1098
		A:
			-0.2292	-0.4349	0.8708
			0.9974	0.0677	-0.0235
			0.5351	-0.6305	0.5622
			0.1584	0.3751	-0.9134
			0.338	0.8582	-0.3864
			-0.2463	-0.3263	0.9126
		b:
			44.2164
			98.9007
			-24.4382
			-75.2284
			210.0584
			86.3164


===========================================================================================
===========================================================================================
S2:
	q_c:	460.5	50.5	394.5
	ub :	482.5467	58.8681	414.8352
	lb :	443.7628	33.4923	379.1277

	==================================================================================
	Q1:
		Shape: Ellipse
		q_c:	452.5	52.0	388.0
		ub :	461.2372	58.8681	396.8723
		lb :	443.7628	45.1319	379.1277
		P^-1:
			0.0352	-0.002	-0.0142
			-0.002	0.0326	-0.0015
			-0.0142	-0.0015	0.0351
	==================================================================================
	Q2:
		Shape: Hybrid
		q_c:	457.5	42.5	389.5
		ub :	463.9854	48.1388	394.9654
		lb :	451.0146	36.8612	384.0346
		P^-1:
			0.1037	0.0397	-0.082
			0.0397	0.0979	-0.0643
			-0.082	-0.0643	0.1509
		A:
			0.9135	-0.3843	0.1336
			-0.2818	0.0457	0.9584
			-0.5995	-0.6053	0.5236
			-0.0264	0.2205	0.975
			0.2889	0.5379	-0.792
			0.4904	-0.1857	-0.8515
		b:
			456.9741
			248.4385
			-94.7668
			380.0232
			-152.1607
			-113.1892
	==================================================================================
	Q3:
		Shape: Hybrid
		q_c:	473.0	50.5	397.0
		ub :	482.5467	56.3682	406.7444
		lb :	463.4533	44.6318	387.2556
		P^-1:
			0.0732	-0.1299	-0.0597
			-0.1299	0.3269	0.1385
			-0.0597	0.1385	0.0825
		A:
			-0.5387	0.7752	0.33
			-0.2274	0.8056	0.5471
			0.3986	-0.9039	-0.1554
			0.4623	-0.8568	-0.2283
			0.1447	0.9494	0.2789
			0.8388	-0.0819	-0.5383
		b:
			-83.2769
			151.7273
			82.7031
			86.0028
			230.2485
			184.0388
	==================================================================================
	Q4:
		Shape: Polyhedra
		q_c:	454.5	47.0	393.5
		ub :	460.1899	52.9996	399.5815
		lb :	448.8101	41.0004	387.4185
		A:
			0.7076	0.6434	-0.2922
			0.7521	0.5574	0.3517
			0.8638	-0.4436	0.2387
			-0.614	-0.5786	-0.5369
			-0.5107	-0.2496	0.8227
			0.6157	0.2282	0.7542
			0.5549	0.4871	0.6744
			-0.2574	0.8714	-0.4176
			-0.7911	0.0582	0.609
			-0.5549	-0.4871	-0.6744
			0.2574	-0.8714	0.4176
			0.7911	-0.0582	-0.609
		b:
			240.936
			508.849
			470.2669
			-515.3657
			84.2089
			589.796
			542.4738
			-234.8708
			-113.1812
			-538.4738
			245.8708
			121.1812
	==================================================================================
	Q5:
		Shape: Hybrid
		q_c:	452.0	46.5	393.5
		ub :	458.162	54.405	400.7299
		lb :	445.838	38.595	386.2701
		P^-1:
			0.0888	-0.0034	-0.0272
			-0.0034	0.0331	-0.0179
			-0.0272	-0.0179	0.0754
		A:
			0.5579	-0.2918	-0.7769
			-0.606	0.4314	0.6683
			-0.8616	0.315	0.398
			0.9825	-0.186	0.008
			0.9639	-0.0288	0.2649
			0.3671	-0.0784	0.9269
		b:
			-64.6285
			11.9119
			-216.1503
			440.632
			541.0737
			529.9166
	==================================================================================
	Q6:
		Shape: Polyhedra
		q_c:	467.5	39.5	408.0
		ub :	473.983	45.5077	414.8352
		lb :	461.017	33.4923	401.1648
		A:
			0.0883	-0.5722	-0.8154
			-0.7789	-0.5319	-0.3322
			0.8285	0.5316	-0.1762
			-0.1557	0.3466	-0.925
			-0.3383	0.8654	-0.3697
			0.9209	-0.34	-0.1908
			0.7798	0.0739	0.6216
			-0.0824	-0.9723	0.219
			0.6205	-0.222	-0.7521
			-0.7798	-0.0739	-0.6216
			0.0824	0.9723	-0.219
			-0.6205	0.222	0.7521
		b:
			-309.8818
			-515.7054
			341.0421
			-431.8713
			-269.8402
			343.3411
			626.108
			17.4159
			-22.0185
			-616.108
			-7.4159
			29.0185


===========================================================================================
===========================================================================================
S3:
	q_c:	342.0	219.5	491.5
	ub :	347.2976	229.0883	502.5347
	lb :	330.6521	209.7981	482.9295

	==================================================================================
	Q1:
		Shape: Hybrid
		q_c:	341.0	226.5	491.0
		ub :	345.3401	229.0883	495.6446
		lb :	336.6599	223.9117	486.3554
		P^-1:
			0.4242	-0.3327	-0.2753
			-0.3327	0.5263	0.2507
			-0.2753	0.2507	0.2721
		A:
			0.1743	-0.7766	-0.6054
			-0.7226	0.2073	0.6594
			-0.3535	0.8797	0.3181
			0.3969	-0.7463	-0.5344
			-0.7502	0.6348	0.185
			-0.4655	-0.8818	0.0755
		b:
			-412.3362
			125.3586
			235.6788
			-295.2995
			-20.1684
			-319.3549
	==================================================================================
	Q2:
		Shape: Ellipse
		q_c:	337.5	223.0	496.0
		ub :	341.2568	226.2852	499.4431
		lb :	333.7432	219.7148	492.5569
		P^-1:
			0.2534	-0.1	0.0886
			-0.1	0.267	-0.0948
			0.0886	-0.0948	0.2441
	==================================================================================
	Q3:
		Shape: Ellipse
		q_c:	343.5	221.0	498.0
		ub :	347.2976	225.1039	502.5347
		lb :	339.7024	216.8961	493.4653
		P^-1:
			0.2772	0.1472	0.028
			0.1472	0.2768	0.0836
			0.028	0.0836	0.1321
	==================================================================================
	Q4:
		Shape: Polyhedra
		q_c:	339.0	215.0	494.5
		ub :	344.3096	220.2019	499.6214
		lb :	333.6904	209.7981	489.3786
		A:
			-0.9713	0.2316	0.054
			0.9849	-0.1319	-0.1119
			-0.4828	0.7893	-0.3794
			0.9957	-0.0126	-0.0922
			-0.2417	0.6667	-0.705
			-0.1591	-0.9868	0.0313
			0.5123	0.6722	0.5346
			0.689	-0.6932	0.2113
			0.5126	0.2601	-0.8183
			-0.5123	-0.6722	-0.5346
			-0.689	0.6932	-0.2113
			-0.5126	-0.2601	0.8183
		b:
			-249.9853
			253.0849
			-178.9939
			292.2451
			-284.5151
			-247.1827
			586.5183
			191.5582
			-171.9446
			-578.5183
			-186.5582
			177.9446
	==================================================================================
	Q5:
		Shape: Ellipse
		q_c:	340.0	219.0	487.0
		ub :	344.1222	222.1646	491.0705
		lb :	335.8778	215.8354	482.9295
		P^-1:
			0.185	0.0821	-0.0736
			0.0821	0.3394	-0.1123
			-0.0736	-0.1123	0.1912
	==================================================================================
	Q6:
		Shape: Ellipse
		q_c:	336.0	215.5	492.5
		ub :	341.3479	220.0902	496.7101
		lb :	330.6521	210.9098	488.2899
		P^-1:
			0.118	0.126	-0.1818
			0.126	0.3488	-0.413
			-0.1818	-0.413	0.6582


===========================================================================================
===========================================================================================
S4:
	q_c:	515.5	23.0	290.0
	ub :	530.2173	40.3779	309.9205
	lb :	497.3187	22.2732	280.7349

	==================================================================================
	Q1:
		Shape: Hybrid
		q_c:	510.5	34.5	288.0
		ub :	515.3382	40.3779	295.2651
		lb :	505.6618	28.6221	280.7349
		P^-1:
			0.254	-0.1878	-0.0405
			-0.1878	0.2353	0.0567
			-0.0405	0.0567	0.0454
		A:
			0.281	-0.6938	-0.6631
			-0.7808	-0.6124	0.1236
			0.8104	-0.563	0.1621
			-0.9215	0.33	0.2046
			-0.7191	-0.272	0.6394
			0.5445	-0.8207	-0.1728
		b:
			-69.0193
			-380.372
			442.4745
			-398.5518
			-187.9534
			200.8886
	==================================================================================
	Q2:
		Shape: Polyhedra
		q_c:	525.0	33.0	304.0
		ub :	530.2173	38.8157	309.9205
		lb :	519.7827	27.1843	298.0795
		A:
			0.8179	0.3809	0.4312
			0.542	0.8185	0.1905
			0.5938	0.804	-0.0307
			0.5761	-0.7588	-0.304
			-0.0772	-0.9969	0.0143
			-0.0175	-0.9937	0.1106
			0.4261	0.7992	0.4239
			0.1123	0.4182	-0.9014
			-0.8977	0.4316	0.0885
			-0.4261	-0.7992	-0.4239
			-0.1123	-0.4182	0.9014
			0.8977	-0.4316	-0.0885
		b:
			576.1184
			372.1795
			332.1229
			188.6893
			-65.7585
			-4.801
			381.4246
			-196.2773
			-426.1553
			-376.4246
			206.2773
			434.1553
	==================================================================================
	Q3:
		Shape: Ellipse
		q_c:	521.5	29.0	292.0
		ub :	524.6356	33.4917	297.6167
		lb :	518.3644	24.5083	286.3833
		P^-1:
			0.3844	-0.3674	-0.1825
			-0.3674	0.5885	0.2752
			-0.1825	0.2752	0.1781
	==================================================================================
	Q4:
		Shape: Ellipse
		q_c:	519.5	28.0	298.0
		ub :	525.6118	33.7268	303.8445
		lb :	513.3882	22.2732	292.1555
		P^-1:
			0.0621	0.0234	0.0231
			0.0234	0.0999	-0.011
			0.0231	-0.011	0.1002
	==================================================================================
	Q5:
		Shape: Ellipse
		q_c:	514.5	35.5	289.0
		ub :	522.7434	39.941	297.2436
		lb :	506.2566	31.059	280.7564
		P^-1:
			0.047	-0.0561	-0.0217
			-0.0561	0.2114	0.0612
			-0.0217	0.0612	0.0524
	==================================================================================
	Q6:
		Shape: Hybrid
		q_c:	503.0	30.5	296.5
		ub :	508.6813	34.8868	302.0663
		lb :	497.3187	26.1132	290.9337
		P^-1:
			0.0674	0.004	-0.022
			0.004	0.3271	-0.1751
			-0.022	-0.1751	0.1809
		A:
			0.3967	0.8483	-0.3509
			0.149	-0.686	0.7122
			0.7214	0.545	-0.4273
			0.9696	-0.1382	0.202
			0.2371	0.6221	-0.7461
			0.1052	0.9508	-0.2913
		b:
			122.8441
			266.3529
			254.946
			546.6502
			-81.8813
			-3.3142


===========================================================================================
===========================================================================================
S5:
	q_c:	51.0	386.5	259.0
	ub :	71.9078	405.3585	278.1759
	lb :	40.4668	370.4482	247.7515

	==================================================================================
	Q1:
		Shape: Hybrid
		q_c:	52.0	392.0	262.5
		ub :	55.9034	398.5202	269.6798
		lb :	48.0966	385.4798	255.3202
		P^-1:
			0.1507	-0.0173	0.0282
			-0.0173	0.0571	0.0089
			0.0282	0.0089	0.0478
		A:
			-0.5629	-0.7667	-0.3087
			0.1015	-0.0729	-0.9922
			0.9964	0.0211	0.0816
			0.6031	0.1056	0.7906
			-0.9664	-0.2446	0.0786
			0.6873	0.6853	0.2407
		b:
			-408.2799
			-279.9819
			82.9844
			282.6826
			-123.3716
			370.0493
	==================================================================================
	Q2:
		Shape: Ellipse
		q_c:	48.0	395.5	258.0
		ub :	53.3339	402.0025	264.2382
		lb :	42.6661	388.9975	251.7618
		P^-1:
			0.1825	0.0156	-0.093
			0.0156	0.0501	0.0025
			-0.093	0.0025	0.1199
	==================================================================================
	Q3:
		Shape: Ellipse
		q_c:	65.5	399.5	258.0
		ub :	71.9078	405.3585	264.4878
		lb :	59.0922	393.6415	251.5122
		P^-1:
			0.0281	0.003	0.0024
			0.003	0.0698	0.0186
			0.0024	0.0186	0.0515
	==================================================================================
	Q4:
		Shape: Ellipse
		q_c:	44.0	400.0	260.0
		ub :	47.5332	404.6315	265.0765
		lb :	40.4668	395.3685	254.9235
		P^-1:
			0.2429	0.0184	-0.0322
			0.0184	0.2026	0.0832
			-0.0322	0.0832	0.1039
	==================================================================================
	Q5:
		Shape: Polyhedra
		q_c:	63.0	376.5	251.0
		ub :	69.3153	382.5518	254.2485
		lb :	56.6847	370.4482	247.7515
		A:
			-0.7555	-0.6547	0.0232
			0.3408	0.6881	0.6407
			-0.1774	-0.2717	-0.9459
			0.1466	0.5847	0.7979
			-0.1975	-0.5544	-0.8085
			0.0284	-0.1114	-0.9934
			0.5757	0.6728	0.4647
			0.6985	-0.7001	0.1483
			0.4251	0.2392	-0.873
			-0.5757	-0.6728	-0.4647
			-0.6985	0.7001	-0.1483
			-0.4251	-0.2392	0.873
		b:
			-286.8922
			442.8314
			-349.2415
			431.5006
			-422.5041
			-287.6702
			407.209
			-175.3618
			-100.2773
			-405.209
			189.3618
			104.2773
	==================================================================================
	Q6:
		Shape: Ellipse
		q_c:	48.0	391.5	270.5
		ub :	52.3501	398.8238	278.1759
		lb :	43.6499	384.1762	262.8241
		P^-1:
			0.0624	-0.0009	-0.0014
			-0.0009	0.041	-0.0105
			-0.0014	-0.0105	0.0362


===========================================================================================
===========================================================================================
S6:
	q_c:	16.5	216.5	344.0
	ub :	31.8264	225.9697	357.9391
	lb :	6.2603	204.6103	336.3608

	==================================================================================
	Q1:
		Shape: Polyhedra
		q_c:	25.5	212.5	351.5
		ub :	31.8264	218.3809	357.9391
		lb :	19.1736	206.6191	345.0609
		A:
			-0.1023	0.9298	-0.3536
			0.1436	-0.9896	0.0006
			0.5577	-0.2461	0.7927
			-0.9131	-0.3854	-0.1333
			0.8327	0.2195	0.5085
			-0.2407	0.8789	-0.4118
			0.4931	0.724	0.4822
			-0.7209	0.6504	-0.2393
			-0.4869	-0.2297	0.8427
			-0.4931	-0.724	-0.4822
			0.7209	-0.6504	0.2393
			0.4869	0.2297	-0.8427
		b:
			74.2514
			-202.9277
			244.1536
			-148.1159
			250.2823
			39.3136
			339.9445
			38.7222
			239.4978
			-331.9445
			-32.7222
			-230.4978
	==================================================================================
	Q2:
		Shape: Polyhedra
		q_c:	13.5	212.5	344.0
		ub :	18.9257	218.4726	349.2233
		lb :	8.0743	206.5274	338.7767
		A:
			-0.7046	0.3579	-0.6127
			-0.4872	-0.1964	-0.8509
			-0.9834	-0.1644	0.0772
			-0.4065	-0.8838	0.2314
			-0.7588	0.2307	-0.6091
			-0.7558	-0.5511	-0.3537
			0.6187	0.2978	0.727
			-0.7093	0.6096	0.3539
			-0.3377	-0.7347	0.5884
			-0.6187	-0.2978	-0.727
			0.7093	-0.6096	-0.3539
			0.3377	0.7347	-0.5884
		b:
			-141.2423
			-338.9071
			-18.2344
			-109.8833
			-168.0116
			-246.4127
			323.7299
			245.7083
			45.7304
			-319.7299
			-237.7083
			-37.7304
	==================================================================================
	Q3:
		Shape: Polyhedra
		q_c:	17.5	211.0	347.0
		ub :	22.6536	217.2621	352.7934
		lb :	12.3464	204.7379	341.2066
		A:
			-0.2043	-0.9789	0.0098
			-0.0528	0.6332	-0.7722
			0.7413	-0.5163	0.4289
			0.4569	0.8555	-0.2438
			-0.4997	0.4966	-0.7097
			-0.886	0.0579	0.46
			0.7343	0.5924	0.3316
			-0.2049	0.6591	-0.7236
			-0.6472	0.4633	0.6054
			-0.7343	-0.5924	-0.3316
			0.2049	-0.6591	0.7236
			0.6472	-0.4633	-0.6054
		b:
			-202.6791
			-130.7983
			56.8923
			108.1199
			-145.7982
			158.9245
			256.9158
			-111.0905
			298.494
			-248.9158
			120.0905
			-294.494
	==================================================================================
	Q4:
		Shape: Polyhedra
		q_c:	15.0	209.0	346.5
		ub :	19.1088	213.3897	350.2771
		lb :	10.8912	204.6103	342.7229
		A:
			0.2633	0.29	-0.9201
			0.0047	-0.8057	-0.5923
			0.7874	-0.4944	-0.3681
			-0.6591	0.2359	-0.7141
			0.1409	-0.5324	0.8347
			-0.9808	0.0439	-0.1902
			0.8988	0.4225	0.1168
			-0.1068	-0.0473	0.9932
			0.4252	-0.9051	0.0026
			-0.8988	-0.4225	-0.1168
			0.1068	0.0473	-0.9932
			-0.4252	0.9051	-0.0026
		b:
			-250.7988
			-370.1999
			-215.753
			-204.8171
			183.5709
			-68.6943
			144.7497
			336.1437
			-178.383
			-139.7497
			-329.1437
			185.383
	==================================================================================
	Q5:
		Shape: Hybrid
		q_c:	11.5	217.0	341.5
		ub :	16.7397	222.7153	346.6392
		lb :	6.2603	211.2847	336.3608
		P^-1:
			0.1395	-0.0412	-0.0184
			-0.0412	0.077	-0.0371
			-0.0184	-0.0371	0.1435
		A:
			-0.5588	-0.4555	0.693
			-0.7801	-0.5624	0.274
			-0.4788	0.1433	0.8662
			0.8228	0.3355	-0.4586
			0.9097	-0.3826	0.1617
			0.9284	-0.3629	0.0801
		b:
			133.0674
			-34.8143
			322.8415
			-72.4321
			-16.0549
			-39.4091
	==================================================================================
	Q6:
		Shape: Hybrid
		q_c:	15.5	221.5	349.5
		ub :	19.9633	225.9697	352.4126
		lb :	11.0367	217.0303	346.5874
		P^-1:
			0.1267	0.0251	-0.0658
			0.0251	0.1514	-0.1057
			-0.0658	-0.1057	0.3886
		A:
			0.7327	0.6527	0.1927
			0.0821	-0.2907	0.9533
			0.0474	-0.1408	0.9889
			-0.2594	-0.4092	-0.8748
			0.3751	0.6253	-0.6843
			0.3602	0.8303	-0.4252
		b:
			225.5021
			271.0109
			316.1714
			-398.5872
			-93.7895
			42.3987


===========================================================================================
===========================================================================================
S7:
	q_c:	463.0	276.0	313.5
	ub :	483.4416	289.8611	334.6901
	lb :	449.0684	255.3285	294.5812

	==================================================================================
	Q1:
		Shape: Ellipse
		q_c:	460.0	266.0	313.0
		ub :	470.9316	276.6715	321.1726
		lb :	449.0684	255.3285	304.8274
		P^-1:
			0.0266	0.0086	-0.0138
			0.0086	0.0263	-0.0146
			-0.0138	-0.0146	0.0478
	==================================================================================
	Q2:
		Shape: Polyhedra
		q_c:	463.5	282.5	298.5
		ub :	471.0866	289.8611	302.4188
		lb :	455.9134	275.1389	294.5812
		A:
			-0.0551	-0.2002	-0.9782
			0.9057	0.1058	-0.4105
			-0.2187	0.5265	0.8216
			0.4085	-0.5591	0.7215
			-0.2239	0.3848	0.8954
			0.186	-0.266	-0.9458
			0.5514	0.8264	0.1145
			0.2035	-0.0002	-0.9791
			-0.8091	0.5631	-0.1683
			-0.5514	-0.8264	-0.1145
			-0.2035	0.0002	0.9791
			0.8091	-0.5631	0.1683
		b:
			-371.1302
			331.6377
			296.1199
			250.9904
			275.2886
			-268.4675
			528.6827
			-195.4522
			-261.1496
			-517.6827
			200.4522
			271.1496
	==================================================================================
	Q3:
		Shape: Hybrid
		q_c:	465.5	281.5	326.0
		ub :	471.7856	287.74	331.1859
		lb :	459.2144	275.26	320.8141
		P^-1:
			0.9134	1.2132	-1.116
			1.2132	1.7049	-1.5379
			-1.116	-1.5379	1.4478
		A:
			0.4405	0.6798	-0.5863
			-0.1268	0.5356	-0.8349
			-0.707	-0.6856	0.1735
			-0.4374	-0.6013	0.6687
			-0.4614	-0.7254	0.5108
			-0.4271	-0.6336	0.6451
		b:
			205.5757
			-177.2763
			-463.1801
			-154.3832
			-251.9316
			-166.5155
	==================================================================================
	Q4:
		Shape: Polyhedra
		q_c:	468.5	273.0	326.0
		ub :	477.2256	283.392	333.018
		lb :	459.7744	262.608	318.982
		A:
			-0.104	-0.1894	0.9764
			0.2875	0.7652	-0.576
			-0.6469	-0.2557	0.7184
			-0.0774	0.1011	0.9919
			0.1053	0.0607	0.9926
			0.5266	-0.0615	0.8479
			0.7783	0.5873	0.2221
			-0.0093	-0.3429	0.9393
			0.6278	-0.7331	-0.2614
			-0.7783	-0.5873	-0.2221
			0.0093	0.3429	-0.9393
			-0.6278	0.7331	0.2614
		b:
			222.1769
			160.1731
			-133.4685
			319.8159
			393.9493
			510.4259
			600.8697
			212.254
			18.2748
			-593.8697
			-204.254
			0.7252
	==================================================================================
	Q5:
		Shape: Polyhedra
		q_c:	467.5	281.0	326.5
		ub :	475.1311	289.2056	334.6901
		lb :	459.8689	272.7944	318.3099
		A:
			0.6726	-0.35	0.652
			-0.3549	-0.1357	-0.925
			0.4183	-0.0181	-0.9081
			0.7674	0.2584	-0.5868
			0.9589	-0.249	0.1361
			-0.0879	-0.9935	0.0723
			0.2847	0.5928	0.7533
			0.6476	0.4605	-0.6071
			-0.7068	0.6607	-0.2528
			-0.2847	-0.5928	-0.7533
			-0.6476	-0.4605	0.6071
			0.7068	-0.6607	0.2528
		b:
			433.3787
			-500.8112
			-100.8659
			244.7463
			427.0174
			-291.8695
			551.1498
			238.9255
			-223.2987
			-540.1498
			-228.9255
			231.2987
	==================================================================================
	Q6:
		Shape: Polyhedra
		q_c:	473.5	268.5	304.0
		ub :	483.4416	278.516	311.0058
		lb :	463.5584	258.484	296.9942
		A:
			0.2481	-0.7582	0.603
			0.5853	0.1283	-0.8006
			0.1164	-0.0199	-0.993
			-0.6994	0.3401	-0.6287
			0.2512	-0.1037	0.9624
			0.5869	-0.7991	0.1302
			0.6475	0.6961	0.3101
			-0.1193	0.4945	-0.861
			-0.7527	0.5205	0.4032
			-0.6475	-0.6961	-0.3101
			0.1193	-0.4945	0.861
			0.7527	-0.5205	-0.4032
		b:
			100.5333
			72.8059
			-248.0951
			-426.2416
			387.7355
			107.7314
			596.2625
			-182.9562
			-88.5835
			-579.2625
			187.9562
			99.5835


===========================================================================================
===========================================================================================
S8:
	q_c:	46.5	214.5	179.5
	ub :	68.9793	226.0566	201.4093
	lb :	22.8857	195.4374	161.6605

	==================================================================================
	Q1:
		Shape: Ellipse
		q_c:	44.0	208.0	173.5
		ub :	50.9907	214.5859	179.5868
		lb :	37.0093	201.4141	167.4132
		P^-1:
			0.0617	-0.0248	-0.0258
			-0.0248	0.0707	-0.0021
			-0.0258	-0.0021	0.0935
	==================================================================================
	Q2:
		Shape: Polyhedra
		q_c:	33.5	207.5	183.5
		ub :	44.1143	217.4485	194.8014
		lb :	22.8857	197.5515	172.1986
		A:
			-0.8292	0.0926	0.5513
			-0.0555	-0.6108	-0.7898
			0.952	-0.2729	-0.1389
			-0.9701	0.0749	0.231
			-0.3883	0.9211	-0.0291
			-0.8888	0.2907	0.3543
			0.8964	0.0937	0.4332
			-0.3562	-0.4291	0.83
			0.2637	-0.8984	-0.3513
			-0.8964	-0.0937	-0.4332
			0.3562	0.4291	-0.83
			-0.2637	0.8984	0.3513
		b:
			99.59
			-266.5379
			-43.207
			32.435
			179.7843
			102.5617
			135.967
			58.3414
			-235.0379
			-121.967
			-44.3414
			249.0379
	==================================================================================
	Q3:
		Shape: Hybrid
		q_c:	61.0	220.5	170.0
		ub :	68.9793	226.0566	178.3395
		lb :	53.0207	214.9434	161.6605
		P^-1:
			0.0577	0.0092	0.0214
			0.0092	0.0729	0.0033
			0.0214	0.0033	0.0372
		A:
			0.3366	-0.86	-0.3835
			-0.442	0.8358	-0.3258
			0.1766	0.9214	-0.3463
			0.2575	0.9193	-0.2977
			-0.0329	0.7802	-0.6247
			-0.6472	-0.7578	-0.083
		b:
			-231.2943
			104.1551
			157.5017
			170.1992
			66.7156
			-218.6768
	==================================================================================
	Q4:
		Shape: Ellipse
		q_c:	57.0	206.5	190.5
		ub :	60.2632	217.5626	201.4093
		lb :	53.7368	195.4374	179.5907
		P^-1:
			0.2465	-0.0259	-0.0116
			-0.0259	0.0193	0.0024
			-0.0116	0.0024	0.0176
	==================================================================================
	Q5:
		Shape: Hybrid
		q_c:	35.0	214.5	191.5
		ub :	42.8852	221.77	196.4881
		lb :	27.1148	207.23	186.5119
		P^-1:
			0.0468	0.0395	-0.0082
			0.0395	0.1071	-0.0819
			-0.0082	-0.0819	0.1981
		A:
			0.052	-0.3474	0.9363
			0.5232	0.8206	-0.23
			-0.3723	-0.8753	0.3086
			0.3918	0.9197	-0.0259
			-0.2782	-0.6409	0.7154
			0.2156	0.9462	-0.2413
		b:
			107.7567
			152.1752
			-139.8419
			208.4115
			-9.1044
			166.7053
	==================================================================================
	Q6:
		Shape: Polyhedra
		q_c:	32.5	213.5	190.5
		ub :	41.191	219.6231	199.7262
		lb :	23.809	207.3769	181.2738
		A:
			-0.6604	0.2668	-0.7019
			-0.4681	0.7674	-0.4383
			-0.0096	-0.9498	0.3127
			-0.4925	0.5633	-0.6634
			0.5423	-0.7865	0.2956
			0.2722	-0.957	0.0998
			0.5062	0.5354	0.6761
			0.292	-0.844	0.4498
			0.8115	-0.0303	-0.5836
			-0.5062	-0.5354	-0.6761
			-0.292	0.844	-0.4498
			-0.8115	0.0303	0.5836
		b:
			-92.6388
			67.446
			-140.3616
			-18.4497
			-91.5559
			-173.2363
			267.5568
			-83.0176
			-86.2744
			-251.5568
			87.0176
			96.2744


===========================================================================================
===========================================================================================
S9:
	q_c:	266.5	68.0	84.0
	ub :	291.4742	90.1517	109.2684
	lb :	257.3594	45.3601	57.6447

	==================================================================================
	Q1:
		Shape: Ellipse
		q_c:	282.0	64.5	71.5
		ub :	291.4742	74.3144	79.5094
		lb :	272.5258	54.6856	63.4906
		P^-1:
			0.0458	0.0135	-0.0253
			0.0135	0.027	-0.0049
			-0.0253	-0.0049	0.0597
	==================================================================================
	Q2:
		Shape: Ellipse
		q_c:	270.0	58.0	96.5
		ub :	282.1537	66.8917	109.2684
		lb :	257.8463	49.1083	83.7316
		P^-1:
			0.0146	0.0006	-0.001
			0.0006	0.0231	-0.002
			-0.001	-0.002	0.0155
	==================================================================================
	Q3:
		Shape: Ellipse
		q_c:	274.5	58.5	85.5
		ub :	277.369	69.4892	96.5441
		lb :	271.631	47.5108	74.4559
		P^-1:
			0.1598	0.0024	-0.0048
			0.0024	0.0168	-0.0012
			-0.0048	-0.0012	0.0168
	==================================================================================
	Q4:
		Shape: Hybrid
		q_c:	267.5	73.5	68.5
		ub :	277.6406	82.4832	79.3553
		lb :	257.3594	64.5168	57.6447
		P^-1:
			0.019	0.0009	0.003
			0.0009	0.0251	0.0017
			0.003	0.0017	0.0251
		A:
			0.0099	0.0808	0.9967
			-0.3612	0.5302	0.7671
			-0.1041	0.8554	-0.5074
			-0.6814	-0.6944	0.2315
			0.8849	-0.3859	0.2607
			0.8988	-0.0628	0.4339
		b:
			80.2046
			-1.4484
			3.7823
			-213.5237
			230.2404
			269.3511
	==================================================================================
	Q5:
		Shape: Ellipse
		q_c:	273.0	77.0	88.0
		ub :	284.2476	90.1517	98.9196
		lb :	261.7524	63.8483	77.0804
		P^-1:
			0.0414	-0.0105	-0.0218
			-0.0105	0.0146	0.0021
			-0.0218	0.0021	0.036
	==================================================================================
	Q6:
		Shape: Ellipse
		q_c:	271.0	53.0	98.0
		ub :	277.208	60.6399	105.0433
		lb :	264.792	45.3601	90.9567
		P^-1:
			0.1567	-0.0268	-0.0997
			-0.0268	0.0492	0.0369
			-0.0997	0.0369	0.1213


===========================================================================================
===========================================================================================
