3D_50_12_6_a                l = 3

===========================================================================================
===========================================================================================
S1:
	q_c:	307.0	348.0	240.5
	ub :	316.6123	359.2732	252.1723
	lb :	297.9458	338.4219	234.3479

	==================================================================================
	Q1:
		Shape: Polyhedra
		q_c:	304.5	348.5	238.5
		ub :	308.9536	353.0813	242.6521
		lb :	300.0464	343.9187	234.3479
		A:
			0.1448	0.1052	-0.9839
			0.544	0.7086	0.4495
			0.0496	-0.9965	-0.0671
			-0.5927	-0.4195	-0.6875
			-0.6163	-0.3799	0.6898
			0.4285	-0.8981	0.0987
			0.3113	0.9447	0.1034
			0.8597	-0.2336	-0.4542
			-0.4049	0.2303	-0.8849
			-0.3113	-0.9447	-0.1034
			-0.8597	0.2336	0.4542
			0.4049	-0.2303	0.8849
		b:
			-151.0278
			523.168
			-344.7712
			-487.4387
			-152.6772
			-155.8468
			452.1806
			74.5596
			-251.0627
			-445.1806
			-69.5596
			257.0627
	==================================================================================
	Q2:
		Shape: Ellipse
		q_c:	304.0	345.0	245.5
		ub :	310.0542	351.5781	251.9522
		lb :	297.9458	338.4219	239.0478
		P^-1:
			0.0625	0.0	0.0
			0.0	0.0625	-0.0
			0.0	-0.0	0.0625
	==================================================================================
	Q3:
		Shape: Ellipse
		q_c:	311.0	344.5	247.0
		ub :	316.6123	350.0333	252.1723
		lb :	305.3877	338.9667	241.8277
		P^-1:
			0.0965	0.0146	0.0021
			0.0146	0.096	0.0021
			0.0021	0.0021	0.0819
	==================================================================================
	Q4:
		Shape: Hybrid
		q_c:	309.5	350.5	244.0
		ub :	312.8357	354.1623	247.7005
		lb :	306.1643	346.8377	240.2995
		P^-1:
			0.3672	-0.1161	-0.0927
			-0.1161	0.2701	-0.1392
			-0.0927	-0.1392	0.3333
		A:
			0.4003	0.7398	-0.5409
			-0.0231	-0.5769	0.8165
			0.8772	0.2852	-0.3862
			-0.9917	0.1108	0.0657
			-0.9993	0.0297	0.0247
			-0.2466	0.9435	-0.2216
		b:
			252.3994
			-9.3532
			278.4196
			-250.9524
			-291.5638
			201.5582
	==================================================================================
	Q5:
		Shape: Polyhedra
		q_c:	304.0	351.5	238.5
		ub :	307.0055	355.0676	242.1815
		lb :	300.9945	347.9324	234.8185
		A:
			0.2325	0.1892	0.954
			0.0877	0.9925	-0.0853
			-0.5003	0.8597	-0.1029
			-0.3787	-0.7126	-0.5906
			-0.8936	-0.3051	0.3293
			0.1949	0.9452	0.2619
			0.6971	0.6896	0.1963
			0.6909	-0.5729	-0.441
			-0.1917	0.4431	-0.8758
			-0.6971	-0.6896	-0.1963
			-0.6909	0.5729	0.441
			0.1917	-0.4431	0.8758
		b:
			367.3714
			357.3863
			127.6558
			-504.4412
			-298.417
			455.8556
			503.1258
			-95.0105
			-108.3965
			-499.1258
			98.0105
			114.3965
	==================================================================================
	Q6:
		Shape: Polyhedra
		q_c:	308.5	354.0	246.5
		ub :	313.5978	359.2732	251.755
		lb :	303.4022	348.7268	241.245
		A:
			0.3729	-0.8249	-0.4248
			0.5738	-0.5284	-0.6257
			0.5522	-0.5215	-0.6505
			-0.0201	0.987	0.1593
			-0.2878	-0.875	0.3893
			-0.1512	-0.564	-0.8118
			0.0636	0.689	0.722
			-0.7066	0.542	-0.455
			-0.7048	-0.4812	0.5213
			-0.0636	-0.689	-0.722
			0.7066	-0.542	0.455
			0.7048	0.4812	-0.5213
		b:
			-279.0468
			-161.2665
			-171.638
			385.3485
			-298.9016
			-443.8917
			443.9837
			-135.2669
			-255.2777
			-438.9837
			141.2669
			263.2777


===========================================================================================
===========================================================================================
S2:
	q_c:	22.5	191.0	37.0
	ub :	38.5718	209.8763	54.5063
	lb :	18.2816	176.7157	21.3863

	==================================================================================
	Q1:
		Shape: Ellipse
		q_c:	27.0	194.0	38.5
		ub :	35.7184	202.4251	46.1358
		lb :	18.2816	185.5749	30.8642
		P^-1:
			0.0458	-0.0122	0.021
			-0.0122	0.0547	0.0206
			0.021	0.0206	0.0613
	==================================================================================
	Q2:
		Shape: Hybrid
		q_c:	28.0	206.0	49.5
		ub :	32.6497	209.8763	54.5063
		lb :	23.3503	202.1237	44.4937
		P^-1:
			0.0624	-0.0012	-0.0013
			-0.0012	0.0815	-0.0011
			-0.0013	-0.0011	0.0496
		A:
			0.615	0.6129	-0.4961
			0.6461	0.1983	-0.7371
			-0.808	0.2483	0.5343
			0.6654	-0.7409	-0.0913
			0.1741	-0.7367	-0.6534
			-0.488	-0.8254	-0.284
		b:
			121.103
			24.9213
			57.294
			-136.5553
			-176.9962
			-195.7212
	==================================================================================
	Q3:
		Shape: Ellipse
		q_c:	29.0	193.5	28.0
		ub :	36.0769	201.0433	34.6137
		lb :	21.9231	185.9567	21.3863
		P^-1:
			0.0515	-0.0093	-0.012
			-0.0093	0.0575	-0.0173
			-0.012	-0.0173	0.0682
	==================================================================================
	Q4:
		Shape: Hybrid
		q_c:	27.0	186.5	40.0
		ub :	30.2445	191.4735	45.5406
		lb :	23.7555	181.5265	34.4594
		P^-1:
			0.4014	-0.1068	-0.0525
			-0.1068	0.133	-0.0102
			-0.0525	-0.0102	0.0705
		A:
			-0.1968	-0.86	0.4709
			0.5021	-0.302	-0.8104
			0.7759	-0.6223	-0.1037
			-0.5812	-0.0878	0.809
			0.4593	0.8122	0.3598
			0.677	-0.4528	-0.5802
		b:
			-144.6103
			-72.5411
			-98.1892
			2.5922
			181.4904
			-87.4449
	==================================================================================
	Q5:
		Shape: Ellipse
		q_c:	29.5	184.0	38.0
		ub :	38.5718	191.2843	46.7637
		lb :	20.4282	176.7157	29.2363
		P^-1:
			0.0281	-0.01	-0.0115
			-0.01	0.0539	0.0068
			-0.0115	0.0068	0.0409
	==================================================================================
	Q6:
		Shape: Hybrid
		q_c:	28.0	182.5	45.0
		ub :	33.1786	185.9387	49.9149
		lb :	22.8214	179.0613	40.0851
		P^-1:
			0.0795	0.0149	0.047
			0.0149	0.2349	-0.0397
			0.047	-0.0397	0.145
		A:
			-0.2994	-0.5241	-0.7973
			-0.408	-0.9073	-0.1021
			0.1719	-0.7093	0.6836
			0.5146	-0.1918	0.8357
			-0.3699	-0.8794	0.2997
			-0.0485	-0.9413	0.334
		b:
			-138.2921
			-180.3415
			-92.7584
			18.4144
			-155.9774
			-157.1076


===========================================================================================
===========================================================================================
S3:
	q_c:	307.5	120.5	147.0
	ub :	311.692	127.7183	153.5754
	lb :	301.437	114.51	143.1092

	==================================================================================
	Q1:
		Shape: Polyhedra
		q_c:	304.0	120.0	145.5
		ub :	306.563	122.4268	147.8908
		lb :	301.437	117.5732	143.1092
		A:
			-0.0942	0.968	0.2325
			-0.1176	0.4174	-0.9011
			0.2911	0.9425	0.164
			-0.0778	-0.997	-0.0022
			-0.6867	-0.6359	-0.3522
			0.1209	0.7211	0.6822
			0.5327	0.2484	0.809
			-0.4767	-0.7019	0.5293
			0.6993	-0.6676	-0.2555
			-0.5327	-0.2484	-0.809
			0.4767	0.7019	-0.5293
			-0.6993	0.6676	0.2555
		b:
			122.868
			-115.2482
			226.954
			-142.1099
			-334.8135
			224.049
			310.9578
			-150.6143
			96.8066
			-307.9578
			153.6143
			-93.8066
	==================================================================================
	Q2:
		Shape: Ellipse
		q_c:	309.0	123.0	148.0
		ub :	311.692	124.9837	150.5866
		lb :	306.308	121.0163	145.4134
		P^-1:
			0.3187	0.0341	-0.0865
			0.0341	0.4352	0.0235
			-0.0865	0.0235	0.385
	==================================================================================
	Q3:
		Shape: Ellipse
		q_c:	305.0	125.0	147.5
		ub :	307.4728	127.5119	149.5632
		lb :	302.5272	122.4881	145.4368
		P^-1:
			0.4444	-0.0	-0.0
			-0.0	0.4444	0.0
			-0.0	0.0	0.4444
	==================================================================================
	Q4:
		Shape: Hybrid
		q_c:	305.5	121.5	152.0
		ub :	307.6623	123.1456	153.5754
		lb :	303.3377	119.8544	150.4246
		P^-1:
			0.267	-0.092	-0.0634
			-0.092	0.9885	-0.0079
			-0.0634	-0.0079	0.9945
		A:
			0.5472	-0.6241	-0.5578
			0.3999	0.1655	-0.9015
			0.0188	0.9585	-0.2844
			-0.9447	-0.2666	0.1909
			0.1787	-0.8008	0.5717
			0.2381	-0.8454	-0.4781
		b:
			7.285
			5.8906
			79.4858
			-290.555
			44.7126
			-102.1538
	==================================================================================
	Q5:
		Shape: Ellipse
		q_c:	307.0	116.5	147.0
		ub :	309.0049	118.49	148.348
		lb :	304.9951	114.51	145.652
		P^-1:
			0.6742	-0.2736	-0.0034
			-0.2736	0.7703	-0.0029
			-0.0034	-0.0029	1.0
	==================================================================================
	Q6:
		Shape: Polyhedra
		q_c:	306.0	125.5	145.5
		ub :	308.36	127.7183	147.7492
		lb :	303.64	123.2817	143.2508
		A:
			0.5626	0.5961	0.5728
			-0.919	-0.3044	-0.2506
			-0.542	-0.0929	-0.8352
			-0.7541	-0.5049	0.4199
			-0.0888	0.9298	-0.3573
			-0.9429	-0.2778	0.1839
			0.6652	0.7451	0.0482
			0.1296	-0.0516	-0.9902
			-0.7353	0.665	-0.1309
			-0.6652	-0.7451	-0.0482
			-0.1296	0.0516	0.9902
			0.7353	-0.665	0.1309
		b:
			331.9735
			-354.3647
			-297.2308
			-231.414
			39.0759
			-295.078
			305.5841
			-108.8898
			-159.1014
			-302.5841
			112.8898
			162.1014


===========================================================================================
===========================================================================================
S4:
	q_c:	463.0	276.0	313.5
	ub :	483.4416	289.8611	334.6901
	lb :	449.0684	255.3285	294.5812

	==================================================================================
	Q1:
		Shape: Ellipse
		q_c:	460.0	266.0	313.0
		ub :	470.9316	276.6715	321.1726
		lb :	449.0684	255.3285	304.8274
		P^-1:
			0.0266	0.0086	-0.0138
			0.0086	0.0263	-0.0146
			-0.0138	-0.0146	0.0478
	==================================================================================
	Q2:
		Shape: Polyhedra
		q_c:	463.5	282.5	298.5
		ub :	471.0866	289.8611	302.4188
		lb :	455.9134	275.1389	294.5812
		A:
			-0.0551	-0.2002	-0.9782
			0.9057	0.1058	-0.4105
			-0.2187	0.5265	0.8216
			0.4085	-0.5591	0.7215
			-0.2239	0.3848	0.8954
			0.186	-0.266	-0.9458
			0.5514	0.8264	0.1145
			0.2035	-0.0002	-0.9791
			-0.8091	0.5631	-0.1683
			-0.5514	-0.8264	-0.1145
			-0.2035	0.0002	0.9791
			0.8091	-0.5631	0.1683
		b:
			-371.1302
			331.6377
			296.1199
			250.9904
			275.2886
			-268.4675
			528.6827
			-195.4522
			-261.1496
			-517.6827
			200.4522
			271.1496
	==================================================================================
	Q3:
		Shape: Hybrid
		q_c:	465.5	281.5	326.0
		ub :	471.7856	287.74	331.1859
		lb :	459.2144	275.26	320.8141
		P^-1:
			0.9134	1.2132	-1.116
			1.2132	1.7049	-1.5379
			-1.116	-1.5379	1.4478
		A:
			0.4405	0.6798	-0.5863
			-0.1268	0.5356	-0.8349
			-0.707	-0.6856	0.1735
			-0.4374	-0.6013	0.6687
			-0.4614	-0.7254	0.5108
			-0.4271	-0.6336	0.6451
		b:
			205.5757
			-177.2763
			-463.1801
			-154.3832
			-251.9316
			-166.5155
	==================================================================================
	Q4:
		Shape: Polyhedra
		q_c:	468.5	273.0	326.0
		ub :	477.2256	283.392	333.018
		lb :	459.7744	262.608	318.982
		A:
			-0.104	-0.1894	0.9764
			0.2875	0.7652	-0.576
			-0.6469	-0.2557	0.7184
			-0.0774	0.1011	0.9919
			0.1053	0.0607	0.9926
			0.5266	-0.0615	0.8479
			0.7783	0.5873	0.2221
			-0.0093	-0.3429	0.9393
			0.6278	-0.7331	-0.2614
			-0.7783	-0.5873	-0.2221
			0.0093	0.3429	-0.9393
			-0.6278	0.7331	0.2614
		b:
			222.1769
			160.1731
			-133.4685
			319.8159
			393.9493
			510.4259
			600.8697
			212.254
			18.2748
			-593.8697
			-204.254
			0.7252
	==================================================================================
	Q5:
		Shape: Polyhedra
		q_c:	467.5	281.0	326.5
		ub :	475.1311	289.2056	334.6901
		lb :	459.8689	272.7944	318.3099
		A:
			0.6726	-0.35	0.652
			-0.3549	-0.1357	-0.925
			0.4183	-0.0181	-0.9081
			0.7674	0.2584	-0.5868
			0.9589	-0.249	0.1361
			-0.0879	-0.9935	0.0723
			0.2847	0.5928	0.7533
			0.6476	0.4605	-0.6071
			-0.7068	0.6607	-0.2528
			-0.2847	-0.5928	-0.7533
			-0.6476	-0.4605	0.6071
			0.7068	-0.6607	0.2528
		b:
			433.3787
			-500.8112
			-100.8659
			244.7463
			427.0174
			-291.8695
			551.1498
			238.9255
			-223.2987
			-540.1498
			-228.9255
			231.2987
	==================================================================================
	Q6:
		Shape: Polyhedra
		q_c:	473.5	268.5	304.0
		ub :	483.4416	278.516	311.0058
		lb :	463.5584	258.484	296.9942
		A:
			0.2481	-0.7582	0.603
			0.5853	0.1283	-0.8006
			0.1164	-0.0199	-0.993
			-0.6994	0.3401	-0.6287
			0.2512	-0.1037	0.9624
			0.5869	-0.7991	0.1302
			0.6475	0.6961	0.3101
			-0.1193	0.4945	-0.861
			-0.7527	0.5205	0.4032
			-0.6475	-0.6961	-0.3101
			0.1193	-0.4945	0.861
			0.7527	-0.5205	-0.4032
		b:
			100.5333
			72.8059
			-248.0951
			-426.2416
			387.7355
			107.7314
			596.2625
			-182.9562
			-88.5835
			-579.2625
			187.9562
			99.5835


===========================================================================================
===========================================================================================
S5:
	q_c:	428.0	202.0	239.5
	ub :	444.2753	221.2876	254.6914
	lb :	414.5929	184.2804	224.5576

	==================================================================================
	Q1:
		Shape: Ellipse
		q_c:	420.5	191.5	238.0
		ub :	426.4071	198.7196	244.3535
		lb :	414.5929	184.2804	231.6465
		P^-1:
			0.0865	-0.0224	-0.0478
			-0.0224	0.0359	0.0317
			-0.0478	0.0317	0.1107
	==================================================================================
	Q2:
		Shape: Polyhedra
		q_c:	437.5	211.5	237.5
		ub :	443.6245	221.2876	247.2177
		lb :	431.3755	201.7124	227.7823
		A:
			0.9379	-0.3271	-0.1159
			-0.841	-0.2851	-0.4598
			-0.2196	0.8586	0.4631
			0.9689	0.1567	0.1913
			0.5622	0.5405	-0.626
			0.7055	-0.017	0.7085
			0.1856	0.7332	0.6542
			0.0008	0.6656	-0.7463
			-0.9826	0.139	0.1229
			-0.1856	-0.7332	-0.6542
			-0.0008	-0.6656	0.7463
			0.9826	-0.139	-0.1229
		b:
			318.6929
			-531.6964
			201.798
			507.7816
			217.6873
			479.3147
			398.1314
			-29.6212
			-366.3015
			-385.1314
			42.6212
			376.3015
	==================================================================================
	Q3:
		Shape: Polyhedra
		q_c:	437.5	198.0	231.5
		ub :	444.2753	206.5243	238.4424
		lb :	430.7247	189.4757	224.5576
		A:
			0.6157	0.4864	0.6199
			-0.597	0.0553	-0.8003
			-0.5714	0.7151	0.4026
			-0.8516	0.3657	-0.3755
			-0.9701	0.1561	-0.186
			0.8344	-0.0598	0.548
			0.911	0.4025	0.0893
			0.043	-0.3082	0.9503
			0.4101	-0.8619	-0.2981
			-0.911	-0.4025	-0.0893
			-0.043	0.3082	-0.9503
			-0.4101	0.8619	0.2981
		b:
			514.0163
			-430.6997
			-9.2508
			-381.9722
			-431.6275
			484.8136
			503.4553
			182.8014
			-54.272
			-494.4553
			-172.8014
			66.272
	==================================================================================
	Q4:
		Shape: Hybrid
		q_c:	425.0	190.0	233.5
		ub :	430.2936	194.7949	236.9266
		lb :	419.7064	185.2051	230.0734
		P^-1:
			0.0844	-0.0101	-0.0445
			-0.0101	0.1093	-0.0364
			-0.0445	-0.0364	0.2299
		A:
			-0.3424	0.8086	-0.4785
			0.4184	-0.3341	-0.8446
			0.3457	-0.6781	0.6485
			-0.0649	-0.788	0.6123
			0.1018	-0.2365	0.9663
			0.0047	-0.9984	-0.0563
		b:
			-101.8609
			-81.5135
			171.1668
			-32.8104
			225.2324
			-198.6696
	==================================================================================
	Q5:
		Shape: Hybrid
		q_c:	423.5	211.0	238.5
		ub :	430.7392	217.8582	246.0993
		lb :	416.2608	204.1418	230.9007
		P^-1:
			0.0495	0.0059	-0.0013
			0.0059	0.049	-0.0093
			-0.0013	-0.0093	0.0535
		A:
			0.6612	0.6113	0.4348
			-0.7066	0.555	-0.439
			-0.7543	0.6397	-0.1476
			-0.5941	0.3298	0.7336
			0.4054	0.6498	0.643
			-0.0177	0.9479	0.3182
		b:
			515.2678
			-284.2887
			-216.9265
			-4.304
			464.8604
			271.2276
	==================================================================================
	Q6:
		Shape: Polyhedra
		q_c:	433.5	198.0	244.0
		ub :	443.9766	206.2484	254.6914
		lb :	423.0234	189.7516	233.3086
		A:
			0.2404	0.1852	0.9528
			0.3298	-0.9379	0.1077
			0.9284	-0.31	-0.205
			0.9446	-0.2745	0.1799
			-0.3263	-0.9453	0.001
			-0.309	0.4642	0.8301
			0.7249	0.152	0.6719
			-0.5132	0.7699	0.3795
			-0.4596	-0.6199	0.636
			-0.7249	-0.152	-0.6719
			0.5132	-0.7699	-0.3795
			0.4596	0.6199	-0.636
		b:
			380.3339
			-11.5868
			296.4495
			405.3535
			-322.3831
			165.6243
			515.7692
			26.5634
			-160.2799
			-500.7692
			-18.5634
			173.2799


===========================================================================================
===========================================================================================
S6:
	q_c:	16.5	216.5	344.0
	ub :	31.8264	225.9697	357.9391
	lb :	6.2603	204.6103	336.3608

	==================================================================================
	Q1:
		Shape: Polyhedra
		q_c:	25.5	212.5	351.5
		ub :	31.8264	218.3809	357.9391
		lb :	19.1736	206.6191	345.0609
		A:
			-0.1023	0.9298	-0.3536
			0.1436	-0.9896	0.0006
			0.5577	-0.2461	0.7927
			-0.9131	-0.3854	-0.1333
			0.8327	0.2195	0.5085
			-0.2407	0.8789	-0.4118
			0.4931	0.724	0.4822
			-0.7209	0.6504	-0.2393
			-0.4869	-0.2297	0.8427
			-0.4931	-0.724	-0.4822
			0.7209	-0.6504	0.2393
			0.4869	0.2297	-0.8427
		b:
			74.2514
			-202.9277
			244.1536
			-148.1159
			250.2823
			39.3136
			339.9445
			38.7222
			239.4978
			-331.9445
			-32.7222
			-230.4978
	==================================================================================
	Q2:
		Shape: Polyhedra
		q_c:	13.5	212.5	344.0
		ub :	18.9257	218.4726	349.2233
		lb :	8.0743	206.5274	338.7767
		A:
			-0.7046	0.3579	-0.6127
			-0.4872	-0.1964	-0.8509
			-0.9834	-0.1644	0.0772
			-0.4065	-0.8838	0.2314
			-0.7588	0.2307	-0.6091
			-0.7558	-0.5511	-0.3537
			0.6187	0.2978	0.727
			-0.7093	0.6096	0.3539
			-0.3377	-0.7347	0.5884
			-0.6187	-0.2978	-0.727
			0.7093	-0.6096	-0.3539
			0.3377	0.7347	-0.5884
		b:
			-141.2423
			-338.9071
			-18.2344
			-109.8833
			-168.0116
			-246.4127
			323.7299
			245.7083
			45.7304
			-319.7299
			-237.7083
			-37.7304
	==================================================================================
	Q3:
		Shape: Polyhedra
		q_c:	17.5	211.0	347.0
		ub :	22.6536	217.2621	352.7934
		lb :	12.3464	204.7379	341.2066
		A:
			-0.2043	-0.9789	0.0098
			-0.0528	0.6332	-0.7722
			0.7413	-0.5163	0.4289
			0.4569	0.8555	-0.2438
			-0.4997	0.4966	-0.7097
			-0.886	0.0579	0.46
			0.7343	0.5924	0.3316
			-0.2049	0.6591	-0.7236
			-0.6472	0.4633	0.6054
			-0.7343	-0.5924	-0.3316
			0.2049	-0.6591	0.7236
			0.6472	-0.4633	-0.6054
		b:
			-202.6791
			-130.7983
			56.8923
			108.1199
			-145.7982
			158.9245
			256.9158
			-111.0905
			298.494
			-248.9158
			120.0905
			-294.494
	==================================================================================
	Q4:
		Shape: Polyhedra
		q_c:	15.0	209.0	346.5
		ub :	19.1088	213.3897	350.2771
		lb :	10.8912	204.6103	342.7229
		A:
			0.2633	0.29	-0.9201
			0.0047	-0.8057	-0.5923
			0.7874	-0.4944	-0.3681
			-0.6591	0.2359	-0.7141
			0.1409	-0.5324	0.8347
			-0.9808	0.0439	-0.1902
			0.8988	0.4225	0.1168
			-0.1068	-0.0473	0.9932
			0.4252	-0.9051	0.0026
			-0.8988	-0.4225	-0.1168
			0.1068	0.0473	-0.9932
			-0.4252	0.9051	-0.0026
		b:
			-250.7988
			-370.1999
			-215.753
			-204.8171
			183.5709
			-68.6943
			144.7497
			336.1437
			-178.383
			-139.7497
			-329.1437
			185.383
	==================================================================================
	Q5:
		Shape: Hybrid
		q_c:	11.5	217.0	341.5
		ub :	16.7397	222.7153	346.6392
		lb :	6.2603	211.2847	336.3608
		P^-1:
			0.1395	-0.0412	-0.0184
			-0.0412	0.077	-0.0371
			-0.0184	-0.0371	0.1435
		A:
			-0.5588	-0.4555	0.693
			-0.7801	-0.5624	0.274
			-0.4788	0.1433	0.8662
			0.8228	0.3355	-0.4586
			0.9097	-0.3826	0.1617
			0.9284	-0.3629	0.0801
		b:
			133.0674
			-34.8143
			322.8415
			-72.4321
			-16.0549
			-39.4091
	==================================================================================
	Q6:
		Shape: Hybrid
		q_c:	15.5	221.5	349.5
		ub :	19.9633	225.9697	352.4126
		lb :	11.0367	217.0303	346.5874
		P^-1:
			0.1267	0.0251	-0.0658
			0.0251	0.1514	-0.1057
			-0.0658	-0.1057	0.3886
		A:
			0.7327	0.6527	0.1927
			0.0821	-0.2907	0.9533
			0.0474	-0.1408	0.9889
			-0.2594	-0.4092	-0.8748
			0.3751	0.6253	-0.6843
			0.3602	0.8303	-0.4252
		b:
			225.5021
			271.0109
			316.1714
			-398.5872
			-93.7895
			42.3987


===========================================================================================
===========================================================================================
S7:
	q_c:	142.0	297.0	356.0
	ub :	149.8864	302.6667	363.7196
	lb :	136.3627	291.6362	351.6842

	==================================================================================
	Q1:
		Shape: Hybrid
		q_c:	143.0	298.5	357.5
		ub :	145.0828	300.761	359.4572
		lb :	140.9172	296.239	355.5428
		P^-1:
			0.5484	0.1526	0.1538
			0.1526	0.6685	0.2258
			0.1538	0.2258	0.672
		A:
			-0.6132	-0.677	-0.407
			0.3883	0.759	0.5226
			0.6543	-0.0456	0.7548
			-0.452	0.8687	-0.2027
			0.8177	-0.197	0.5409
			-0.9174	-0.1902	-0.3496
		b:
			-434.7235
			469.439
			350.5568
			123.1809
			252.366
			-312.1979
	==================================================================================
	Q2:
		Shape: Hybrid
		q_c:	147.0	300.0	355.5
		ub :	149.8864	302.6667	358.5228
		lb :	144.1136	297.3333	352.4772
		P^-1:
			0.3608	-0.0632	0.0726
			-0.0632	0.2861	-0.0414
			0.0726	-0.0414	0.2976
		A:
			0.7884	-0.1433	-0.5983
			0.4933	-0.4893	0.7193
			0.1275	0.9918	-0.0125
			0.8865	0.4625	0.0151
			-0.2441	0.6398	-0.7288
			-0.4301	0.8884	0.1606
		b:
			-138.5949
			182.2457
			313.0336
			275.5704
			-102.0982
			261.4597
	==================================================================================
	Q3:
		Shape: Polyhedra
		q_c:	143.0	295.0	355.0
		ub :	146.1038	297.6924	358.1889
		lb :	139.8962	292.3076	351.8111
		A:
			0.0947	-0.5106	-0.8546
			0.6422	-0.7487	-0.1647
			-0.0197	-0.9537	-0.3001
			-0.8148	0.4901	0.3097
			-0.2589	-0.8812	0.3957
			-0.9091	-0.3295	0.255
			0.1753	0.9516	0.2526
			0.5839	0.106	-0.8049
			-0.7927	0.2886	-0.537
			-0.1753	-0.9516	-0.2526
			-0.5839	-0.106	0.8049
			0.7927	-0.2886	0.537
		b:
			-438.4657
			-185.4782
			-388.6964
			140.0388
			-154.4977
			-134.6805
			397.4418
			-168.9398
			-216.8707
			-393.4418
			172.9398
			220.8707
	==================================================================================
	Q4:
		Shape: Polyhedra
		q_c:	140.0	298.0	360.5
		ub :	143.6373	299.9658	363.7196
		lb :	136.3627	296.0342	357.2804
		A:
			0.1822	-0.7319	0.6566
			-0.6927	-0.4842	-0.5345
			-0.0642	-0.836	0.545
			0.3728	-0.3906	0.8417
			-0.3372	0.698	-0.6317
			-0.073	0.8777	0.4737
			0.5609	0.457	0.6903
			-0.8218	0.2064	0.5311
			0.1003	-0.8652	0.4913
			-0.5609	-0.457	-0.6903
			0.8218	-0.2064	-0.5311
			-0.1003	0.8652	-0.4913
		b:
			44.8128
			-431.9306
			-60.9505
			240.5136
			-66.0956
			424.1176
			465.5767
			140.9018
			-66.163
			-461.5767
			-134.9018
			67.163
	==================================================================================
	Q5:
		Shape: Polyhedra
		q_c:	140.0	295.0	354.0
		ub :	142.909	297.9674	356.3158
		lb :	137.091	292.0326	351.6842
		A:
			-0.2901	-0.0289	-0.9566
			0.0472	0.2273	0.9727
			0.6492	0.4179	0.6356
			0.0917	-0.059	-0.994
			0.9263	0.2873	0.2438
			0.4264	-0.6908	0.584
			0.5507	0.2559	0.7945
			0.5622	0.5898	-0.5797
			-0.6169	0.7659	0.1809
			-0.5507	-0.2559	-0.7945
			-0.5622	-0.5898	0.5797
			0.6169	-0.7659	-0.1809
		b:
			-386.5564
			419.327
			440.2445
			-354.9413
			302.2065
			64.4426
			434.8427
			49.4728
			205.6365
			-432.8427
			-45.4728
			-201.6365
	==================================================================================
	Q6:
		Shape: Ellipse
		q_c:	140.0	294.5	358.5
		ub :	142.9736	297.3638	361.3876
		lb :	137.0264	291.6362	355.6124
		P^-1:
			0.3525	-0.0834	0.0634
			-0.0834	0.3177	-0.0476
			0.0634	-0.0476	0.1842


===========================================================================================
===========================================================================================
S8:
	q_c:	480.5	137.5	124.5
	ub :	507.2974	150.2086	146.6462
	lb :	461.1024	116.672	102.4164

	==================================================================================
	Q1:
		Shape: Hybrid
		q_c:	495.0	130.5	113.0
		ub :	507.2974	141.6617	123.5836
		lb :	482.7026	119.3383	102.4164
		P^-1:
			0.0256	-0.0157	0.0137
			-0.0157	0.0347	-0.0183
			0.0137	-0.0183	0.0299
		A:
			0.7526	-0.6166	0.231
			-0.5082	0.0607	-0.8591
			0.1899	-0.8126	0.551
			-0.2611	0.9653	0.0092
			0.5334	-0.4631	0.7079
			-0.444	0.3131	-0.8395
		b:
			321.2672
			-336.5878
			52.9316
			2.0972
			285.941
			-270.6984
	==================================================================================
	Q2:
		Shape: Hybrid
		q_c:	470.0	125.5	124.5
		ub :	478.8976	134.328	133.9013
		lb :	461.1024	116.672	115.0987
		P^-1:
			0.0489	0.0104	-0.0158
			0.0104	0.0345	0.0132
			-0.0158	0.0132	0.0441
		A:
			-0.9499	-0.3121	-0.0191
			-0.2087	-0.7835	-0.5853
			-0.2507	0.9034	0.3478
			0.9451	0.2296	-0.2326
			-0.1063	0.943	0.3154
			-0.4659	-0.2834	0.8382
		b:
			-485.3761
			-266.8016
			42.4389
			446.3289
			111.1969
			-147.1507
	==================================================================================
	Q3:
		Shape: Ellipse
		q_c:	486.5	131.5	114.0
		ub :	491.1602	138.7309	120.9492
		lb :	481.8398	124.2691	107.0508
		P^-1:
			0.3371	-0.0436	-0.169
			-0.0436	0.0542	0.0455
			-0.169	0.0455	0.1434
	==================================================================================
	Q4:
		Shape: Ellipse
		q_c:	472.0	141.5	137.0
		ub :	481.7978	147.2133	146.6462
		lb :	462.2022	135.7867	127.3538
		P^-1:
			0.0477	0.0051	0.0343
			0.0051	0.0809	-0.0051
			0.0343	-0.0051	0.047
	==================================================================================
	Q5:
		Shape: Ellipse
		q_c:	472.5	141.0	116.5
		ub :	480.7999	150.2086	125.5153
		lb :	464.2001	131.7914	107.4847
		P^-1:
			0.039	-0.0017	0.0043
			-0.0017	0.0372	0.0072
			0.0043	0.0072	0.0216
	==================================================================================
	Q6:
		Shape: Polyhedra
		q_c:	485.5	132.0	112.5
		ub :	491.0968	140.3735	120.196
		lb :	479.9032	123.6265	104.804
		A:
			0.9838	0.0264	-0.1774
			-0.6294	0.7768	-0.0202
			0.8086	-0.3298	-0.4872
			-0.9416	-0.291	-0.1693
			0.6515	0.697	-0.2997
			-0.8172	0.4838	0.3131
			0.0513	0.5625	0.8252
			-0.9874	0.1522	-0.0423
			-0.1494	-0.8127	0.5632
			-0.0513	-0.5625	-0.8252
			0.9874	-0.1522	0.0423
			0.1494	0.8127	-0.5632
		b:
			465.7801
			-200.2287
			298.9259
			-509.9161
			380.172
			-293.0396
			197.0095
			-459.5685
			-110.4615
			-187.0095
			468.5685
			122.4615


===========================================================================================
===========================================================================================
S9:
	q_c:	46.5	214.5	179.5
	ub :	68.9793	226.0566	201.4093
	lb :	22.8857	195.4374	161.6605

	==================================================================================
	Q1:
		Shape: Ellipse
		q_c:	44.0	208.0	173.5
		ub :	50.9907	214.5859	179.5868
		lb :	37.0093	201.4141	167.4132
		P^-1:
			0.0617	-0.0248	-0.0258
			-0.0248	0.0707	-0.0021
			-0.0258	-0.0021	0.0935
	==================================================================================
	Q2:
		Shape: Polyhedra
		q_c:	33.5	207.5	183.5
		ub :	44.1143	217.4485	194.8014
		lb :	22.8857	197.5515	172.1986
		A:
			-0.8292	0.0926	0.5513
			-0.0555	-0.6108	-0.7898
			0.952	-0.2729	-0.1389
			-0.9701	0.0749	0.231
			-0.3883	0.9211	-0.0291
			-0.8888	0.2907	0.3543
			0.8964	0.0937	0.4332
			-0.3562	-0.4291	0.83
			0.2637	-0.8984	-0.3513
			-0.8964	-0.0937	-0.4332
			0.3562	0.4291	-0.83
			-0.2637	0.8984	0.3513
		b:
			99.59
			-266.5379
			-43.207
			32.435
			179.7843
			102.5617
			135.967
			58.3414
			-235.0379
			-121.967
			-44.3414
			249.0379
	==================================================================================
	Q3:
		Shape: Hybrid
		q_c:	61.0	220.5	170.0
		ub :	68.9793	226.0566	178.3395
		lb :	53.0207	214.9434	161.6605
		P^-1:
			0.0577	0.0092	0.0214
			0.0092	0.0729	0.0033
			0.0214	0.0033	0.0372
		A:
			0.3366	-0.86	-0.3835
			-0.442	0.8358	-0.3258
			0.1766	0.9214	-0.3463
			0.2575	0.9193	-0.2977
			-0.0329	0.7802	-0.6247
			-0.6472	-0.7578	-0.083
		b:
			-231.2943
			104.1551
			157.5017
			170.1992
			66.7156
			-218.6768
	==================================================================================
	Q4:
		Shape: Ellipse
		q_c:	57.0	206.5	190.5
		ub :	60.2632	217.5626	201.4093
		lb :	53.7368	195.4374	179.5907
		P^-1:
			0.2465	-0.0259	-0.0116
			-0.0259	0.0193	0.0024
			-0.0116	0.0024	0.0176
	==================================================================================
	Q5:
		Shape: Hybrid
		q_c:	35.0	214.5	191.5
		ub :	42.8852	221.77	196.4881
		lb :	27.1148	207.23	186.5119
		P^-1:
			0.0468	0.0395	-0.0082
			0.0395	0.1071	-0.0819
			-0.0082	-0.0819	0.1981
		A:
			0.052	-0.3474	0.9363
			0.5232	0.8206	-0.23
			-0.3723	-0.8753	0.3086
			0.3918	0.9197	-0.0259
			-0.2782	-0.6409	0.7154
			0.2156	0.9462	-0.2413
		b:
			107.7567
			152.1752
			-139.8419
			208.4115
			-9.1044
			166.7053
	==================================================================================
	Q6:
		Shape: Polyhedra
		q_c:	32.5	213.5	190.5
		ub :	41.191	219.6231	199.7262
		lb :	23.809	207.3769	181.2738
		A:
			-0.6604	0.2668	-0.7019
			-0.4681	0.7674	-0.4383
			-0.0096	-0.9498	0.3127
			-0.4925	0.5633	-0.6634
			0.5423	-0.7865	0.2956
			0.2722	-0.957	0.0998
			0.5062	0.5354	0.6761
			0.292	-0.844	0.4498
			0.8115	-0.0303	-0.5836
			-0.5062	-0.5354	-0.6761
			-0.292	0.844	-0.4498
			-0.8115	0.0303	0.5836
		b:
			-92.6388
			67.446
			-140.3616
			-18.4497
			-91.5559
			-173.2363
			267.5568
			-83.0176
			-86.2744
			-251.5568
			87.0176
			96.2744


===========================================================================================
===========================================================================================
S10:
	q_c:	266.5	68.0	84.0
	ub :	291.4742	90.1517	109.2684
	lb :	257.3594	45.3601	57.6447

	==================================================================================
	Q1:
		Shape: Ellipse
		q_c:	282.0	64.5	71.5
		ub :	291.4742	74.3144	79.5094
		lb :	272.5258	54.6856	63.4906
		P^-1:
			0.0458	0.0135	-0.0253
			0.0135	0.027	-0.0049
			-0.0253	-0.0049	0.0597
	==================================================================================
	Q2:
		Shape: Ellipse
		q_c:	270.0	58.0	96.5
		ub :	282.1537	66.8917	109.2684
		lb :	257.8463	49.1083	83.7316
		P^-1:
			0.0146	0.0006	-0.001
			0.0006	0.0231	-0.002
			-0.001	-0.002	0.0155
	==================================================================================
	Q3:
		Shape: Ellipse
		q_c:	274.5	58.5	85.5
		ub :	277.369	69.4892	96.5441
		lb :	271.631	47.5108	74.4559
		P^-1:
			0.1598	0.0024	-0.0048
			0.0024	0.0168	-0.0012
			-0.0048	-0.0012	0.0168
	==================================================================================
	Q4:
		Shape: Hybrid
		q_c:	267.5	73.5	68.5
		ub :	277.6406	82.4832	79.3553
		lb :	257.3594	64.5168	57.6447
		P^-1:
			0.019	0.0009	0.003
			0.0009	0.0251	0.0017
			0.003	0.0017	0.0251
		A:
			0.0099	0.0808	0.9967
			-0.3612	0.5302	0.7671
			-0.1041	0.8554	-0.5074
			-0.6814	-0.6944	0.2315
			0.8849	-0.3859	0.2607
			0.8988	-0.0628	0.4339
		b:
			80.2046
			-1.4484
			3.7823
			-213.5237
			230.2404
			269.3511
	==================================================================================
	Q5:
		Shape: Ellipse
		q_c:	273.0	77.0	88.0
		ub :	284.2476	90.1517	98.9196
		lb :	261.7524	63.8483	77.0804
		P^-1:
			0.0414	-0.0105	-0.0218
			-0.0105	0.0146	0.0021
			-0.0218	0.0021	0.036
	==================================================================================
	Q6:
		Shape: Ellipse
		q_c:	271.0	53.0	98.0
		ub :	277.208	60.6399	105.0433
		lb :	264.792	45.3601	90.9567
		P^-1:
			0.1567	-0.0268	-0.0997
			-0.0268	0.0492	0.0369
			-0.0997	0.0369	0.1213


===========================================================================================
===========================================================================================
S11:
	q_c:	277.5	127.5	290.5
	ub :	290.3016	142.325	302.595
	lb :	264.1739	122.6128	277.1455

	==================================================================================
	Q1:
		Shape: Hybrid
		q_c:	284.0	136.0	287.5
		ub :	290.3016	142.325	294.9618
		lb :	277.6984	129.675	280.0382
		P^-1:
			0.0664	-0.0032	-0.0223
			-0.0032	0.0399	0.0004
			-0.0223	0.0004	0.0484
		A:
			0.695	0.0546	-0.717
			-0.0102	0.9622	-0.2721
			0.9643	0.0265	-0.2636
			0.7996	-0.5732	0.179
			0.9227	-0.3724	0.0994
			-0.5609	-0.0503	-0.8264
		b:
			0.5328
			52.9831
			203.7157
			203.498
			242.6481
			-399.9772
	==================================================================================
	Q2:
		Shape: Polyhedra
		q_c:	282.0	129.0	289.5
		ub :	287.6678	135.3872	295.13
		lb :	276.3322	122.6128	283.87
		A:
			0.7812	0.527	0.3347
			0.1801	-0.7732	0.6081
			0.3251	0.0765	-0.9426
			0.1231	0.9803	-0.1546
			0.5876	0.5695	0.5747
			0.7264	0.1595	-0.6685
			0.8476	0.4172	0.3279
			-0.02	-0.5924	0.8054
			0.5302	-0.6892	-0.4938
			-0.8476	-0.4172	-0.3279
			0.02	0.5924	-0.8054
			-0.5302	0.6892	0.4938
		b:
			388.6913
			129.9718
			-167.7547
			119.9892
			409.2911
			35.7042
			391.2652
			153.6061
			-77.3428
			-384.2652
			-148.6061
			87.3428
	==================================================================================
	Q3:
		Shape: Hybrid
		q_c:	275.0	132.5	297.5
		ub :	281.8214	138.5601	302.595
		lb :	268.1786	126.4399	292.405
		P^-1:
			0.0503	-0.0299	-0.0125
			-0.0299	0.0965	-0.0061
			-0.0125	-0.0061	0.1085
		A:
			0.1423	-0.9023	0.407
			0.3626	-0.9293	0.07
			0.6321	-0.594	-0.4976
			-0.6716	0.2909	0.6814
			0.0634	0.0919	0.9937
			0.8263	0.3874	-0.4088
		b:
			42.2728
			-1.0644
			-51.2858
			58.4793
			327.003
			160.2727
	==================================================================================
	Q4:
		Shape: Ellipse
		q_c:	274.5	136.0	282.0
		ub :	279.3368	140.393	286.8545
		lb :	269.6632	131.607	277.1455
		P^-1:
			0.0863	0.0196	0.0194
			0.0196	0.1641	0.0819
			0.0194	0.0819	0.1629
	==================================================================================
	Q5:
		Shape: Ellipse
		q_c:	279.5	133.0	292.5
		ub :	285.1211	137.2805	298.1603
		lb :	273.8789	128.7195	286.8397
		P^-1:
			0.0933	0.0202	0.0482
			0.0202	0.1994	0.0688
			0.0482	0.0688	0.1177
	==================================================================================
	Q6:
		Shape: Ellipse
		q_c:	270.5	136.5	285.0
		ub :	276.8261	141.8996	291.7867
		lb :	264.1739	131.1004	278.2133
		P^-1:
			0.0601	0.0026	-0.0092
			0.0026	0.0784	-0.0085
			-0.0092	-0.0085	0.0456


===========================================================================================
===========================================================================================
S12:
	q_c:	269.0	256.5	233.5
	ub :	276.8351	264.8283	239.4382
	lb :	266.0474	253.0773	227.5196

	==================================================================================
	Q1:
		Shape: Ellipse
		q_c:	269.5	257.0	230.0
		ub :	272.0541	259.2273	232.2367
		lb :	266.9459	254.7727	227.7633
		P^-1:
			0.4444	0.0	0.0
			0.0	0.4444	-0.0
			0.0	-0.0	0.4444
	==================================================================================
	Q2:
		Shape: Polyhedra
		q_c:	274.5	256.0	230.0
		ub :	276.8351	258.3225	232.4804
		lb :	272.1649	253.6775	227.5196
		A:
			-0.1258	0.9266	0.3544
			0.0158	0.5682	0.8228
			-0.4153	-0.895	0.163
			0.7381	-0.4635	0.4904
			-0.8997	0.1861	-0.3949
			0.4757	0.7824	-0.402
			0.817	0.3959	0.4192
			-0.5414	0.2768	0.7939
			0.1983	-0.8756	0.4405
			-0.817	-0.3959	-0.4192
			0.5414	-0.2768	-0.7939
			-0.1983	0.8756	-0.4405
		b:
			285.6782
			340.5302
			-304.1155
			198.2343
			-288.6439
			239.9185
			423.5418
			106.3246
			-66.9015
			-420.5418
			-103.3246
			69.9015
	==================================================================================
	Q3:
		Shape: Polyhedra
		q_c:	271.5	258.0	230.0
		ub :	273.673	260.154	232.2973
		lb :	269.327	255.846	227.7027
		A:
			-0.7036	0.2288	-0.6727
			-0.7578	0.2483	0.6034
			0.1756	-0.8984	0.4025
			-0.1673	-0.4002	-0.901
			0.2122	0.1882	0.9589
			0.4859	0.5422	0.6855
			0.9304	0.149	0.3348
			-0.2616	-0.37	0.8915
			0.2567	-0.917	-0.3053
			-0.9304	-0.149	-0.3348
			0.2616	0.37	-0.8915
			-0.2567	0.917	0.3053
		b:
			-285.2468
			-1.3932
			-90.0484
			-354.403
			328.2316
			430.9752
			369.5646
			40.0718
			-235.6011
			-366.5646
			-37.0718
			238.6011
	==================================================================================
	Q4:
		Shape: Polyhedra
		q_c:	272.0	255.5	232.5
		ub :	274.9673	257.9227	235.3627
		lb :	269.0327	253.0773	229.6373
		A:
			-0.1752	0.483	-0.8579
			-0.0311	0.9755	-0.2178
			0.2784	-0.6208	-0.7329
			0.4927	0.7447	0.4502
			-0.9614	-0.2692	0.0564
			0.3331	-0.9199	0.207
			0.6404	0.3097	0.7028
			-0.7394	0.4961	0.4552
			-0.2077	-0.8112	0.5467
			-0.6404	-0.3097	-0.7028
			0.7394	-0.4961	-0.4552
			0.2077	0.8112	-0.5467
		b:
			-122.2993
			191.3932
			-251.2897
			430.7871
			-315.3426
			-94.8152
			418.7283
			33.4456
			-135.6352
			-414.7283
			-29.4456
			137.6352
	==================================================================================
	Q5:
		Shape: Ellipse
		q_c:	270.0	261.5	236.0
		ub :	272.502	264.8283	239.4382
		lb :	267.498	258.1717	232.5618
		P^-1:
			0.2477	0.0105	-0.0096
			0.0105	0.2023	0.0437
			-0.0096	0.0437	0.21
	==================================================================================
	Q6:
		Shape: Polyhedra
		q_c:	268.0	257.0	231.5
		ub :	269.9526	259.4877	233.0652
		lb :	266.0474	254.5123	229.9348
		A:
			0.9275	0.2417	0.2851
			0.8705	-0.1508	0.4686
			0.5429	0.1374	0.8285
			-0.4582	-0.56	-0.6902
			0.484	-0.3115	-0.8177
			-0.0546	-0.6995	-0.7125
			0.0568	0.292	0.9547
			-0.9745	0.2241	-0.0106
			-0.217	-0.9298	0.2973
			-0.0568	-0.292	-0.9547
			0.9745	-0.2241	0.0106
			0.217	0.9298	-0.2973
		b:
			378.2097
			304.4063
			373.7625
			-425.2333
			-138.471
			-358.0947
			312.2935
			-204.5202
			-226.2921
			-310.2935
			207.5202
			230.2921


===========================================================================================
===========================================================================================
