3D_50_8_6_b                l = 3

===========================================================================================
===========================================================================================
S1:
	q_c:	43.5	366.5	140.0
	ub :	64.0465	388.4181	155.7996
	lb :	18.6665	359.959	124.8789

	==================================================================================
	Q1:
		Shape: Ellipse
		q_c:	26.5	380.0	133.5
		ub :	34.3335	388.0677	142.1211
		lb :	18.6665	371.9323	124.8789
		P^-1:
			0.0857	-0.0545	-0.03
			-0.0545	0.0737	0.0423
			-0.03	0.0423	0.0584
	==================================================================================
	Q2:
		Shape: Polyhedra
		q_c:	37.0	381.0	133.0
		ub :	42.2566	384.99	137.9329
		lb :	31.7434	377.01	128.0671
		A:
			-0.3811	0.9198	-0.094
			-0.8157	-0.5118	-0.2696
			0.7355	-0.1435	-0.6622
			0.1831	0.9507	0.2502
			0.5085	-0.7884	-0.346
			0.0316	0.3587	-0.9329
			0.9711	0.0671	0.2291
			-0.145	-0.5967	0.7892
			0.1897	-0.7996	-0.5698
			-0.9711	-0.0671	-0.2291
			0.145	0.5967	-0.7892
			-0.1897	0.7996	0.5698
		b:
			326.7311
			-256.9061
			-112.1493
			404.8748
			-325.1024
			17.2032
			96.4829
			-124.2576
			-371.4115
			-87.4829
			131.2576
			375.4115
	==================================================================================
	Q3:
		Shape: Polyhedra
		q_c:	56.0	378.0	147.0
		ub :	64.0465	383.6696	155.7996
		lb :	47.9535	372.3304	138.2004
		A:
			-0.4786	0.2414	-0.8442
			-0.4682	-0.8836	0.0046
			0.1084	0.5785	-0.8084
			0.3783	0.921	0.093
			-0.1701	-0.8361	0.5215
			0.8705	0.4911	0.0327
			0.288	0.3263	0.9003
			-0.1402	0.9444	-0.2975
			-0.9473	-0.0405	0.3177
			-0.288	-0.3263	-0.9003
			0.1402	-0.9444	0.2975
			0.9473	0.0405	-0.3177
		b:
			-53.9091
			-354.7584
			110.7637
			387.7667
			-244.9145
			245.0651
			278.3292
			308.8996
			-15.6559
			-265.3292
			-301.8996
			27.6559
	==================================================================================
	Q4:
		Shape: Polyhedra
		q_c:	31.0	380.0	137.5
		ub :	40.3299	388.4181	146.6854
		lb :	21.6701	371.5819	128.3146
		A:
			-0.5359	-0.8442	-0.0067
			0.2407	0.7794	0.5784
			-0.4098	0.8236	-0.3921
			0.5579	0.3449	0.7549
			0.8503	0.0104	-0.5262
			0.1115	0.5066	0.8549
			0.8425	0.2429	0.4808
			-0.5154	0.1037	0.8507
			0.1568	-0.9645	0.2125
			-0.8425	-0.2429	-0.4808
			0.5154	-0.1037	-0.8507
			-0.1568	0.9645	-0.2125
		b:
			-331.881
			389.4852
			252.8367
			258.5101
			-36.3211
			319.519
			191.0297
			145.8784
			-325.9303
			-178.0297
			-134.8784
			338.9303
	==================================================================================
	Q5:
		Shape: Polyhedra
		q_c:	48.5	375.5	144.0
		ub :	52.6372	381.3488	150.0782
		lb :	44.3628	369.6512	137.9218
		A:
			0.6969	-0.5798	0.4221
			-0.7508	0.5089	-0.4211
			-0.2392	-0.9584	-0.1559
			-0.127	0.5718	-0.8105
			0.6148	0.5372	0.5774
			-0.7057	0.1695	-0.688
			0.1744	0.7278	0.6633
			-0.1099	0.6838	-0.7214
			-0.9785	0.0529	0.1992
			-0.1744	-0.7278	-0.6633
			0.1099	-0.6838	0.7214
			0.9785	-0.0529	-0.1992
		b:
			-120.1399
			97.0371
			-389.4116
			94.8697
			319.3103
			-66.132
			382.2463
			150.5552
			4.0815
			-372.2463
			-144.5552
			1.9185
	==================================================================================
	Q6:
		Shape: Hybrid
		q_c:	40.0	365.5	146.0
		ub :	48.9013	371.041	153.1444
		lb :	31.0987	359.959	138.8556
		P^-1:
			0.0742	0.0081	-0.0884
			0.0081	0.1353	-0.0637
			-0.0884	-0.0637	0.1655
		A:
			0.3388	0.8205	-0.4604
			-0.8402	-0.1252	0.5277
			-0.4625	-0.3478	0.8155
			0.3005	0.7699	0.563
			-0.478	0.7432	-0.4681
			0.6068	-0.3251	-0.7253
		b:
			248.0106
			0.6273
			-25.5341
			381.2248
			187.7822
			-198.8546


===========================================================================================
===========================================================================================
S2:
	q_c:	22.0	18.0	289.0
	ub :	30.1293	23.8655	298.7311
	lb :	15.4717	8.0336	284.313

	==================================================================================
	Q1:
		Shape: Ellipse
		q_c:	25.5	12.5	295.0
		ub :	28.778	16.9664	298.7311
		lb :	22.222	8.0336	291.2689
		P^-1:
			0.1619	0.0006	-0.02
			0.0006	0.1234	0.0705
			-0.02	0.0705	0.2063
	==================================================================================
	Q2:
		Shape: Hybrid
		q_c:	24.5	21.0	288.0
		ub :	27.8389	23.8655	291.2672
		lb :	21.1611	18.1345	284.7328
		P^-1:
			0.2412	-0.0018	-0.0266
			-0.0018	0.2496	-0.0055
			-0.0266	-0.0055	0.1692
		A:
			-0.7898	-0.5872	-0.1774
			0.6977	-0.3039	-0.6487
			-0.9655	-0.1948	-0.1726
			-0.0386	-0.6123	0.7897
			-0.4334	0.8305	-0.3498
			-0.9235	-0.3632	-0.1234
		b:
			-81.6598
			-175.0287
			-76.3401
			214.8886
			-92.8305
			-64.7036
	==================================================================================
	Q3:
		Shape: Ellipse
		q_c:	26.5	18.5	293.5
		ub :	29.0139	21.4536	296.8647
		lb :	23.9861	15.5464	290.1353
		P^-1:
			2.5136	-1.5082	1.1063
			-1.5082	1.1264	-0.7089
			1.1063	-0.7089	0.68
	==================================================================================
	Q4:
		Shape: Hybrid
		q_c:	18.5	18.0	293.0
		ub :	21.5283	22.384	297.1248
		lb :	15.4717	13.616	288.8752
		P^-1:
			0.2493	-0.0094	-0.005
			-0.0094	0.1187	-0.0691
			-0.005	-0.0691	0.2136
		A:
			-0.3768	0.8092	0.4509
			-0.4522	-0.6727	0.5856
			-0.4156	-0.8909	0.1829
			0.6783	0.6987	-0.2276
			-0.115	-0.2775	0.9538
			-0.4293	-0.0718	-0.9003
		b:
			141.983
			152.3459
			31.7686
			-40.0109
			273.4253
			-271.5441
	==================================================================================
	Q5:
		Shape: Ellipse
		q_c:	23.5	21.5	287.5
		ub :	26.0105	23.8493	290.0537
		lb :	20.9895	19.1507	284.9463
		P^-1:
			0.4444	-0.0	-0.0
			-0.0	0.4444	-0.0
			-0.0	-0.0	0.4444
	==================================================================================
	Q6:
		Shape: Hybrid
		q_c:	26.0	13.5	288.5
		ub :	30.1293	17.9344	292.687
		lb :	21.8707	9.0656	284.313
		P^-1:
			0.2976	-0.0593	-0.1621
			-0.0593	0.1281	0.0602
			-0.1621	0.0602	0.2115
		A:
			-0.0943	-0.822	0.5616
			-0.9196	0.392	0.0274
			-0.2602	-0.9643	0.0486
			0.8946	0.4265	-0.1331
			-0.8222	0.4736	-0.3158
			-0.4218	0.0445	0.9056
		b:
			150.959
			-9.0936
			-3.4651
			-7.6364
			-103.8071
			252.3036


===========================================================================================
===========================================================================================
S3:
	q_c:	390.0	188.0	387.0
	ub :	407.6647	210.2432	405.0439
	lb :	367.3235	169.4498	366.5626

	==================================================================================
	Q1:
		Shape: Polyhedra
		q_c:	379.5	203.0	393.0
		ub :	391.6765	210.2432	405.0439
		lb :	367.3235	195.7568	380.9561
		A:
			-0.5285	0.8081	0.2599
			-0.0664	0.822	0.5657
			-0.7746	0.0987	-0.6248
			0.2495	0.9672	-0.0486
			-0.6145	0.5461	0.5694
			0.4375	0.2625	0.8601
			0.7393	0.15	0.6565
			-0.6125	-0.2553	0.7481
			0.2798	-0.9552	-0.0969
			-0.7393	-0.15	-0.6565
			0.6125	0.2553	-0.7481
			-0.2798	0.9552	0.0969
		b:
			70.4046
			369.289
			-512.12
			277.5475
			108.105
			564.8481
			576.5039
			18.7095
			-121.7718
			-561.5039
			-0.7095
			129.7718
	==================================================================================
	Q2:
		Shape: Hybrid
		q_c:	394.0	180.5	382.0
		ub :	404.3931	189.7619	393.3106
		lb :	383.6069	171.2381	370.6894
		P^-1:
			0.0206	0.0012	-0.0006
			0.0012	0.0303	-0.0051
			-0.0006	-0.0051	0.023
		A:
			-0.1365	-0.577	-0.8052
			0.8395	-0.2195	0.497
			0.6458	-0.5898	0.4849
			0.9189	-0.228	0.3218
			0.2151	-0.7976	-0.5635
			0.7827	-0.3583	0.5089
		b:
			-461.3362
			485.1279
			336.8185
			448.0176
			-270.4964
			442.076
	==================================================================================
	Q3:
		Shape: Ellipse
		q_c:	391.0	198.5	380.0
		ub :	397.8319	206.8914	387.1044
		lb :	384.1681	190.1086	372.8956
		P^-1:
			0.0318	-0.0119	0.0195
			-0.0119	0.0497	-0.0601
			0.0195	-0.0601	0.1219
	==================================================================================
	Q4:
		Shape: Polyhedra
		q_c:	381.0	180.0	380.0
		ub :	391.4358	190.5502	388.0716
		lb :	370.5642	169.4498	371.9284
		A:
			0.9512	0.282	0.1253
			-0.9145	0.3676	-0.1693
			0.3977	-0.4502	0.7994
			-0.1869	-0.7045	0.6847
			-0.7289	-0.5597	0.3942
			-0.0943	0.9938	0.0595
			0.5544	0.6209	0.5541
			0.249	0.5116	-0.8224
			-0.7941	0.5939	0.129
			-0.5544	-0.6209	-0.5541
			-0.249	-0.5116	0.8224
			0.7941	-0.5939	-0.129
		b:
			467.6048
			-339.6185
			379.6157
			66.3895
			-223.3562
			172.0904
			540.5763
			-121.5368
			-139.6213
			-526.5763
			129.5368
			153.6213
	==================================================================================
	Q5:
		Shape: Polyhedra
		q_c:	383.5	180.0	374.5
		ub :	391.6	189.447	382.4374
		lb :	375.4	170.553	366.5626
		A:
			0.7138	-0.5976	0.3653
			-0.4805	0.6324	-0.6076
			-0.2128	-0.8082	0.5491
			-0.8601	0.0636	-0.5062
			-0.7537	0.4078	-0.5153
			-0.104	0.9911	-0.0827
			0.4833	0.8751	0.0238
			0.8729	-0.4838	0.0631
			0.0667	-0.0098	-0.9977
			-0.4833	-0.8751	-0.0238
			-0.8729	0.4838	-0.0631
			-0.0667	0.0098	0.9977
		b:
			307.6215
			-292.1086
			-13.4362
			-502.3229
			-403.7043
			114.8706
			360.2619
			275.3279
			-342.3102
			-343.2619
			-267.3279
			357.3102
	==================================================================================
	Q6:
		Shape: Polyhedra
		q_c:	402.5	184.5	377.0
		ub :	407.6647	189.7601	383.2735
		lb :	397.3353	179.2399	370.7265
		A:
			-0.9987	0.0495	-0.014
			-0.5905	0.6754	0.4417
			-0.5867	-0.4182	-0.6935
			0.1561	0.8862	0.4361
			-0.7453	0.1724	0.6441
			0.6541	-0.7491	0.1047
			0.1105	0.9244	0.365
			0.4825	0.2711	-0.8329
			-0.8689	0.2681	-0.416
			-0.1105	-0.9244	-0.365
			-0.4825	-0.2711	0.8329
			0.8689	-0.2681	0.416
		b:
			-394.72
			57.078
			-571.4243
			394.2638
			-21.1896
			167.7067
			356.14
			-65.285
			-454.1111
			-349.14
			74.285
			460.1111


===========================================================================================
===========================================================================================
S4:
	q_c:	287.0	483.0	58.0
	ub :	305.4084	500.7653	81.638
	lb :	260.2184	454.7454	36.529

	==================================================================================
	Q1:
		Shape: Hybrid
		q_c:	273.0	469.5	42.0
		ub :	281.0968	475.8578	47.471
		lb :	264.9032	463.1422	36.529
		P^-1:
			0.0389	0.014	-0.0259
			0.014	0.0567	0.0023
			-0.0259	0.0023	0.1017
		A:
			-0.2526	-0.8756	0.4118
			-0.0579	-0.7367	0.6737
			0.2739	0.8645	0.4215
			-0.336	-0.2733	0.9013
			-0.7071	0.5728	0.4147
			0.4979	-0.5199	-0.6941
		b:
			-460.2887
			-330.6806
			500.8036
			-180.5849
			96.9606
			-134.7695
	==================================================================================
	Q2:
		Shape: Hybrid
		q_c:	299.0	494.5	71.5
		ub :	305.4084	500.7653	76.9034
		lb :	292.5916	488.2347	66.0966
		P^-1:
			0.0345	0.0074	-0.0027
			0.0074	0.0699	-0.0092
			-0.0027	-0.0092	0.0727
		A:
			-0.3902	0.0752	0.9176
			-0.3846	-0.2898	0.8764
			-0.7055	-0.7083	-0.0243
			-0.4087	0.2063	-0.889
			0.0978	0.9866	0.1306
			-0.2515	0.9344	0.2524
		b:
			-11.5779
			-193.6261
			-560.2938
			-81.4039
			528.5549
			407.3715
	==================================================================================
	Q3:
		Shape: Hybrid
		q_c:	295.5	466.5	62.0
		ub :	302.6733	478.2546	74.1889
		lb :	288.3267	454.7454	49.8111
		P^-1:
			0.0425	0.0043	0.0015
			0.0043	0.0301	0.0187
			0.0015	0.0187	0.0258
		A:
			0.9076	0.3723	0.1939
			0.4598	-0.7672	-0.4473
			-0.9769	-0.1603	0.141
			0.6984	0.4771	0.5335
			0.9368	0.2007	-0.2866
			-0.9067	-0.3637	0.2135
		b:
			456.3333
			-246.7716
			-351.9212
			464.4223
			356.023
			-420.7882
	==================================================================================
	Q4:
		Shape: Polyhedra
		q_c:	269.0	481.0	53.5
		ub :	277.7816	490.7662	63.199
		lb :	260.2184	471.2338	43.801
		A:
			0.8151	-0.3955	0.4233
			0.7995	0.5468	0.2486
			0.5283	0.792	0.3059
			0.8972	-0.0211	-0.4411
			0.7962	-0.4407	-0.4146
			-0.9758	-0.1881	-0.1119
			0.9366	0.2519	0.2437
			0.1642	-0.9297	0.3297
			0.3097	-0.2688	-0.9121
			-0.9366	-0.2519	-0.2437
			-0.1642	0.9297	-0.3297
			-0.3097	0.2688	0.9121
		b:
			58.1211
			497.4816
			545.815
			213.8226
			-13.5166
			-352.9134
			392.1261
			-378.3648
			-88.2887
			-380.1261
			392.3648
			101.2887
	==================================================================================
	Q5:
		Shape: Hybrid
		q_c:	277.0	474.5	68.0
		ub :	290.081	485.1184	80.295
		lb :	263.919	463.8816	55.705
		P^-1:
			0.0174	-0.0052	0.0001
			-0.0052	0.0249	0.0018
			0.0001	0.0018	0.0149
		A:
			-0.0114	-0.148	-0.9889
			-0.1961	0.4066	-0.8923
			0.5849	0.7756	-0.2373
			-0.273	-0.7015	-0.6583
			0.9617	-0.2685	0.0552
			0.961	-0.0918	-0.2607
		b:
			-135.5393
			82.9438
			518.9905
			-448.8556
			147.0483
			209.67
	==================================================================================
	Q6:
		Shape: Hybrid
		q_c:	277.0	487.5	71.5
		ub :	285.9491	493.8445	81.638
		lb :	268.0509	481.1555	61.362
		P^-1:
			0.0578	-0.0075	-0.0321
			-0.0075	0.0793	-0.0101
			-0.0321	-0.0101	0.0386
		A:
			-0.7818	0.6108	-0.1253
			-0.5332	-0.7282	0.4307
			0.8986	0.37	0.2359
			-0.6217	0.7721	-0.1316
			-0.0284	-0.9807	0.1933
			-0.6988	0.2187	0.681
		b:
			75.5575
			-470.0168
			451.7741
			197.4363
			-470.3822
			-36.2584


===========================================================================================
===========================================================================================
S5:
	q_c:	305.5	470.5	369.0
	ub :	310.2336	475.9479	377.1161
	lb :	298.1448	464.6959	362.4755

	==================================================================================
	Q1:
		Shape: Hybrid
		q_c:	307.5	472.5	372.0
		ub :	310.2336	475.9479	375.707
		lb :	304.7664	469.0521	368.293
		P^-1:
			0.614	0.3482	0.1602
			0.3482	0.4783	0.2269
			0.1602	0.2269	0.2688
		A:
			-0.3396	-0.7875	-0.5143
			-0.945	0.2965	-0.1381
			0.7379	0.3895	0.5512
			-0.6407	-0.7678	0.0007
			0.731	0.6664	0.1472
			-0.7938	-0.6027	-0.0821
		b:
			-667.0985
			-200.2775
			616.8033
			-558.5814
			595.0015
			-558.7277
	==================================================================================
	Q2:
		Shape: Polyhedra
		q_c:	305.5	467.0	366.0
		ub :	308.4594	469.2073	369.5245
		lb :	302.5406	464.7927	362.4755
		A:
			-0.091	-0.9257	-0.3672
			-0.2464	0.9655	-0.084
			-0.3813	-0.894	-0.2352
			0.07	-0.9861	-0.1504
			-0.5018	-0.8196	-0.2764
			-0.2616	0.9598	0.1016
			0.1449	0.9338	0.3271
			0.9822	-0.0957	-0.1617
			-0.1197	0.3447	-0.931
			-0.1449	-0.9338	-0.3271
			-0.9822	0.0957	0.1617
			0.1197	-0.3447	0.931
		b:
			-593.4886
			346.6091
			-618.9201
			-492.9615
			-635.9109
			407.031
			601.0779
			198.6672
			-213.3335
			-599.0779
			-193.6672
			219.3335
	==================================================================================
	Q3:
		Shape: Ellipse
		q_c:	304.5	470.0	369.0
		ub :	306.7792	472.6682	371.528
		lb :	302.2208	467.3318	366.472
		P^-1:
			0.6819	0.1016	-0.2792
			0.1016	0.4373	-0.2195
			-0.2792	-0.2195	0.5752
	==================================================================================
	Q4:
		Shape: Hybrid
		q_c:	303.0	467.0	373.0
		ub :	306.5415	469.3041	376.9464
		lb :	299.4585	464.6959	369.0536
		P^-1:
			0.1537	-0.0127	0.0204
			-0.0127	0.4299	-0.0651
			0.0204	-0.0651	0.1319
		A:
			0.4009	0.8468	-0.3496
			0.4619	0.7904	-0.4023
			0.2738	0.0661	0.9595
			-0.3445	-0.7882	0.5099
			0.001	0.6283	0.778
			-0.5822	0.812	0.0409
		b:
			387.6503
			360.2739
			473.7774
			-281.0845
			585.849
			219.3054
	==================================================================================
	Q5:
		Shape: Polyhedra
		q_c:	306.5	471.5	366.5
		ub :	308.8983	473.9865	369.0504
		lb :	304.1017	469.0135	363.9496
		A:
			-0.986	0.0221	0.1651
			-0.9352	0.3425	-0.0898
			-0.5959	0.3352	0.7298
			-0.6442	0.715	-0.2717
			0.4618	-0.2272	-0.8574
			0.5101	-0.7998	-0.3163
			0.4904	0.4784	0.7284
			-0.7489	0.6588	0.0715
			-0.4457	-0.5806	0.6814
			-0.4904	-0.4784	-0.7284
			0.7489	-0.6588	-0.0715
			0.4457	0.5806	-0.6814
		b:
			-230.0016
			-156.8715
			244.215
			41.2097
			-278.3165
			-335.4992
			644.854
			108.3114
			-159.1228
			-640.854
			-106.3114
			162.1228
	==================================================================================
	Q6:
		Shape: Hybrid
		q_c:	302.0	471.0	373.0
		ub :	305.8552	475.0496	377.1161
		lb :	298.1448	466.9504	368.8839
		P^-1:
			0.1995	0.0347	-0.0373
			0.0347	0.19	-0.0403
			-0.0373	-0.0403	0.1022
		A:
			-0.0158	0.8031	-0.5957
			-0.2352	-0.8625	0.448
			-0.9118	-0.2312	-0.3394
			-0.6416	0.3914	-0.6597
			-0.5492	-0.804	0.228
			-0.9981	-0.0487	0.0377
		b:
			152.7164
			-309.0035
			-509.1348
			-253.5128
			-458.4354
			-308.9758


===========================================================================================
===========================================================================================
S6:
	q_c:	473.0	92.0	165.5
	ub :	494.7127	114.4084	186.8204
	lb :	449.5099	82.7848	142.6422

	==================================================================================
	Q1:
		Shape: Polyhedra
		q_c:	468.0	103.5	163.0
		ub :	477.1191	111.9071	170.536
		lb :	458.8809	95.0929	155.464
		A:
			0.4013	-0.5703	0.7167
			0.8438	0.3082	-0.4393
			-0.145	-0.8855	-0.4414
			0.613	-0.6989	-0.3683
			0.1922	0.6261	-0.7557
			0.4136	-0.072	-0.9076
			0.4936	0.8515	0.1767
			0.7179	-0.5137	0.4698
			0.4908	-0.1051	-0.8649
			-0.4936	-0.8515	-0.1767
			-0.7179	0.5137	-0.4698
			-0.4908	0.1051	0.8649
		b:
			251.0156
			360.3656
			-225.7056
			159.6335
			36.7752
			42.6664
			353.951
			364.9125
			82.3331
			-341.951
			-353.9125
			-73.3331
	==================================================================================
	Q2:
		Shape: Hybrid
		q_c:	476.0	98.0	176.0
		ub :	484.1792	107.5172	185.4692
		lb :	467.8208	88.4828	166.5308
		P^-1:
			0.0785	0.0057	-0.0429
			0.0057	0.0238	0.0018
			-0.0429	0.0018	0.0543
		A:
			-0.3585	0.393	-0.8468
			0.1133	0.6455	-0.7553
			-0.0027	-0.3457	0.9383
			0.7026	0.6568	0.274
			-0.5196	0.2836	0.806
			0.5074	-0.3294	-0.7962
		b:
			-275.4323
			-10.858
			134.7366
			451.1054
			-75.3181
			71.5688
	==================================================================================
	Q3:
		Shape: Polyhedra
		q_c:	469.5	101.5	153.5
		ub :	481.2974	113.4664	164.3578
		lb :	457.7026	89.5336	142.6422
		A:
			0.4759	-0.7034	-0.5281
			0.5541	-0.8177	0.1559
			0.3178	-0.9278	-0.1955
			0.6712	0.7344	0.1002
			0.9771	0.2119	-0.0201
			0.3135	-0.8676	0.386
			0.4318	0.8817	0.1903
			0.7984	-0.2754	-0.5354
			-0.4197	0.3831	-0.8229
			-0.4318	-0.8817	-0.1903
			-0.7984	0.2754	0.5354
			0.4197	-0.3831	0.8229
		b:
			78.0494
			208.2867
			32.6893
			413.4263
			484.5046
			125.8383
			329.917
			271.2008
			-277.4634
			-312.917
			-258.2008
			291.4634
	==================================================================================
	Q4:
		Shape: Polyhedra
		q_c:	460.0	103.0	179.0
		ub :	470.4901	114.4084	186.8204
		lb :	449.5099	91.5916	171.1796
		A:
			0.0765	-0.3608	-0.9295
			0.3893	-0.4065	-0.8266
			0.9813	0.1806	0.0665
			0.0392	0.4596	0.8873
			-0.0055	-0.0587	0.9983
			-0.2233	0.2336	0.9464
			0.7669	0.3823	0.5154
			0.4775	-0.8766	-0.0602
			0.4288	0.2923	-0.8548
			-0.7669	-0.3823	-0.5154
			-0.4775	0.8766	0.0602
			-0.4288	-0.2923	0.8548
		b:
			-162.2676
			-3.8435
			487.491
			230.3123
			175.4926
			96.7727
			489.4244
			127.5714
			79.8227
			-479.4244
			-109.5714
			-68.8227
	==================================================================================
	Q5:
		Shape: Polyhedra
		q_c:	485.0	93.0	161.0
		ub :	488.3996	100.8886	167.7003
		lb :	481.6004	85.1114	154.2997
		A:
			0.9498	0.2865	0.1257
			0.9747	0.1507	-0.1653
			-0.9768	-0.1329	-0.168
			-0.9834	-0.0538	-0.1733
			-0.8084	-0.5279	-0.2603
			0.517	-0.6518	0.5548
			0.9503	0.1062	0.2925
			-0.1778	-0.5862	0.7904
			0.2554	-0.8032	-0.5382
			-0.9503	-0.1062	-0.2925
			0.1778	0.5862	-0.7904
			-0.2554	0.8032	0.5382
		b:
			508.813
			462.3063
			-512.0241
			-508.5203
			-480.1594
			282.9656
			518.8904
			-10.4845
			-29.9527
			-516.8904
			16.4845
			44.9527
	==================================================================================
	Q6:
		Shape: Hybrid
		q_c:	487.0	92.5	165.0
		ub :	494.7127	102.2152	175.4826
		lb :	479.2873	82.7848	154.5174
		P^-1:
			0.0439	-0.0074	0.0093
			-0.0074	0.0276	0.0016
			0.0093	0.0016	0.0235
		A:
			-0.938	0.2825	-0.201
			-0.5345	0.8132	-0.2303
			0.6262	-0.3531	-0.6951
			-0.137	0.9727	-0.1873
			-0.9124	0.3441	-0.2218
			-0.0751	-0.8986	-0.4323
		b:
			-461.538
			-220.0151
			161.8039
			-3.705
			-446.8048
			-187.2406


===========================================================================================
===========================================================================================
S7:
	q_c:	452.0	410.5	323.5
	ub :	467.7389	426.9406	339.4264
	lb :	438.644	401.3813	311.4712

	==================================================================================
	Q1:
		Shape: Hybrid
		q_c:	454.0	421.0	333.5
		ub :	460.1103	426.9406	339.4264
		lb :	447.8897	415.0594	327.5736
		P^-1:
			0.041	0.0084	-0.0069
			0.0084	0.1113	-0.0583
			-0.0069	-0.0583	0.0877
		A:
			0.3011	-0.8851	0.3548
			0.4255	0.8411	-0.3338
			0.6596	0.6883	-0.3019
			0.0666	-0.9899	0.1253
			0.4357	-0.8118	-0.3887
			-0.3415	0.4106	-0.8455
		b:
			-115.5746
			437.8898
			490.9735
			-342.5064
			-270.0678
			-261.8549
	==================================================================================
	Q2:
		Shape: Ellipse
		q_c:	455.5	415.5	320.0
		ub :	460.1082	419.1444	324.7175
		lb :	450.8918	411.8556	315.2825
		P^-1:
			0.0977	-0.0006	-0.0147
			-0.0006	0.0817	0.0006
			-0.0147	0.0006	0.095
	==================================================================================
	Q3:
		Shape: Polyhedra
		q_c:	445.0	414.5	318.5
		ub :	451.356	420.3485	323.6227
		lb :	438.644	408.6515	313.3773
		A:
			0.0538	0.8722	0.4861
			-0.0561	0.6046	0.7945
			-0.3797	0.5035	-0.7761
			-0.7541	0.0821	-0.6516
			0.0724	0.0784	0.9943
			0.67	-0.6961	-0.2578
			0.9432	0.0862	0.3208
			-0.0065	-0.9607	0.2774
			0.3321	-0.2637	-0.9056
			-0.9432	-0.0862	-0.3208
			0.0065	0.9607	-0.2774
			-0.3321	0.2637	0.9056
		b:
			544.4209
			481.657
			-202.5514
			-503.4101
			384.5198
			-68.1129
			563.644
			-307.7746
			-247.9655
			-551.644
			317.7746
			251.9655
	==================================================================================
	Q4:
		Shape: Hybrid
		q_c:	447.5	412.5	316.5
		ub :	452.6963	415.2712	321.5288
		lb :	442.3037	409.7288	311.4712
		P^-1:
			0.1005	0.0759	0.0566
			0.0759	0.3709	0.1155
			0.0566	0.1155	0.1467
		A:
			0.3682	-0.7504	0.5489
			-0.0505	0.908	0.4159
			0.9349	0.2456	0.2563
			0.1201	0.4385	-0.8907
			0.2352	-0.8483	-0.4745
			0.3578	0.5116	0.7812
		b:
			31.0575
			484.6748
			603.159
			-44.6077
			-393.292
			619.697
	==================================================================================
	Q5:
		Shape: Ellipse
		q_c:	460.0	410.0	331.5
		ub :	467.7389	418.6187	339.2286
		lb :	452.2611	401.3813	323.7714
		P^-1:
			0.0325	0.0003	0.0034
			0.0003	0.0422	0.0165
			0.0034	0.0165	0.0486
	==================================================================================
	Q6:
		Shape: Hybrid
		q_c:	453.0	407.0	329.5
		ub :	459.2966	411.4435	333.9218
		lb :	446.7034	402.5565	325.0782
		P^-1:
			0.0281	0.0	-0.004
			0.0	0.0628	-0.0024
			-0.004	-0.0024	0.081
		A:
			-0.2781	-0.5546	-0.7843
			-0.0035	-0.9929	-0.1192
			0.2905	-0.9311	0.2207
			-0.9422	0.0769	0.3261
			-0.0293	-0.5611	-0.8272
			0.53	0.4872	-0.6941
		b:
			-607.7837
			-442.7211
			-172.2056
			-284.1509
			-512.1922
			212.2197


===========================================================================================
===========================================================================================
S8:
	q_c:	18.0	498.5	187.5
	ub :	29.9396	521.2222	211.9786
	lb :	-4.1547	475.4747	156.2899

	==================================================================================
	Q1:
		Shape: Hybrid
		q_c:	22.0	510.5	184.0
		ub :	29.9396	519.2616	193.8203
		lb :	14.0604	501.7384	174.1797
		P^-1:
			0.0562	0.0104	0.0124
			0.0104	0.0183	0.003
			0.0124	0.003	0.0175
		A:
			-0.9224	-0.3681	0.1169
			0.3057	0.8783	0.3677
			0.4773	-0.8459	0.2379
			0.773	0.4059	0.4875
			-0.8974	-0.3602	0.2548
			0.4821	-0.8287	-0.2844
		b:
			-183.6983
			527.6364
			-371.8603
			316.521
			-153.1631
			-458.7569
	==================================================================================
	Q2:
		Shape: Hybrid
		q_c:	12.5	510.0	173.0
		ub :	29.1547	521.2222	189.7101
		lb :	-4.1547	498.7778	156.2899
		P^-1:
			0.0098	-0.0007	0.0023
			-0.0007	0.0136	-0.0003
			0.0023	-0.0003	0.0079
		A:
			-0.0286	0.9995	-0.0125
			0.8981	0.2391	0.3692
			0.0105	0.9915	-0.1301
			0.4261	-0.0015	0.9047
			-0.6252	0.7775	0.068
			-0.2389	0.7305	0.6398
		b:
			511.5644
			202.4317
			487.6687
			167.1621
			405.4694
			486.4504
	==================================================================================
	Q3:
		Shape: Polyhedra
		q_c:	19.5	506.0	201.0
		ub :	29.894	517.6899	210.7024
		lb :	9.106	494.3101	191.2976
		A:
			0.1713	0.2049	-0.9637
			-0.5258	0.8017	-0.2842
			-0.7173	0.338	-0.6093
			0.7436	-0.2985	0.5983
			-0.7598	-0.2042	0.6173
			-0.5008	-0.284	0.8176
			0.2569	0.9636	0.0746
			0.9331	-0.2272	-0.2789
			-0.2518	0.1413	-0.9574
			-0.2569	-0.9636	-0.0746
			-0.9331	0.2272	0.2789
			0.2518	-0.1413	0.9574
		b:
			-79.2338
			346.3134
			41.7705
			-9.1212
			13.0447
			18.2428
			517.0642
			-146.3182
			-118.3666
			-498.0642
			159.3182
			133.3666
	==================================================================================
	Q4:
		Shape: Polyhedra
		q_c:	11.0	490.5	183.0
		ub :	22.581	503.8035	195.1677
		lb :	-0.581	477.1965	170.8323
		A:
			-0.3984	0.5068	0.7645
			0.1827	0.9231	0.3383
			0.8176	-0.3326	0.47
			0.3568	0.8909	0.2812
			0.321	0.8737	0.3655
			0.7494	0.6453	-0.1481
			0.6992	0.4475	0.5575
			-0.1933	-0.6325	0.7501
			0.6883	-0.6322	-0.3557
			-0.6992	-0.4475	-0.5575
			0.1933	0.6325	-0.7501
			-0.6883	0.6322	0.3557
		b:
			392.97
			523.9238
			-60.6728
			498.9372
			505.5658
			304.289
			334.2215
			-167.0764
			-358.1434
			-324.2215
			183.0764
			377.1434
	==================================================================================
	Q5:
		Shape: Hybrid
		q_c:	8.5	485.5	197.0
		ub :	19.0075	495.5253	206.0929
		lb :	-2.0075	475.4747	187.9071
		P^-1:
			0.0329	0.0167	-0.0011
			0.0167	0.0316	0.0053
			-0.0011	0.0053	0.0265
		A:
			0.0997	0.8919	0.4411
			0.4869	0.8241	0.2893
			0.69	0.1265	0.7127
			-0.7849	0.2974	-0.5436
			0.5819	0.4412	0.6832
			0.5861	0.5163	-0.6244
		b:
			524.2608
			463.7514
			211.8723
			36.2385
			356.8645
			135.8433
	==================================================================================
	Q6:
		Shape: Ellipse
		q_c:	7.5	497.5	202.5
		ub :	11.5559	502.6482	211.9786
		lb :	3.4441	492.3518	193.0214
		P^-1:
			0.0818	-0.0021	0.0028
			-0.0021	0.1065	-0.0204
			0.0028	-0.0204	0.0168


===========================================================================================
===========================================================================================
