3D_50_13_6_e                l = 3

===========================================================================================
===========================================================================================
S1:
	q_c:	138.0	228.5	501.0
	ub :	151.6697	241.0806	513.9719
	lb :	124.5609	218.8017	490.4151

	==================================================================================
	Q1:
		Shape: Ellipse
		q_c:	132.0	232.0	500.0
		ub :	139.4391	239.2058	505.5118
		lb :	124.5609	224.7942	494.4882
		P^-1:
			0.0515	0.0157	-0.0316
			0.0157	0.0616	-0.0433
			-0.0316	-0.0433	0.1269
	==================================================================================
	Q2:
		Shape: Hybrid
		q_c:	137.5	236.0	496.5
		ub :	139.5727	239.5505	500.6242
		lb :	135.4273	232.4495	492.3758
		P^-1:
			0.4334	-0.0489	-0.0256
			-0.0489	0.1637	0.0239
			-0.0256	0.0239	0.089
		A:
			0.8467	0.1056	0.5214
			0.861	0.3849	-0.3325
			-0.6887	0.4237	0.5884
			0.4755	0.8075	0.3491
			-0.3583	0.9275	0.1065
			0.9405	0.0048	-0.3397
		b:
			401.8019
			45.5153
			298.896
			430.9775
			224.0307
			-37.1945
	==================================================================================
	Q3:
		Shape: Polyhedra
		q_c:	136.0	229.0	494.0
		ub :	137.9458	232.9137	497.5849
		lb :	134.0542	225.0863	490.4151
		A:
			0.9867	-0.1613	-0.018
			0.9442	-0.29	0.156
			0.8237	-0.2023	-0.5297
			0.8953	-0.4455	0.0077
			-0.8827	0.0481	-0.4674
			0.9517	-0.2882	0.106
			0.3176	0.8654	0.3876
			-0.018	0.4142	-0.91
			-0.9481	0.2821	0.1471
			-0.3176	-0.8654	-0.3876
			0.018	-0.4142	0.91
			0.9481	-0.2821	-0.1471
		b:
			89.4787
			140.3107
			-194.6086
			24.7019
			-338.0605
			116.9409
			435.8391
			-354.6472
			9.321
			-429.8391
			359.6472
			-7.321
	==================================================================================
	Q4:
		Shape: Polyhedra
		q_c:	146.0	229.0	508.5
		ub :	151.6697	234.3772	513.9719
		lb :	140.3303	223.6228	503.0281
		A:
			-0.0276	0.778	0.6276
			0.4509	-0.6017	-0.6593
			0.0229	-0.1825	-0.9829
			-0.4049	-0.8861	0.2253
			-0.9612	-0.2699	0.0569
			-0.0174	0.2666	0.9637
			0.3766	0.5924	0.7122
			0.7406	0.2692	-0.6157
			-0.5565	0.7593	-0.3373
			-0.3766	-0.5924	-0.7122
			-0.7406	-0.2692	0.6157
			0.5565	-0.7593	0.3373
		b:
			496.3906
			-403.9135
			-535.083
			-144.093
			-169.8189
			551.6804
			555.7887
			-139.7801
			-75.3968
			-549.7887
			146.7801
			82.3968
	==================================================================================
	Q5:
		Shape: Polyhedra
		q_c:	137.0	224.5	498.0
		ub :	142.2279	230.1983	503.5404
		lb :	131.7721	218.8017	492.4596
		A:
			-0.7132	0.5705	0.4072
			-0.6397	-0.2886	0.7123
			-0.1404	0.2286	0.9634
			0.6215	0.7745	0.1181
			-0.3049	-0.5882	-0.749
			-0.5904	0.1997	0.782
			0.1112	0.6846	0.7204
			0.7247	0.4402	-0.5302
			-0.6801	0.581	-0.4472
			-0.1112	-0.6846	-0.7204
			-0.7247	-0.4402	0.5302
			0.6801	-0.581	0.4472
		b:
			236.5974
			205.3074
			514.8846
			320.847
			-543.7961
			356.4474
			530.6754
			-62.9361
			-181.4301
			-524.6754
			68.9361
			189.4301
	==================================================================================
	Q6:
		Shape: Hybrid
		q_c:	145.0	236.0	503.5
		ub :	150.7061	241.0806	509.0473
		lb :	139.2939	230.9194	497.9527
		P^-1:
			0.1207	0.07	0.0797
			0.07	0.1698	0.002
			0.0797	0.002	0.1526
		A:
			0.5868	-0.0522	0.8081
			0.8169	0.4109	0.4048
			0.1415	0.1531	-0.978
			0.1173	0.4585	0.8809
			0.0435	-0.9595	0.2785
			0.7113	0.1671	0.6827
		b:
			480.8727
			420.6577
			-433.1692
			571.1685
			-78.141
			487.5238


===========================================================================================
===========================================================================================
S2:
	q_c:	281.0	490.5	289.5
	ub :	297.0627	518.183	325.8306
	lb :	246.8229	462.621	269.9364

	==================================================================================
	Q1:
		Shape: Polyhedra
		q_c:	286.0	484.0	313.0
		ub :	297.0627	496.6301	325.8306
		lb :	274.9373	471.3699	300.1694
		A:
			-0.5426	0.2415	-0.8045
			-0.0996	0.9779	0.1841
			-0.0345	-0.9373	0.3468
			-0.3781	0.8802	-0.2868
			-0.3027	0.8876	-0.3473
			-0.4271	0.6843	0.5911
			0.0613	0.7552	0.6526
			0.4778	0.5519	-0.6835
			-0.8763	0.3537	-0.327
			-0.0613	-0.7552	-0.6526
			-0.4778	-0.5519	0.6835
			0.8763	-0.3537	0.327
		b:
			-282.4837
			509.7018
			-346.9456
			235.8099
			242.0817
			401.2385
			594.3134
			198.3267
			-174.296
			-580.3134
			-181.3267
			189.296
	==================================================================================
	Q2:
		Shape: Ellipse
		q_c:	279.5	475.0	297.0
		ub :	292.9667	487.379	310.2497
		lb :	266.0333	462.621	283.7503
		P^-1:
			0.0153	0.0003	-0.0019
			0.0003	0.0139	-0.0004
			-0.0019	-0.0004	0.0163
	==================================================================================
	Q3:
		Shape: Polyhedra
		q_c:	258.5	499.5	281.5
		ub :	270.1771	509.9249	293.0636
		lb :	246.8229	489.0751	269.9364
		A:
			0.1989	-0.9666	0.1618
			-0.4193	-0.9072	-0.0334
			-0.8438	0.2902	-0.4513
			-0.6691	0.3778	-0.64
			-0.2417	-0.083	-0.9668
			-0.3499	-0.2193	-0.9108
			0.704	0.6306	0.3268
			-0.5752	0.2363	0.7831
			0.4166	-0.7393	0.5291
			-0.704	-0.6306	-0.3268
			0.5752	-0.2363	-0.7831
			-0.4166	0.7393	-0.5291
		b:
			-379.6414
			-564.5659
			-193.9698
			-158.3105
			-369.0542
			-449.4339
			595.4386
			197.8003
			-106.6586
			-582.4386
			-181.8003
			118.6586
	==================================================================================
	Q4:
		Shape: Polyhedra
		q_c:	287.0	506.0	292.5
		ub :	294.8016	518.183	305.0173
		lb :	279.1984	493.817	279.9827
		A:
			0.3416	0.7624	0.5496
			0.8667	-0.19	0.4613
			-0.2499	-0.1693	0.9533
			0.6148	-0.648	-0.4496
			-0.7643	0.4573	0.4547
			0.7393	0.463	0.489
			0.0098	0.7347	0.6784
			-0.2803	0.6532	-0.7034
			-0.9599	-0.1833	0.2124
			-0.0098	-0.7347	-0.6784
			0.2803	-0.6532	0.7034
			0.9599	0.1833	-0.2124
		b:
			650.4633
			295.6681
			129.8814
			-276.7354
			150.72
			595.4253
			578.9705
			54.8253
			-301.1066
			-566.9705
			-33.8253
			311.1066
	==================================================================================
	Q5:
		Shape: Hybrid
		q_c:	283.0	482.0	291.5
		ub :	296.1959	492.3209	303.8153
		lb :	269.8041	471.6791	279.1847
		P^-1:
			0.0532	0.04	-0.0563
			0.04	0.0463	-0.0503
			-0.0563	-0.0503	0.0788
		A:
			-0.0382	0.0989	0.9944
			-0.6835	-0.5819	0.4407
			0.5128	0.6614	-0.5473
			-0.431	-0.7309	0.5292
			0.6551	0.3041	-0.6916
			-0.5551	-0.5341	0.6376
		b:
			333.7084
			-342.7664
			306.4015
			-317.3757
			132.3888
			-227.3481
	==================================================================================
	Q6:
		Shape: Ellipse
		q_c:	267.5	486.5	293.0
		ub :	279.6697	500.2703	306.4297
		lb :	255.3303	472.7297	279.5703
		P^-1:
			0.0134	0.0006	0.0013
			0.0006	0.007	-0.0001
			0.0013	-0.0001	0.0094


===========================================================================================
===========================================================================================
S3:
	q_c:	511.5	175.0	30.5
	ub :	520.5905	185.8967	38.3961
	lb :	506.548	166.402	23.5933

	==================================================================================
	Q1:
		Shape: Hybrid
		q_c:	513.5	171.0	34.0
		ub :	518.3964	175.598	38.3961
		lb :	508.6036	166.402	29.6039
		P^-1:
			0.1255	0.0044	-0.0218
			0.0044	0.1125	-0.0067
			-0.0218	-0.0067	0.1443
		A:
			0.564	-0.1028	-0.8193
			-0.1522	-0.9499	0.2729
			-0.9627	-0.1788	-0.203
			-0.8838	-0.3677	0.2893
			-0.6187	-0.744	0.2523
			0.5046	0.4322	-0.7474
		b:
			245.4961
			-229.6459
			-530.1467
			-505.4148
			-434.8102
			308.9088
	==================================================================================
	Q2:
		Shape: Ellipse
		q_c:	510.0	182.0	34.5
		ub :	513.452	185.8967	37.7487
		lb :	506.548	178.1033	31.2513
		P^-1:
			0.3063	0.1265	0.0972
			0.1265	0.2129	0.0129
			0.0972	0.0129	0.2864
	==================================================================================
	Q3:
		Shape: Hybrid
		q_c:	513.0	172.5	28.0
		ub :	517.4889	177.4178	32.4067
		lb :	508.5111	167.5822	23.5933
		P^-1:
			0.1277	-0.0301	-0.0242
			-0.0301	0.132	-0.0225
			-0.0242	-0.0225	0.1419
		A:
			0.2587	-0.9632	0.0727
			-0.2765	0.8043	-0.526
			-0.0423	-0.1298	-0.9906
			0.1801	-0.1214	0.9761
			-0.6189	-0.6095	0.4954
			0.266	0.9476	-0.1768
		b:
			-30.0172
			-16.5819
			-70.1852
			100.3351
			-407.194
			296.6996
	==================================================================================
	Q4:
		Shape: Polyhedra
		q_c:	517.0	172.5	28.5
		ub :	519.5652	176.3848	30.6996
		lb :	514.4348	168.6152	26.3004
		A:
			-0.6206	0.0878	-0.7792
			-0.7675	0.025	0.6406
			-0.7991	0.2051	-0.5651
			-0.991	-0.0267	0.131
			0.817	0.4022	-0.4132
			-0.7	0.4522	0.5527
			0.8919	0.307	0.3322
			0.2414	-0.9441	0.2243
			0.3825	-0.1199	-0.9161
			-0.8919	-0.307	-0.3322
			-0.2414	0.9441	-0.2243
			-0.3825	0.1199	0.9161
		b:
			-326.0196
			-373.0642
			-391.6649
			-511.7297
			481.5638
			-266.2531
			525.0091
			-28.1689
			151.9729
			-522.0091
			35.1689
			-149.9729
	==================================================================================
	Q5:
		Shape: Polyhedra
		q_c:	508.0	179.5	27.5
		ub :	509.4108	181.5831	30.1393
		lb :	506.5892	177.4169	24.8607
		A:
			-0.9644	0.2133	0.1564
			0.946	-0.1248	-0.2991
			-0.9264	-0.0775	0.3685
			-0.8794	-0.4396	-0.1827
			-0.9619	0.2732	-0.0126
			0.8601	-0.3496	-0.3714
			0.1279	0.011	0.9917
			-0.9421	0.3139	0.118
			-0.31	-0.9494	0.0505
			-0.1279	-0.011	-0.9917
			0.9421	-0.3139	-0.118
			0.31	0.9494	-0.0505
		b:
			-446.786
			450.7281
			-473.3059
			-529.0888
			-439.3453
			364.7877
			96.6956
			-418.4865
			-324.5242
			-91.6956
			419.4865
			328.5242
	==================================================================================
	Q6:
		Shape: Hybrid
		q_c:	516.5	179.0	32.5
		ub :	520.5905	183.6546	36.8305
		lb :	512.4095	174.3454	28.1695
		P^-1:
			0.1611	0.0418	-0.052
			0.0418	0.1459	-0.0434
			-0.052	-0.0434	0.1651
		A:
			-0.017	-0.9618	-0.2732
			0.0434	0.6422	-0.7653
			0.1252	-0.3371	0.9331
			0.9586	-0.0769	-0.2743
			-0.7702	-0.6164	0.1638
			0.763	0.6368	-0.1107
		b:
			-187.9128
			113.8806
			36.235
			473.9532
			-501.5348
			505.8218


===========================================================================================
===========================================================================================
S4:
	q_c:	147.5	511.0	22.0
	ub :	171.3719	533.62	59.866
	lb :	119.2181	487.0502	-9.1727

	==================================================================================
	Q1:
		Shape: Ellipse
		q_c:	129.0	500.5	0.0
		ub :	138.7819	509.5976	9.1727
		lb :	119.2181	491.4024	-9.1727
		P^-1:
			0.0216	0.01	0.0108
			0.01	0.0402	0.0007
			0.0108	0.0007	0.0414
	==================================================================================
	Q2:
		Shape: Hybrid
		q_c:	156.0	518.5	10.5
		ub :	171.3719	532.6655	24.0222
		lb :	140.6281	504.3345	-3.0222
		P^-1:
			0.0237	0.0118	-0.0166
			0.0118	0.0162	-0.0121
			-0.0166	-0.0121	0.0246
		A:
			0.9105	0.1993	-0.3624
			0.7797	0.1505	-0.6078
			-0.264	0.9416	0.2091
			-0.3258	-0.1847	0.9272
			-0.2562	-0.5348	-0.8052
			0.4064	0.6818	0.6083
		b:
			245.9657
			196.7732
			458.3911
			-132.3112
			-316.5282
			432.3826
	==================================================================================
	Q3:
		Shape: Ellipse
		q_c:	158.0	524.0	15.0
		ub :	165.022	533.62	22.5519
		lb :	150.978	514.38	7.4481
		P^-1:
			0.0762	0.0013	-0.0429
			0.0013	0.0125	0.0003
			-0.0429	0.0003	0.0584
	==================================================================================
	Q4:
		Shape: Hybrid
		q_c:	147.5	512.5	28.0
		ub :	159.6366	527.1301	42.5916
		lb :	135.3634	497.8699	13.4084
		P^-1:
			0.0219	-0.007	0.007
			-0.007	0.0196	0.0082
			0.007	0.0082	0.0196
		A:
			0.751	-0.5596	-0.3507
			-0.5548	0.5778	0.5986
			-0.4292	0.9017	0.0515
			0.3441	-0.9348	-0.0877
			-0.456	-0.463	-0.7601
			0.2835	-0.7313	-0.6204
		b:
			-182.0531
			235.0602
			404.2596
			-426.5525
			-322.8071
			-347.2618
	==================================================================================
	Q5:
		Shape: Hybrid
		q_c:	134.5	509.0	42.5
		ub :	149.684	523.8947	59.866
		lb :	119.316	494.1053	25.134
		P^-1:
			0.0099	0.0002	-0.0002
			0.0002	0.0097	0.0004
			-0.0002	0.0004	0.0095
		A:
			0.0344	0.9912	0.1281
			-0.256	-0.8507	0.4592
			-0.0984	0.8683	0.4862
			0.8405	0.5416	-0.0172
			0.0112	0.7543	0.6564
			0.1849	0.5412	-0.8203
		b:
			519.6992
			-442.6264
			454.4287
			392.982
			418.341
			270.8191
	==================================================================================
	Q6:
		Shape: Ellipse
		q_c:	149.0	497.0	42.5
		ub :	162.6676	506.9498	56.8448
		lb :	135.3324	487.0502	28.1552
		P^-1:
			0.0363	0.0288	0.0185
			0.0288	0.0547	0.0096
			0.0185	0.0096	0.0201


===========================================================================================
===========================================================================================
S5:
	q_c:	251.5	257.5	503.5
	ub :	278.5141	282.7987	526.9062
	lb :	226.4452	239.3967	476.4843

	==================================================================================
	Q1:
		Shape: Polyhedra
		q_c:	238.0	273.0	515.5
		ub :	249.5548	282.7987	526.9062
		lb :	226.4452	263.2013	504.0938
		A:
			-0.1812	0.9555	-0.2326
			0.0631	-0.9569	0.2833
			0.2773	-0.8488	0.4502
			-0.9297	-0.1645	0.3296
			0.0823	-0.9623	0.2594
			-0.4891	-0.8683	0.0822
			0.5039	0.4892	0.7118
			0.693	0.2629	-0.6713
			-0.5155	0.8316	-0.2066
			-0.5039	-0.4892	-0.7118
			-0.693	-0.2629	0.6713
			0.5155	-0.8316	0.2066
		b:
			103.2035
			-94.5447
			71.7137
			-88.9132
			-103.7906
			-304.1299
			627.9447
			-101.8478
			2.8443
			-612.9447
			116.8478
			7.1557
	==================================================================================
	Q2:
		Shape: Polyhedra
		q_c:	240.5	256.0	500.0
		ub :	253.6371	268.5285	514.6369
		lb :	227.3629	243.4715	485.3631
		A:
			-0.5791	-0.2991	0.7584
			0.9125	-0.3961	0.1027
			0.6057	0.2444	-0.7573
			0.4306	0.6022	-0.6723
			0.1183	-0.992	-0.0436
			-0.0261	-0.8575	-0.5138
			0.7244	0.4284	0.54
			0.6776	-0.2984	-0.6722
			-0.1269	0.8529	-0.5064
			-0.7244	-0.4284	-0.54
			-0.6776	0.2984	0.6722
			0.1269	-0.8529	0.5064
		b:
			172.9062
			178.2588
			-160.6679
			-69.8871
			-239.2867
			-474.2382
			560.9214
			-239.0414
			-57.8946
			-546.9214
			260.0414
			72.8946
	==================================================================================
	Q3:
		Shape: Ellipse
		q_c:	241.5	248.0	506.5
		ub :	251.315	256.6033	516.3385
		lb :	231.685	239.3967	496.6615
		P^-1:
			0.0295	0.0161	0.0101
			0.0161	0.0487	0.0083
			0.0101	0.0083	0.0298
	==================================================================================
	Q4:
		Shape: Ellipse
		q_c:	256.5	254.0	511.5
		ub :	263.9411	262.2071	521.8751
		lb :	249.0589	245.7929	501.1249
		P^-1:
			0.0704	-0.0091	-0.02
			-0.0091	0.0416	0.0119
			-0.02	0.0119	0.022
	==================================================================================
	Q5:
		Shape: Ellipse
		q_c:	269.5	250.0	506.5
		ub :	278.5141	255.6948	515.0161
		lb :	260.4859	244.3052	497.9839
		P^-1:
			0.0248	-0.0014	0.0017
			-0.0014	0.0399	0.0004
			0.0017	0.0004	0.0268
	==================================================================================
	Q6:
		Shape: Ellipse
		q_c:	241.0	271.5	488.0
		ub :	251.2407	281.6051	499.5157
		lb :	230.7593	261.3949	476.4843
		P^-1:
			0.0213	0.0037	0.0021
			0.0037	0.0208	0.0084
			0.0021	0.0084	0.0252


===========================================================================================
===========================================================================================
S6:
	q_c:	497.0	347.0	351.5
	ub :	504.6634	356.7486	359.6167
	lb :	490.8236	339.8268	342.5123

	==================================================================================
	Q1:
		Shape: Polyhedra
		q_c:	497.5	343.0	352.0
		ub :	500.1929	345.6207	354.3091
		lb :	494.8071	340.3793	349.6909
		A:
			-0.2879	-0.9529	0.0958
			0.0121	-0.6889	-0.7248
			0.5189	0.7456	0.4181
			0.7676	0.4558	0.4506
			0.1614	0.8268	0.5388
			0.4728	0.489	0.7331
			0.4207	0.6321	0.6507
			0.1167	0.6736	-0.7298
			-0.8997	0.383	0.2096
			-0.4207	-0.6321	-0.6507
			-0.1167	-0.6736	0.7298
			0.8997	-0.383	-0.2096
		b:
			-434.788
			-484.2398
			661.8043
			697.9832
			554.499
			661.583
			655.6747
			34.1991
			-239.9224
			-654.6747
			-30.1991
			244.9224
	==================================================================================
	Q2:
		Shape: Hybrid
		q_c:	495.5	346.5	353.0
		ub :	497.9162	349.0598	355.8601
		lb :	493.0838	343.9402	350.1399
		P^-1:
			0.4369	-0.0103	-0.0445
			-0.0103	0.4305	-0.0606
			-0.0445	-0.0606	0.1815
		A:
			0.7566	0.1866	-0.6266
			-0.8299	-0.4009	0.3881
			0.6416	0.1755	0.7467
			-0.9188	-0.1303	0.3726
			0.9183	-0.3955	0.0191
			-0.6272	-0.6174	-0.4749
		b:
			219.3647
			-412.3567
			643.8263
			-368.0737
			325.4236
			-691.0161
	==================================================================================
	Q3:
		Shape: Hybrid
		q_c:	494.0	344.5	355.0
		ub :	496.6472	349.1732	359.6167
		lb :	491.3528	339.8268	350.3833
		P^-1:
			0.3889	-0.0551	-0.1113
			-0.0551	0.0995	0.0346
			-0.1113	0.0346	0.1488
		A:
			0.9768	-0.2037	-0.0662
			0.6978	-0.5076	-0.5054
			0.0434	-0.8703	-0.4906
			-0.8661	0.4984	0.0384
			-0.5197	-0.1403	0.8428
			0.9409	-0.3107	-0.1345
		b:
			389.8136
			-8.4075
			-450.314
			-241.2298
			-4.1501
			310.9634
	==================================================================================
	Q4:
		Shape: Polyhedra
		q_c:	494.0	344.0	356.0
		ub :	497.1764	347.3813	359.3494
		lb :	490.8236	340.6187	352.6506
		A:
			-0.7402	-0.6417	-0.2009
			-0.511	0.3569	0.782
			-0.7936	-0.5937	-0.1334
			0.8846	0.3552	0.3021
			0.7599	0.5455	0.3536
			-0.7276	-0.6378	0.2526
			0.7373	0.6752	0.0205
			0.6446	-0.6941	-0.3204
			-0.2021	0.2495	-0.9471
			-0.7373	-0.6752	-0.0205
			-0.6446	0.6941	0.3204
			0.2021	-0.2495	0.9471
		b:
			-656.8276
			151.6084
			-642.6715
			668.2034
			690.1965
			-487.7268
			604.8199
			-31.4278
			-348.6755
			-602.8199
			37.4278
			353.6755
	==================================================================================
	Q5:
		Shape: Polyhedra
		q_c:	502.5	348.0	354.5
		ub :	504.6634	350.2404	356.6007
		lb :	500.3366	345.7596	352.3993
		A:
			-0.2835	-0.1263	0.9506
			-0.8918	0.0949	0.4424
			-0.2099	-0.3991	0.8926
			0.4948	-0.3083	-0.8125
			-0.5727	-0.473	0.6695
			0.766	-0.2024	-0.6102
			0.6392	0.0255	0.7686
			-0.2364	0.9576	0.1649
			-0.7318	-0.2871	0.6181
			-0.6392	-0.0255	-0.7686
			0.2364	-0.9576	-0.1649
			0.7318	0.2871	-0.6181
		b:
			151.7518
			-257.0488
			73.2466
			-145.2851
			-213.9917
			99.4544
			604.0402
			274.9049
			-247.4928
			-601.0402
			-270.9049
			249.4928
	==================================================================================
	Q6:
		Shape: Hybrid
		q_c:	496.5	352.5	348.0
		ub :	501.7441	356.7486	353.4877
		lb :	491.2559	348.2514	342.5123
		P^-1:
			0.0924	0.0215	0.0163
			0.0215	0.1246	0.0326
			0.0163	0.0326	0.1063
		A:
			0.2076	0.3329	-0.9198
			-0.766	-0.6272	0.1413
			-0.5924	-0.6965	-0.4049
			0.4727	-0.8211	-0.3199
			0.6531	-0.1244	-0.747
			-0.7689	-0.3511	-0.5343
		b:
			-97.468
			-550.3425
			-679.2051
			-164.1491
			22.6975
			-689.893


===========================================================================================
===========================================================================================
S7:
	q_c:	72.5	117.5	470.5
	ub :	100.1373	142.1616	490.7465
	lb :	58.7641	92.6447	456.0861

	==================================================================================
	Q1:
		Shape: Ellipse
		q_c:	72.5	104.5	472.0
		ub :	81.2038	116.3553	482.218
		lb :	63.7962	92.6447	461.782
		P^-1:
			0.0473	-0.0015	0.0165
			-0.0015	0.0157	0.0113
			0.0165	0.0113	0.0425
	==================================================================================
	Q2:
		Shape: Polyhedra
		q_c:	66.0	123.0	468.5
		ub :	73.2359	128.2438	475.2244
		lb :	58.7641	117.7562	461.7756
		A:
			-0.2803	-0.411	-0.8674
			-0.3611	-0.8781	-0.3141
			0.8688	-0.3379	0.3621
			0.7503	0.041	0.6598
			-0.6177	0.0989	-0.7801
			-0.3522	-0.7414	-0.5712
			0.6696	0.2486	0.6999
			-0.6958	-0.1196	0.7082
			0.2598	-0.9612	0.0929
			-0.6696	-0.2486	-0.6999
			0.6958	0.1196	-0.7082
			-0.2598	0.9612	-0.0929
		b:
			-472.0301
			-275.5182
			189.0134
			366.2924
			-391.2867
			-378.9678
			405.1705
			277.6442
			-53.5721
			-400.1705
			-264.6442
			61.5721
	==================================================================================
	Q3:
		Shape: Ellipse
		q_c:	88.0	129.0	479.5
		ub :	100.1373	142.1616	490.7465
		lb :	75.8627	115.8384	468.2535
		P^-1:
			0.0162	-0.0031	-0.0042
			-0.0031	0.0181	0.0056
			-0.0042	0.0056	0.0212
	==================================================================================
	Q4:
		Shape: Polyhedra
		q_c:	80.0	118.0	463.5
		ub :	90.4799	128.7402	470.9139
		lb :	69.5201	107.2598	456.0861
		A:
			-0.1572	0.3097	-0.9377
			-0.4389	0.792	0.4243
			-0.4507	-0.0605	0.8906
			-0.9237	-0.3733	-0.0865
			-0.4034	-0.7636	0.5042
			-0.7147	0.3875	-0.5824
			0.3563	0.196	0.9136
			-0.5643	0.8244	0.0432
			-0.7447	-0.531	0.4043
			-0.3563	-0.196	-0.9136
			0.5643	-0.8244	-0.0432
			0.7447	0.531	-0.4043
		b:
			-404.9099
			263.1186
			375.0665
			-152.7326
			116.9685
			-274.2644
			480.5782
			80.6782
			70.1712
			-469.5782
			-63.6782
			-60.1712
	==================================================================================
	Q5:
		Shape: Hybrid
		q_c:	72.0	123.5	470.5
		ub :	77.5326	130.0425	474.3288
		lb :	66.4674	116.9575	466.6712
		P^-1:
			0.273	0.1637	0.1122
			0.1637	0.138	0.0656
			0.1122	0.0656	0.1724
		A:
			0.3695	0.208	0.9057
			-0.806	-0.5909	-0.0341
			0.2692	0.311	0.9115
			0.08	0.5889	0.8043
			-0.6319	-0.5414	-0.5546
			0.8386	0.1493	-0.5239
		b:
			479.8856
			-145.9562
			488.3443
			459.6542
			-372.3619
			-164.9671
	==================================================================================
	Q6:
		Shape: Ellipse
		q_c:	80.5	109.0	471.5
		ub :	88.6858	117.0656	475.2055
		lb :	72.3142	100.9344	467.7945
		P^-1:
			0.0414	0.0241	-0.013
			0.0241	0.0484	-0.0215
			-0.013	-0.0215	0.1531


===========================================================================================
===========================================================================================
S8:
	q_c:	350.0	132.0	423.0
	ub :	363.6258	149.7932	438.6393
	lb :	334.2986	114.8258	401.2456

	==================================================================================
	Q1:
		Shape: Ellipse
		q_c:	348.0	127.0	416.5
		ub :	356.287	134.6989	424.5329
		lb :	339.713	119.3011	408.4671
		P^-1:
			0.0419	0.0024	-0.01
			0.0024	0.0282	-0.0017
			-0.01	-0.0017	0.0349
	==================================================================================
	Q2:
		Shape: Ellipse
		q_c:	342.5	134.0	427.5
		ub :	350.7014	144.6986	437.1308
		lb :	334.2986	123.3014	417.8692
		P^-1:
			0.0235	-0.0004	-0.002
			-0.0004	0.025	-0.0127
			-0.002	-0.0127	0.029
	==================================================================================
	Q3:
		Shape: Hybrid
		q_c:	352.5	122.0	432.0
		ub :	359.3152	129.1742	438.6393
		lb :	345.6848	114.8258	425.3607
		P^-1:
			0.0542	0.0117	-0.0027
			0.0117	0.0592	0.0148
			-0.0027	0.0148	0.0707
		A:
			-0.353	-0.2814	-0.8923
			-0.4495	-0.5695	0.6882
			0.0254	0.1544	-0.9877
			-0.1094	-0.5502	-0.8278
			0.4057	0.0374	0.9132
			-0.9955	0.0906	0.0276
		b:
			-542.2418
			71.7956
			-396.6169
			-461.5689
			544.4247
			-325.2273
	==================================================================================
	Q4:
		Shape: Polyhedra
		q_c:	345.0	140.0	422.0
		ub :	353.252	149.7932	430.285
		lb :	336.748	130.2068	413.715
		A:
			0.5105	0.764	-0.3946
			-0.6366	-0.4495	-0.6266
			-0.495	0.3208	-0.8075
			-0.5001	-0.8643	0.0532
			-0.3213	-0.8177	-0.4777
			0.8229	0.5092	-0.2523
			0.7655	0.3891	0.5125
			-0.2289	-0.5797	0.782
			0.6014	-0.7159	-0.3547
			-0.7655	-0.3891	-0.5125
			0.2289	0.5797	-0.782
			-0.6014	0.7159	0.3547
		b:
			121.223
			-543.7512
			-462.1502
			-266.5382
			-421.7265
			253.0857
			537.8351
			174.8838
			-34.4254
			-531.8351
			-164.8838
			50.4254
	==================================================================================
	Q5:
		Shape: Ellipse
		q_c:	358.0	129.0	409.0
		ub :	363.6258	136.39	416.7544
		lb :	352.3742	121.61	401.2456
		P^-1:
			0.0603	-0.0046	-0.0085
			-0.0046	0.0738	-0.0436
			-0.0085	-0.0436	0.0599
	==================================================================================
	Q6:
		Shape: Hybrid
		q_c:	353.0	123.5	423.5
		ub :	358.9063	128.9949	427.4637
		lb :	347.0937	118.0051	419.5363
		P^-1:
			0.3551	0.3714	0.2514
			0.3714	0.4623	0.2977
			0.2514	0.2977	0.2973
		A:
			-0.6855	-0.5586	-0.4669
			-0.7028	-0.4922	-0.5136
			-0.0616	0.489	0.8701
			0.7528	0.5942	0.2831
			-0.6291	-0.7025	-0.3328
			-0.5355	0.1115	-0.8372
		b:
			-507.9178
			-525.3603
			409.5036
			460.0452
			-449.1183
			-526.7206


===========================================================================================
===========================================================================================
S9:
	q_c:	421.5	237.0	436.5
	ub :	441.7866	257.2568	456.829
	lb :	421.3941	228.7616	422.6146

	==================================================================================
	Q1:
		Shape: Ellipse
		q_c:	433.5	249.5	442.5
		ub :	437.2367	254.4423	447.5666
		lb :	429.7633	244.5577	437.4334
		P^-1:
			0.2797	-0.1037	0.0172
			-0.1037	0.2262	-0.1701
			0.0172	-0.1701	0.2285
	==================================================================================
	Q2:
		Shape: Ellipse
		q_c:	436.0	249.5	449.0
		ub :	441.7866	257.2568	456.829
		lb :	430.2134	241.7432	441.171
		P^-1:
			0.0708	0.0068	0.0137
			0.0068	0.0413	0.0124
			0.0137	0.0124	0.052
	==================================================================================
	Q3:
		Shape: Hybrid
		q_c:	430.5	237.0	438.5
		ub :	435.1481	241.0631	443.0856
		lb :	425.8519	232.9369	433.9144
		P^-1:
			0.1523	-0.0481	-0.0804
			-0.0481	0.2263	-0.0396
			-0.0804	-0.0396	0.1839
		A:
			-0.8643	-0.2725	0.4227
			0.8881	0.232	-0.3967
			-0.1869	-0.9764	0.1079
			-0.3419	-0.935	-0.0938
			0.0498	-0.9954	0.0821
			-0.781	-0.5182	-0.3485
		b:
			-249.7243
			264.9824
			-263.0943
			-407.9664
			-177.2394
			-609.0154
	==================================================================================
	Q4:
		Shape: Hybrid
		q_c:	428.5	235.0	429.5
		ub :	435.6059	241.2384	436.3854
		lb :	421.3941	228.7616	422.6146
		P^-1:
			0.0598	0.0317	0.0033
			0.0317	0.0907	0.0053
			0.0033	0.0053	0.0406
		A:
			0.0229	-0.8819	0.4708
			-0.2109	0.8211	0.5304
			-0.2508	-0.8921	0.3759
			0.2379	0.8281	0.5076
			-0.0957	-0.9586	-0.2682
			0.1458	-0.888	0.436
		b:
			7.4569
			333.2388
			-153.5219
			516.6595
			-379.4428
			43.874
	==================================================================================
	Q5:
		Shape: Polyhedra
		q_c:	430.5	237.5	437.5
		ub :	435.297	243.424	442.9612
		lb :	425.703	231.576	432.0388
		A:
			-0.9412	-0.1362	-0.3091
			0.9593	-0.0419	0.2794
			-0.7832	0.3067	0.5408
			-0.3797	0.0941	0.9203
			0.367	0.6026	-0.7087
			-0.1796	0.0392	-0.983
			0.5705	0.4241	0.7033
			0.7908	-0.0525	-0.6098
			-0.2217	0.9041	-0.3653
			-0.5705	-0.4241	-0.7033
			-0.7908	0.0525	0.6098
			0.2217	-0.9041	0.3653
		b:
			-569.8136
			528.4238
			-24.9878
			264.2623
			-4.9231
			-494.685
			657.0286
			63.6946
			-35.5526
			-651.0286
			-58.6946
			45.5526
	==================================================================================
	Q6:
		Shape: Ellipse
		q_c:	432.0	246.5	433.0
		ub :	437.1193	250.9991	438.3562
		lb :	426.8807	242.0009	427.6438
		P^-1:
			0.1033	0.0225	0.0269
			0.0225	0.105	0.0279
			0.0269	0.0279	0.115


===========================================================================================
===========================================================================================
S10:
	q_c:	350.5	134.0	407.5
	ub :	367.2591	155.3451	425.9509
	lb :	327.9609	109.9289	386.9777

	==================================================================================
	Q1:
		Shape: Ellipse
		q_c:	351.5	148.5	413.5
		ub :	359.4262	155.3451	422.1019
		lb :	343.5738	141.6549	404.8981
		P^-1:
			0.0588	-0.0517	0.0216
			-0.0517	0.1139	-0.036
			0.0216	-0.036	0.0428
	==================================================================================
	Q2:
		Shape: Ellipse
		q_c:	355.0	122.5	405.5
		ub :	366.433	135.0711	418.0908
		lb :	343.567	109.9289	392.9092
		P^-1:
			0.0173	0.0009	0.0004
			0.0009	0.0144	0.0009
			0.0004	0.0009	0.0155
	==================================================================================
	Q3:
		Shape: Polyhedra
		q_c:	345.0	132.0	410.5
		ub :	352.2536	136.5965	416.9225
		lb :	337.7464	127.4035	404.0775
		A:
			-0.6336	-0.7635	0.1251
			-0.2497	0.6279	-0.7371
			0.8602	0.2041	0.4674
			-0.787	0.0539	-0.6146
			-0.7472	-0.4906	-0.4483
			-0.5843	-0.7496	-0.3109
			0.6206	0.1478	0.7701
			-0.7634	0.3383	0.5502
			-0.1792	-0.9293	0.3228
			-0.6206	-0.1478	-0.7701
			0.7634	-0.3383	-0.5502
			0.1792	0.9293	-0.3228
		b:
			-265.1308
			-303.631
			518.8514
			-513.5965
			-503.9576
			-425.8825
			552.231
			14.1621
			-49.9975
			-547.231
			-0.1621
			53.9975
	==================================================================================
	Q4:
		Shape: Polyhedra
		q_c:	358.0	120.5	396.5
		ub :	367.2591	130.7961	406.0223
		lb :	348.7409	110.2039	386.9777
		A:
			0.4907	0.1493	-0.8584
			-0.629	-0.7606	0.1609
			0.9453	0.3146	-0.0864
			0.628	-0.7072	-0.3248
			0.6904	-0.2341	-0.6846
			0.9045	-0.4243	0.0429
			0.3946	0.8294	0.3955
			0.5255	-0.5568	0.6433
			0.7538	-0.046	-0.6555
			-0.3946	-0.8294	-0.3955
			-0.5255	0.5568	-0.6433
			-0.7538	0.046	0.6555
		b:
			-142.4355
			-245.7018
			348.1715
			16.4592
			-48.2255
			294.5852
			406.5226
			381.6052
			8.4052
			-389.5226
			-370.6052
			-0.4052
	==================================================================================
	Q5:
		Shape: Hybrid
		q_c:	338.0	137.5	407.0
		ub :	348.0391	147.5941	414.5585
		lb :	327.9609	127.4059	399.4415
		P^-1:
			0.0281	0.0127	0.0058
			0.0127	0.0335	0.0053
			0.0058	0.0053	0.0386
		A:
			0.1503	0.9749	-0.164
			-0.1607	-0.9245	-0.3458
			0.4405	0.8716	-0.2153
			-0.009	-0.1975	-0.9803
			-0.1271	-0.3054	-0.9437
			-0.2652	0.5286	-0.8064
		b:
			121.5806
			-319.0693
			184.0334
			-426.2987
			-466.3606
			-341.4619
	==================================================================================
	Q6:
		Shape: Polyhedra
		q_c:	347.0	129.5	415.5
		ub :	355.6698	139.5592	425.9509
		lb :	338.3302	119.4408	405.0491
		A:
			-0.8438	-0.226	0.4868
			-0.4509	0.2117	-0.8671
			-0.4901	0.4557	0.7431
			-0.6373	0.4952	-0.5904
			-0.6854	0.3277	-0.6503
			0.5884	-0.6072	-0.5339
			0.561	0.5723	0.5981
			-0.146	0.7796	-0.6091
			-0.8148	0.2544	0.5209
			-0.561	-0.5723	-0.5981
			0.146	-0.7796	0.6091
			0.8148	-0.2544	-0.5209
		b:
			-114.4366
			-482.8248
			202.9899
			-396.0145
			-459.1977
			-90.9993
			523.7902
			-196.2744
			-28.3601
			-510.7902
			209.2744
			38.3601


===========================================================================================
===========================================================================================
S11:
	q_c:	200.5	216.5	337.0
	ub :	202.3914	226.5994	352.9997
	lb :	177.8684	197.9817	319.0667

	==================================================================================
	Q1:
		Shape: Hybrid
		q_c:	195.5	221.0	347.5
		ub :	200.367	224.8994	352.6285
		lb :	190.633	217.1006	342.3715
		P^-1:
			0.0623	-0.0014	0.0019
			-0.0014	0.0815	0.0008
			0.0019	0.0008	0.0497
		A:
			0.1108	0.3009	0.9472
			0.69	0.5068	-0.5168
			0.4713	0.0935	-0.877
			0.3503	-0.7131	0.6073
			-0.2019	-0.5358	0.8199
			0.4815	-0.8309	0.2789
		b:
			419.9331
			69.6945
			-189.2814
			124.1001
			129.5407
			9.3364
	==================================================================================
	Q2:
		Shape: Ellipse
		q_c:	193.0	219.5	340.0
		ub :	199.5751	226.5994	347.5615
		lb :	186.4249	212.4006	332.4385
		P^-1:
			0.0893	-0.0098	-0.0321
			-0.0098	0.0499	0.0148
			-0.0321	0.0148	0.0491
	==================================================================================
	Q3:
		Shape: Polyhedra
		q_c:	189.5	214.0	326.0
		ub :	194.065	219.4156	332.9333
		lb :	184.935	208.5844	319.0667
		A:
			-0.7073	-0.6908	0.1501
			0.3665	-0.9265	0.0855
			0.6248	0.6423	0.444
			-0.1721	-0.9752	-0.1392
			-0.5556	0.7548	-0.3486
			0.1559	0.9321	-0.327
			0.9146	0.3992	0.0645
			-0.0321	-0.0873	0.9957
			0.4031	-0.9127	-0.067
			-0.9146	-0.3992	-0.0645
			0.0321	0.0873	-0.9957
			-0.4031	0.9127	0.067
		b:
			-229.5298
			-96.8407
			404.3801
			-282.9723
			-52.9536
			126.74
			282.7703
			306.3185
			-136.7823
			-276.7703
			-293.3185
			144.7823
	==================================================================================
	Q4:
		Shape: Ellipse
		q_c:	196.5	204.0	347.0
		ub :	202.3914	210.0183	352.9997
		lb :	190.6086	197.9817	341.0003
		P^-1:
			0.1012	0.0956	-0.0315
			0.0956	0.1676	-0.0427
			-0.0315	-0.0427	0.0542
	==================================================================================
	Q5:
		Shape: Ellipse
		q_c:	186.0	214.5	330.5
		ub :	194.1316	222.9885	338.3786
		lb :	177.8684	206.0115	322.6214
		P^-1:
			0.0484	-0.0038	0.0235
			-0.0038	0.0644	-0.0399
			0.0235	-0.0399	0.0655
	==================================================================================
	Q6:
		Shape: Polyhedra
		q_c:	193.0	217.0	341.0
		ub :	200.6608	222.0723	348.1535
		lb :	185.3392	211.9277	333.8465
		A:
			-0.4628	0.849	0.2548
			-0.3364	0.1949	-0.9213
			-0.3873	0.8442	0.3706
			0.3707	0.6872	0.6248
			-0.1644	0.24	-0.9567
			0.5692	-0.5448	0.6158
			0.6692	0.1735	0.7225
			-0.6807	-0.2469	0.6897
			0.2981	-0.9534	-0.0471
			-0.6692	-0.1735	-0.7225
			0.6807	0.2469	-0.6897
			-0.2981	0.9534	0.0471
		b:
			185.2326
			-332.5264
			238.3232
			437.0608
			-301.0819
			205.0509
			416.6904
			56.7427
			-162.4338
			-409.6904
			-43.7427
			168.4338


===========================================================================================
===========================================================================================
S12:
	q_c:	261.5	222.5	19.5
	ub :	266.6692	229.6619	27.2655
	lb :	255.3453	217.0251	15.6316

	==================================================================================
	Q1:
		Shape: Ellipse
		q_c:	259.0	220.5	19.0
		ub :	262.6547	223.7453	22.2442
		lb :	255.3453	217.2547	15.7558
		P^-1:
			0.2153	-0.0403	0.0171
			-0.0403	0.1894	-0.0125
			0.0171	-0.0125	0.1653
	==================================================================================
	Q2:
		Shape: Ellipse
		q_c:	258.5	224.5	21.5
		ub :	261.1568	226.8492	24.266
		lb :	255.8432	222.1508	18.734
		P^-1:
			0.5637	0.2325	0.2878
			0.2325	0.4223	0.2133
			0.2878	0.2133	0.5141
	==================================================================================
	Q3:
		Shape: Hybrid
		q_c:	260.0	222.0	20.5
		ub :	263.3616	225.4676	24.0633
		lb :	256.6384	218.5324	16.9367
		P^-1:
			0.3158	0.081	0.1196
			0.081	0.1482	0.0662
			0.1196	0.0662	0.2516
		A:
			0.8415	0.0754	0.535
			-0.6534	-0.5331	0.5375
			0.5927	-0.5885	0.5499
			-0.395	0.4831	0.7814
			0.6626	0.4613	0.5901
			-0.8731	-0.0203	-0.4871
		b:
			247.3918
			-275.4156
			36.5971
			22.3071
			287.5599
			-240.5322
	==================================================================================
	Q4:
		Shape: Polyhedra
		q_c:	263.5	220.0	18.0
		ub :	266.6692	222.9749	20.3684
		lb :	260.3308	217.0251	15.6316
		A:
			0.4116	0.1687	-0.8956
			-0.5642	-0.5158	-0.6447
			0.0049	0.9379	0.3468
			-0.4616	-0.8736	0.1539
			0.1739	0.7964	0.5792
			0.0674	-0.2732	-0.9596
			0.1594	0.1188	0.98
			-0.7678	0.6389	0.0475
			-0.6205	-0.7601	0.193
			-0.1594	-0.1188	-0.98
			0.7678	-0.6389	-0.0475
			0.6205	0.7601	-0.193
		b:
			131.3424
			-271.9151
			215.9024
			-309.5153
			233.389
			-57.5891
			87.775
			-58.4119
			-325.744
			-83.775
			63.4119
			328.744
	==================================================================================
	Q5:
		Shape: Hybrid
		q_c:	262.5	225.0	21.5
		ub :	265.037	228.9015	25.3576
		lb :	259.963	221.0985	17.6424
		P^-1:
			0.3623	0.0581	-0.0768
			0.0581	0.2071	-0.1093
			-0.0768	-0.1093	0.2361
		A:
			-0.8932	0.0661	-0.4448
			0.2455	0.8673	-0.4329
			-0.4921	-0.6843	0.5381
			0.4718	-0.0028	-0.8817
			0.5351	0.0415	-0.8437
			0.8877	-0.2749	-0.3694
		b:
			-227.8931
			251.4562
			-270.7043
			105.6606
			132.9369
			164.4472
	==================================================================================
	Q6:
		Shape: Hybrid
		q_c:	264.5	226.5	24.0
		ub :	266.5292	229.6619	27.2655
		lb :	262.4708	223.3381	20.7345
		P^-1:
			0.5628	0.1542	0.1729
			0.1542	0.5552	0.3782
			0.1729	0.3782	0.4376
		A:
			-0.766	-0.3373	-0.5472
			0.3164	-0.5454	-0.7762
			0.8873	0.1678	0.4296
			0.5756	0.2446	0.7803
			-0.7251	0.4388	0.5308
			0.3664	0.8385	0.4033
		b:
			-291.4637
			-57.4898
			283.7976
			227.4114
			-78.6123
			297.245


===========================================================================================
===========================================================================================
S13:
	q_c:	385.0	497.5	359.5
	ub :	392.3395	502.9889	365.3944
	lb :	379.2576	489.3026	354.0437

	==================================================================================
	Q1:
		Shape: Ellipse
		q_c:	388.5	495.0	361.5
		ub :	392.3395	499.2381	365.3944
		lb :	384.6605	490.7619	357.6056
		P^-1:
			0.1594	0.0015	-0.0051
			0.0015	0.156	0.0134
			-0.0051	0.0134	0.1157
	==================================================================================
	Q2:
		Shape: Polyhedra
		q_c:	387.5	493.5	357.5
		ub :	390.6207	495.6524	360.4984
		lb :	384.3793	491.3476	354.5016
		A:
			0.021	0.5402	-0.8413
			-0.5731	0.7968	0.1915
			0.7578	0.5499	0.3511
			0.3675	0.7274	0.5796
			-0.1473	0.9838	-0.1025
			-0.5846	-0.6245	-0.5179
			0.3049	0.9336	0.1884
			0.565	-0.018	-0.8249
			-0.7667	0.358	-0.533
			-0.3049	-0.9336	-0.1884
			-0.565	0.018	0.8249
			0.7667	-0.358	0.533
		b:
			-24.0497
			241.4514
			692.253
			710.1542
			393.3874
			-718.2356
			647.7286
			-82.8575
			-308.9543
			-644.7286
			86.8575
			312.9543
	==================================================================================
	Q3:
		Shape: Ellipse
		q_c:	381.0	494.0	357.5
		ub :	382.7424	496.9132	360.9563
		lb :	379.2576	491.0868	354.0437
		P^-1:
			0.8932	-0.2167	0.0474
			-0.2167	0.4775	-0.1605
			0.0474	-0.1605	0.1849
	==================================================================================
	Q4:
		Shape: Polyhedra
		q_c:	382.5	492.5	359.5
		ub :	385.1725	495.6974	362.5083
		lb :	379.8275	489.3026	356.4917
		A:
			0.7326	-0.5132	-0.447
			0.5186	0.7278	0.4488
			-0.9756	-0.0533	0.2131
			0.678	0.7132	-0.1778
			0.7248	0.3907	-0.5675
			-0.9879	0.1509	0.0347
			0.8466	0.5089	0.1559
			0.214	-0.5936	0.7758
			0.4873	-0.6234	-0.6115
			-0.8466	-0.5089	-0.1559
			-0.214	0.5936	-0.7758
			-0.4873	0.6234	0.6115
		b:
			-131.2693
			719.757
			-321.0927
			548.2856
			267.346
			-289.3828
			632.0037
			70.3686
			-338.4314
			-629.0037
			-66.3686
			342.4314
	==================================================================================
	Q5:
		Shape: Ellipse
		q_c:	383.5	492.0	360.5
		ub :	386.2646	494.487	363.3417
		lb :	380.7354	489.513	357.6583
		P^-1:
			0.3599	0.0629	0.073
			0.0629	0.3976	-0.0544
			0.073	-0.0544	0.3813
	==================================================================================
	Q6:
		Shape: Hybrid
		q_c:	387.5	499.0	361.0
		ub :	391.7543	502.9889	364.9076
		lb :	383.2457	495.0111	357.0924
		P^-1:
			0.16	-0.0	0.0
			-0.0	0.16	-0.0
