3D_50_11_6_d                l = 3

===========================================================================================
===========================================================================================
S1:
	q_c:	152.0	278.5	67.0
	ub :	173.3148	301.1055	84.6689
	lb :	136.5382	256.8082	53.7622

	==================================================================================
	Q1:
		Shape: Polyhedra
		q_c:	144.0	282.5	59.0
		ub :	150.6858	289.525	64.2378
		lb :	137.3142	275.475	53.7622
		A:
			-0.1829	0.7998	0.5718
			-0.2106	0.764	-0.6099
			0.4419	0.8801	-0.1737
			-0.5833	-0.5359	0.6104
			0.046	-0.5554	0.8303
			0.3295	0.5273	0.7832
			0.7836	0.615	0.0881
			0.0753	-0.2347	0.9692
			0.6167	-0.7528	-0.2302
			-0.7836	-0.615	-0.0881
			-0.0753	0.2347	-0.9692
			-0.6167	0.7528	0.2302
		b:
			237.5059
			153.5954
			306.7884
			-194.8186
			-97.2375
			247.0575
			296.775
			5.7142
			-133.4323
			-286.775
			2.2858
			141.4323
	==================================================================================
	Q2:
		Shape: Ellipse
		q_c:	147.5	280.0	69.0
		ub :	156.5032	288.16	78.1162
		lb :	138.4968	271.84	59.8838
		P^-1:
			0.0484	0.0132	-0.0148
			0.0132	0.0306	-0.007
			-0.0148	-0.007	0.025
	==================================================================================
	Q3:
		Shape: Hybrid
		q_c:	152.0	272.0	62.0
		ub :	158.1901	274.9601	64.202
		lb :	145.8099	269.0399	59.798
		P^-1:
			0.0298	-0.0222	0.0015
			-0.0222	0.2742	-0.0666
			0.0015	-0.0666	0.4181
		A:
			-0.2253	0.8442	0.4864
			-0.2028	-0.7138	0.6703
			0.1802	0.2244	-0.9577
			-0.5202	0.7553	0.3986
			0.166	0.3006	0.9392
			0.1103	-0.0037	-0.9939
		b:
			226.9336
			-181.9851
			30.1551
			153.5433
			166.5474
			-44.9453
	==================================================================================
	Q4:
		Shape: Ellipse
		q_c:	149.0	269.0	74.5
		ub :	161.4618	281.1918	84.6689
		lb :	136.5382	256.8082	64.3311
		P^-1:
			0.0182	-0.0009	0.0043
			-0.0009	0.0158	0.0027
			0.0043	0.0027	0.0254
	==================================================================================
	Q5:
		Shape: Ellipse
		q_c:	149.5	291.0	68.5
		ub :	159.5307	301.1055	75.2903
		lb :	139.4693	280.8945	61.7097
		P^-1:
			0.0256	0.0021	-0.0065
			0.0021	0.0259	-0.0069
			-0.0065	-0.0069	0.0453
	==================================================================================
	Q6:
		Shape: Polyhedra
		q_c:	165.5	273.5	68.5
		ub :	173.3148	279.8848	77.7981
		lb :	157.6852	267.1152	59.2019
		A:
			0.4196	-0.8628	-0.2819
			0.1744	-0.9788	0.107
			-0.6829	0.7245	0.0932
			-0.7723	0.6351	0.0164
			-0.6449	0.6824	0.3443
			0.5357	-0.8426	-0.0551
			0.5825	0.3531	0.7321
			-0.6315	0.7637	0.1342
			-0.5117	-0.5405	0.6679
			-0.5825	-0.3531	-0.7321
			0.6315	-0.7637	-0.1342
			0.5117	0.5405	-0.6679
		b:
			-183.5905
			-228.3312
			92.6611
			48.9147
			105.1588
			-144.2678
			250.6392
			114.5313
			-181.2585
			-235.6392
			-112.5313
			192.2585


===========================================================================================
===========================================================================================
S2:
	q_c:	232.0	428.0	425.0
	ub :	239.1154	434.5128	434.4935
	lb :	223.065	418.3414	420.2985

	==================================================================================
	Q1:
		Shape: Hybrid
		q_c:	227.5	421.5	431.0
		ub :	230.6785	424.6586	434.4935
		lb :	224.3215	418.3414	427.5065
		P^-1:
			0.3016	0.093	0.0379
			0.093	0.2845	0.1038
			0.0379	0.1038	0.2684
		A:
			-0.0919	-0.261	0.961
			0.9372	0.347	-0.0345
			-0.0046	0.8753	-0.4835
			-0.7668	-0.6176	0.1748
			-0.802	0.2735	-0.531
			-0.952	0.3049	0.0272
		b:
			284.7468
			345.625
			161.1607
			-358.4137
			-294.5839
			-75.0115
	==================================================================================
	Q2:
		Shape: Ellipse
		q_c:	231.5	426.5	425.0
		ub :	234.9476	429.8923	427.6151
		lb :	228.0524	423.1077	422.3849
		P^-1:
			0.113	0.0116	-0.0035
			0.0116	0.2133	-0.1127
			-0.0035	-0.1127	0.3892
	==================================================================================
	Q3:
		Shape: Hybrid
		q_c:	232.5	424.0	428.5
		ub :	236.1433	427.6854	432.457
		lb :	228.8567	420.3146	424.543
		P^-1:
			0.2215	-0.0085	-0.041
			-0.0085	0.1612	0.0057
			-0.041	0.0057	0.1873
		A:
			0.8092	0.513	-0.2865
			0.3653	-0.5619	-0.7421
			0.5858	-0.3963	-0.707
			-0.4543	-0.0868	0.8866
			-0.4141	-0.7305	0.543
			0.537	-0.787	-0.3037
		b:
			284.0809
			-470.1034
			-333.6671
			238.6273
			-171.9727
			-337.6937
	==================================================================================
	Q4:
		Shape: Polyhedra
		q_c:	236.0	422.0	423.5
		ub :	239.1154	424.5084	426.7015
		lb :	232.8846	419.4916	420.2985
		A:
			0.778	0.3445	-0.5254
			0.8817	-0.2438	0.404
			-0.7444	0.1148	-0.6578
			-0.7716	0.2655	0.5781
			0.8378	-0.3495	0.4193
			-0.4975	-0.7109	0.4971
			0.4625	0.6273	0.6266
			0.7824	0.0437	-0.6213
			-0.4171	0.7776	-0.4705
			-0.4625	-0.6273	-0.6266
			-0.7824	-0.0437	0.6213
			0.4171	-0.7776	0.4705
		b:
			108.4768
			278.0154
			-404.0344
			176.7453
			229.4934
			-205.0691
			641.2224
			-58.0125
			31.9208
			-637.2224
			62.0125
			-28.9208
	==================================================================================
	Q5:
		Shape: Hybrid
		q_c:	232.5	431.0	427.5
		ub :	235.5848	434.5128	430.224
		lb :	229.4152	427.4872	424.776
		P^-1:
			0.2303	-0.0254	-0.0342
			-0.0254	0.238	-0.1078
			-0.0342	-0.1078	0.3861
		A:
			-0.3289	0.2801	0.9019
			0.8008	-0.5405	0.2581
			-0.9547	0.158	-0.252
			0.3274	-0.8841	0.3335
			0.792	-0.0628	0.6073
			0.2603	-0.2637	0.9288
		b:
			430.9368
			64.7219
			-260.2533
			-161.2108
			418.0499
			344.8694
	==================================================================================
	Q6:
		Shape: Ellipse
		q_c:	226.5	425.0	424.5
		ub :	229.935	428.5657	427.0333
		lb :	223.065	421.4343	421.9667
		P^-1:
			0.1603	-0.0008	0.0054
			-0.0008	0.1619	-0.013
			0.0054	-0.013	0.2478


===========================================================================================
===========================================================================================
S3:
	q_c:	106.0	514.5	477.5
	ub :	120.1842	524.1544	492.294
	lb :	95.5467	504.1543	464.786

	==================================================================================
	Q1:
		Shape: Polyhedra
		q_c:	108.5	519.5	474.5
		ub :	112.923	524.1544	479.289
		lb :	104.077	514.8456	469.711
		A:
			-0.1968	-0.9401	0.2784
			-0.3657	-0.8529	0.3727
			-0.3425	0.7507	0.565
			-0.2006	-0.6053	0.7703
			0.4037	-0.3798	0.8323
			-0.6142	-0.3934	-0.6841
			0.0685	0.8329	0.5492
			0.9954	-0.02	-0.0939
			-0.0672	0.5531	-0.8304
			-0.0685	-0.8329	-0.5492
			-0.9954	0.02	0.0939
			0.0672	-0.5531	0.8304
		b:
			-374.3901
			-302.5855
			624.4934
			32.3377
			244.5623
			-592.0445
			704.2146
			57.0633
			-110.9563
			-697.2146
			-49.0633
			116.9563
	==================================================================================
	Q2:
		Shape: Hybrid
		q_c:	115.0	517.5	486.5
		ub :	120.1842	520.6571	492.294
		lb :	109.8158	514.3429	480.706
		P^-1:
			0.1544	-0.2228	-0.0544
			-0.2228	0.8184	0.3028
			-0.0544	0.3028	0.1783
		A:
			-0.0456	-0.9233	-0.3813
			0.0008	0.9127	-0.4086
			-0.2615	0.8014	0.5379
			0.2753	-0.81	-0.5178
			-0.3885	0.802	0.4538
			0.0141	0.9923	0.1228
		b:
			-667.6391
			276.8042
			647.2545
			-638.5723
			591.9838
			576.3895
	==================================================================================
	Q3:
		Shape: Ellipse
		q_c:	101.5	510.5	473.5
		ub :	107.4533	516.8457	478.5576
		lb :	95.5467	504.1543	468.4424
		P^-1:
			0.074	-0.0338	0.0106
			-0.0338	0.0791	0.0036
			0.0106	0.0036	0.0797
	==================================================================================
	Q4:
		Shape: Ellipse
		q_c:	109.5	517.0	472.0
		ub :	116.6192	523.2157	479.214
		lb :	102.3808	510.7843	464.786
		P^-1:
			0.0584	0.0129	0.0065
			0.0129	0.0679	0.0093
			0.0065	0.0093	0.0541
	==================================================================================
	Q5:
		Shape: Hybrid
		q_c:	109.0	521.5	481.5
		ub :	113.9824	523.7599	486.5108
		lb :	104.0176	519.2401	476.4892
		P^-1:
			0.1565	-0.2364	-0.0293
			-0.2364	0.9331	0.0155
			-0.0293	0.0155	0.0839
		A:
			0.3652	-0.9064	0.2123
			0.2775	-0.6405	-0.7161
			-0.7697	0.6334	0.0796
			-0.4336	0.5681	0.6994
			0.738	0.6722	-0.0588
			0.7074	0.4511	-0.5442
		b:
			-329.783
			-646.4959
			286.347
			587.7523
			405.2572
			52.7872
	==================================================================================
	Q6:
		Shape: Hybrid
		q_c:	115.5	515.0	476.0
		ub :	119.2046	519.9698	482.1221
		lb :	111.7954	510.0302	469.8779
		P^-1:
			0.3812	0.0552	-0.1368
			0.0552	0.1358	0.0345
			-0.1368	0.0345	0.1205
		A:
			0.9134	0.0166	-0.4067
			-0.8092	0.515	0.2828
			0.694	0.7115	-0.1103
			-0.4307	-0.8006	-0.4167
			0.3679	-0.7035	-0.6081
			0.8613	0.2913	-0.4164
		b:
			-78.7912
			308.1648
			395.4394
			-658.6378
			-607.7024
			52.2194


===========================================================================================
===========================================================================================
S4:
	q_c:	54.5	485.0	76.0
	ub :	63.9491	492.9315	89.3017
	lb :	41.6388	480.3227	67.7171

	==================================================================================
	Q1:
		Shape: Polyhedra
		q_c:	51.5	485.0	72.5
		ub :	56.1909	489.5752	77.2829
		lb :	46.8091	480.4248	67.7171
		A:
			0.1209	-0.8188	0.5612
			-0.1125	0.9797	0.1662
			0.3264	0.8544	-0.4044
			0.4149	-0.3089	0.8558
			0.3254	-0.3824	-0.8648
			-0.4491	-0.2402	0.8606
			0.5767	0.6763	0.4582
			0.7772	-0.2815	-0.5628
			-0.2516	0.6807	-0.688
			-0.5767	-0.6763	-0.4582
			-0.7772	0.2815	0.5628
			0.2516	-0.6807	0.688
		b:
			-347.6909
			484.2248
			404.5757
			-63.8262
			-228.4432
			-74.4253
			393.9348
			-134.2937
			269.8086
			-387.9348
			140.2937
			-264.8086
	==================================================================================
	Q2:
		Shape: Hybrid
		q_c:	47.5	486.5	83.0
		ub :	53.3612	491.7344	89.3017
		lb :	41.6388	481.2656	76.6983
		P^-1:
			0.1203	0.0828	0.0451
			0.0828	0.1605	0.0461
			0.0451	0.0461	0.0811
		A:
			0.1265	0.8884	0.4412
			-0.6231	-0.7669	0.1533
			-0.8549	-0.2943	-0.4273
			0.8381	0.2031	-0.5064
			0.5985	-0.0076	0.8011
			-0.0851	-0.4598	0.8839
		b:
			476.6048
			-388.268
			-217.5574
			99.656
			93.5838
			-151.2493
	==================================================================================
	Q3:
		Shape: Ellipse
		q_c:	51.0	484.0	77.0
		ub :	55.2071	487.6773	81.094
		lb :	46.7929	480.3227	72.906
		P^-1:
			0.1848	-0.0478	0.0278
			-0.0478	0.2107	-0.0015
			0.0278	-0.0015	0.1256
	==================================================================================
	Q4:
		Shape: Polyhedra
		q_c:	60.5	487.0	73.0
		ub :	63.9491	491.7959	77.4256
		lb :	57.0509	482.2041	68.5744
		A:
			0.2041	0.2018	0.9579
			0.8591	0.2507	0.4462
			0.511	0.1328	-0.8492
			0.1968	-0.6317	0.7498
			0.1517	0.7966	-0.5852
			-0.3552	0.6136	0.7052
			0.0253	0.7988	0.6011
			0.2069	0.5841	-0.7849
			-0.978	0.1442	-0.1505
			-0.0253	-0.7988	-0.6011
			-0.2069	-0.5841	0.7849
			0.978	-0.1442	0.1505
		b:
			183.8795
			209.9246
			36.156
			-238.7761
			356.6302
			332.6083
			438.4109
			241.6778
			3.0829
			-430.4109
			-237.6778
			2.9171
	==================================================================================
	Q5:
		Shape: Hybrid
		q_c:	56.0	488.5	80.5
		ub :	60.119	492.7954	84.3891
		lb :	51.881	484.2046	76.6109
		P^-1:
			0.267	-0.0304	-0.1576
			-0.0304	0.1146	-0.0241
			-0.1576	-0.0241	0.3044
		A:
			0.4018	-0.3347	-0.8524
			0.9947	0.09	0.0487
			-0.9926	-0.1177	0.0309
			-0.0061	-0.992	-0.1259
			0.58	0.3781	-0.7216
			-0.6717	0.5874	0.4515
		b:
			-208.3501
			105.4273
			-108.8449
			-492.6449
			160.1358
			287.0072
	==================================================================================
	Q6:
		Shape: Hybrid
		q_c:	52.5	487.0	78.5
		ub :	58.1105	492.9315	82.9941
		lb :	46.8895	481.0685	74.0059
		P^-1:
			0.0943	0.0294	0.0016
			0.0294	0.0567	0.0066
			0.0016	0.0066	0.0817
		A:
			0.9231	0.1868	0.3362
			-0.0554	0.5968	-0.8005
			-0.573	-0.19	0.7972
			0.4943	0.7762	0.3913
			0.0807	0.5492	-0.8318
			-0.4717	-0.8547	0.2165
		b:
			167.6027
			227.577
			-58.1551
			436.6417
			208.8656
			-421.7701


===========================================================================================
===========================================================================================
S5:
	q_c:	155.0	264.0	292.0
	ub :	178.1659	279.5461	317.559
	lb :	136.3467	243.7051	279.7426

	==================================================================================
	Q1:
		Shape: Hybrid
		q_c:	171.0	259.0	290.0
		ub :	178.1659	265.8773	294.9819
		lb :	163.8341	252.1227	285.0181
		P^-1:
			0.0739	0.0314	-0.0706
			0.0314	0.0691	-0.0654
			-0.0706	-0.0654	0.1869
		A:
			0.224	0.6039	-0.7649
			-0.5622	-0.1554	0.8123
			0.5188	0.0906	-0.8501
			0.5788	0.7105	0.4003
			0.7212	0.349	-0.5984
			-0.7477	0.0172	0.6639
		b:
			-25.6945
			100.5224
			-132.9036
			403.0182
			41.8847
			71.2542
	==================================================================================
	Q2:
		Shape: Ellipse
		q_c:	152.5	267.5	286.0
		ub :	157.0284	273.6344	292.2574
		lb :	147.9716	261.3656	279.7426
		P^-1:
			0.0817	0.0008	-0.0072
			0.0008	0.0865	-0.0355
			-0.0072	-0.0355	0.0575
	==================================================================================
	Q3:
		Shape: Polyhedra
		q_c:	143.5	252.0	306.0
		ub :	150.6533	260.2949	313.4181
		lb :	136.3467	243.7051	298.5819
		A:
			0.1222	-0.2065	-0.9708
			-0.6333	-0.7151	-0.2959
			0.7501	-0.4453	0.4889
			-0.8444	-0.4078	-0.3474
			-0.5224	0.8419	-0.1351
			-0.7183	-0.2062	-0.6645
			0.5511	0.3511	0.757
			0.14	0.8554	-0.4987
			-0.8226	0.3808	0.4223
			-0.5511	-0.3511	-0.757
			-0.14	-0.8554	0.4987
			0.8226	-0.3808	-0.4223
		b:
			-327.12
			-357.6631
			149.9445
			-326.5671
			101.8188
			-355.5503
			401.6934
			89.0655
			113.1308
			-396.6934
			-77.0655
			-101.1308
	==================================================================================
	Q4:
		Shape: Hybrid
		q_c:	149.0	267.0	308.0
		ub :	156.5132	276.5351	317.559
		lb :	141.4868	257.4649	298.441
		P^-1:
			0.0399	0.0006	-0.0012
			0.0006	0.0354	0.0083
			-0.0012	0.0083	0.0251
		A:
			-0.9901	0.0231	-0.1388
			-0.9472	-0.037	0.3185
			-0.8501	-0.5078	-0.1392
			0.2406	0.2358	-0.9416
			-0.1221	0.9903	0.0662
			0.6747	0.7052	-0.2177
		b:
			-181.5142
			-50.284
			-302.6325
			-186.9704
			269.5389
			224.8134
	==================================================================================
	Q5:
		Shape: Hybrid
		q_c:	155.0	273.0	292.5
		ub :	164.9407	279.5461	301.8
		lb :	145.0593	266.4539	283.2
		P^-1:
			0.0259	-0.0058	0.0034
			-0.0058	0.048	0.0013
			0.0034	0.0013	0.0237
		A:
			0.2754	0.9189	0.2825
			-0.6015	-0.2607	0.7551
			0.2805	-0.7204	-0.6343
			0.9644	0.2489	0.0893
			0.5868	-0.4246	0.6895
			0.5983	-0.5437	0.5886
		b:
			378.9601
			61.1745
			-335.4794
			247.691
			180.126
			119.6276
	==================================================================================
	Q6:
		Shape: Polyhedra
		q_c:	158.0	257.5	307.5
		ub :	166.7933	266.7265	315.907
		lb :	149.2067	248.2735	299.093
		A:
			-0.0104	-0.1057	0.9943
			0.5278	0.6184	0.5822
			0.7413	0.4355	0.5108
			0.3461	-0.4168	-0.8405
			-0.1741	0.4848	0.8571
			-0.5715	-0.7002	0.4279
			0.3153	0.6108	0.7263
			-0.5333	0.7471	-0.3968
			-0.785	-0.2623	0.5613
			-0.3153	-0.6108	-0.7263
			0.5333	-0.7471	0.3968
			0.785	0.2623	-0.5613
		b:
			282.0303
			425.7178
			390.7587
			-306.778
			365.0927
			-134.0049
			434.4341
			-6.4061
			-14.4624
			-426.4341
			21.4061
			23.4624


===========================================================================================
===========================================================================================
S6:
	q_c:	437.0	397.0	425.0
	ub :	448.2403	414.393	439.051
	lb :	422.6002	385.135	410.2122

	==================================================================================
	Q1:
		Shape: Polyhedra
		q_c:	436.0	407.5	428.5
		ub :	441.6189	414.393	435.3792
		lb :	430.3811	400.607	421.6208
		A:
			0.0012	-0.9813	-0.1924
			0.3893	0.307	-0.8684
			0.2881	-0.777	-0.5597
			0.4374	0.42	-0.7951
			-0.2661	-0.0135	0.9639
			0.6321	0.6433	0.432
			0.0135	0.7134	0.7006
			0.7354	0.4677	-0.4904
			-0.6775	0.5219	-0.5183
			-0.0135	-0.7134	-0.7006
			-0.7354	-0.4677	0.4904
			0.6775	-0.5219	0.5183
		b:
			-477.6874
			-73.9976
			-426.6771
			24.2356
			295.0922
			726.6444
			600.8226
			303.5674
			-299.3373
			-592.8226
			-298.5674
			310.3373
	==================================================================================
	Q2:
		Shape: Hybrid
		q_c:	440.5	400.5	424.5
		ub :	445.6996	405.9902	428.9157
		lb :	435.3004	395.0098	420.0843
		P^-1:
			0.0928	0.0142	-0.0234
			0.0142	0.0998	-0.0298
			-0.0234	-0.0298	0.1307
		A:
			-0.8156	-0.0256	0.578
			0.8962	0.4313	-0.1043
			0.1947	0.2704	0.9428
			-0.0972	0.1361	-0.9859
			-0.602	0.3607	0.7124
			-0.5478	0.8195	-0.1686
		b:
			-122.486
			525.0974
			596.3123
			-405.2021
			183.5919
			17.5047
	==================================================================================
	Q3:
		Shape: Polyhedra
		q_c:	427.0	392.0	416.5
		ub :	431.3998	398.865	422.7878
		lb :	422.6002	385.135	410.2122
		A:
			-0.5696	0.1133	-0.8141
			-0.7504	0.1788	0.6364
			-0.9885	-0.0575	-0.1395
			0.4824	-0.8749	-0.0441
			0.8109	-0.3091	0.4969
			0.7184	-0.6955	-0.0158
			0.189	0.5996	0.7776
			0.2546	0.7349	-0.6286
			-0.9484	0.3168	-0.0138
			-0.189	-0.5996	-0.7776
			-0.2546	-0.7349	0.6286
			0.9484	-0.3168	0.0138
		b:
			-534.0611
			18.2219
			-499.9253
			-151.7457
			435.1185
			30.5312
			643.6434
			139.9838
			-284.0326
			-635.6434
			-129.9838
			289.0326
	==================================================================================
	Q4:
		Shape: Polyhedra
		q_c:	445.0	407.5	427.5
		ub :	448.2403	410.3973	431.1318
		lb :	441.7597	404.6027	423.8682
		A:
			-0.695	0.5915	-0.4088
			0.409	-0.4645	0.7855
			0.7243	-0.5696	-0.3885
			0.7636	-0.5089	0.3975
			-0.815	0.5501	0.182
			-0.6341	0.5352	-0.5581
			0.4258	0.7359	0.5264
			0.6617	0.1435	-0.7359
			-0.6171	0.6617	-0.4259
			-0.4258	-0.7359	-0.5264
			-0.6617	-0.1435	0.7359
			0.6171	-0.6617	0.4259
		b:
			-242.4292
			329.7894
			-73.9038
			303.1006
			-59.1192
			-301.9067
			717.4131
			40.8169
			-186.538
			-711.4131
			-35.8169
			187.538
	==================================================================================
	Q5:
		Shape: Polyhedra
		q_c:	443.0	396.5	426.0
		ub :	447.0624	402.1609	431.479
		lb :	438.9376	390.8391	420.521
		A:
			0.3723	-0.7778	-0.5063
			-0.7337	-0.6777	0.0493
			0.661	0.7345	-0.1538
			-0.2777	-0.3861	-0.8797
			-0.1831	-0.9417	-0.2822
			0.921	-0.2129	-0.3263
			0.8244	0.4173	0.3824
			-0.0448	-0.6254	0.779
			0.5642	-0.6593	-0.4969
			-0.8244	-0.4173	-0.3824
			0.0448	0.6254	-0.779
			-0.5642	0.6593	0.4969
		b:
			-355.2476
			-570.2873
			521.1775
			-647.8526
			-571.4953
			188.1146
			695.5633
			67.5379
			-219.1735
			-691.5633
			-60.5379
			227.1735
	==================================================================================
	Q6:
		Shape: Ellipse
		q_c:	431.0	398.0	434.5
		ub :	435.7832	403.3216	439.051
		lb :	426.2168	392.6784	429.949
		P^-1:
			0.1153	0.008	-0.0229
			0.008	0.0754	0.0252
			-0.0229	0.0252	0.1429


===========================================================================================
===========================================================================================
S7:
	q_c:	166.5	249.0	261.0
	ub :	198.177	275.3264	293.6887
	lb :	137.1123	219.1273	223.4912

	==================================================================================
	Q1:
		Shape: Polyhedra
		q_c:	177.0	237.0	266.0
		ub :	187.7511	248.5907	277.4267
		lb :	166.2489	225.4093	254.5733
		A:
			-0.5713	-0.0386	0.8198
			0.9888	-0.1298	0.074
			-0.264	0.5858	0.7663
			0.3207	0.5737	-0.7537
			-0.3169	-0.945	-0.0808
			-0.3951	0.9114	-0.1147
			0.7657	0.3729	0.5241
			0.2207	0.6131	-0.7586
			-0.6042	0.6965	0.3871
			-0.7657	-0.3729	-0.5241
			-0.2207	-0.6131	0.7586
			0.6042	-0.6965	-0.3871
		b:
			114.8068
			170.6442
			302.8378
			-0.7479
			-294.7588
			122.5649
			369.8181
			-10.4111
			168.0925
			-356.8181
			24.4111
			-154.0925
	==================================================================================
	Q2:
		Shape: Hybrid
		q_c:	171.5	268.5	267.0
		ub :	179.0124	275.3264	272.4836
		lb :	163.9876	261.6736	261.5164
		P^-1:
			0.0636	0.0189	-0.0835
			0.0189	0.045	-0.0305
			-0.0835	-0.0305	0.2051
		A:
			0.6348	0.1324	-0.7612
			0.3727	-0.2338	-0.898
			-0.1678	-0.5801	0.7971
			0.1933	0.1524	-0.9692
			0.3804	-0.1495	-0.9126
			-0.2962	-0.4605	-0.8368
		b:
			-57.293
			-236.915
			30.475
			-183.2372
			-217.0825
			-394.1469
	==================================================================================
	Q3:
		Shape: Ellipse
		q_c:	156.5	234.0	243.5
		ub :	175.8877	248.8475	263.5088
		lb :	137.1123	219.1525	223.4912
		P^-1:
			0.0044	0.0003	0.0006
			0.0003	0.0115	-0.0022
			0.0006	-0.0022	0.0065
	==================================================================================
	Q4:
		Shape: Polyhedra
		q_c:	185.0	267.0	253.0
		ub :	198.177	274.6316	260.8083
		lb :	171.823	259.3684	245.1917
		A:
			-0.0207	-0.7457	0.666
			0.0581	0.8341	-0.5485
			-0.018	-0.7883	0.6151
			0.1258	-0.9627	-0.2395
			-0.0617	0.4876	-0.8709
			0.2911	-0.2936	-0.9105
			0.0047	0.6742	0.7385
			-0.9938	0.0852	-0.0714
			-0.1111	-0.7336	0.6705
			-0.0047	-0.6742	-0.7385
			0.9938	-0.0852	0.0714
			0.1111	0.7336	-0.6705
		b:
			-32.1081
			97.0737
			-55.7722
			-287.614
			-97.8536
			-247.5879
			375.2356
			-166.1761
			-44.7913
			-360.2356
			192.1761
			48.7913
	==================================================================================
	Q5:
		Shape: Polyhedra
		q_c:	147.0	233.0	279.5
		ub :	156.1639	246.8727	293.6887
		lb :	137.8361	219.1273	265.3113
		A:
			0.9444	-0.3233	-0.0598
			-0.5502	0.8287	-0.1023
			0.8866	-0.4502	-0.1057
			0.7656	-0.6082	0.2098
			0.7606	-0.6412	-0.1017
			-0.864	0.4731	0.172
			0.2103	0.6373	0.7414
			0.4317	0.6199	-0.6553
			-0.8772	0.4579	-0.1447
			-0.2103	-0.6373	-0.7414
			-0.4317	-0.6199	0.6553
			0.8772	-0.4579	0.1447
		b:
			50.8612
			89.2355
			0.0648
			33.3544
			-61.2808
			35.864
			397.1199
			33.7299
			-59.2038
			-376.1199
			-15.7299
			66.2038
	==================================================================================
	Q6:
		Shape: Hybrid
		q_c:	179.5	261.5	270.0
		ub :	188.7224	269.6093	281.1843
		lb :	170.2776	253.3907	258.8157
		P^-1:
			0.0434	-0.0008	-0.0125
			-0.0008	0.04	0.0067
			-0.0125	0.0067	0.016
		A:
			0.119	0.9398	-0.3205
			-0.9862	0.1638	-0.0249
			-0.5744	0.8138	0.0885
			-0.0544	0.4999	0.8644
			-0.5551	-0.6131	-0.5622
			-0.4106	-0.8431	0.3474
		b:
			184.5888
			-137.4609
			136.5689
			359.7072
			-406.8661
			-196.8186


===========================================================================================
===========================================================================================
S8:
	q_c:	182.5	427.5	267.0
	ub :	204.3085	454.9456	297.0861
	lb :	153.7681	402.3361	251.1996

	==================================================================================
	Q1:
		Shape: Ellipse
		q_c:	178.5	429.0	265.5
		ub :	193.0133	440.2477	279.8004
		lb :	163.9867	417.7523	251.1996
		P^-1:
			0.0132	-0.0039	-0.003
			-0.0039	0.021	0.0022
			-0.003	0.0022	0.0133
	==================================================================================
	Q2:
		Shape: Hybrid
		q_c:	177.5	442.5	274.5
		ub :	186.0263	452.4603	284.1848
		lb :	168.9737	432.5397	264.8152
		P^-1:
			0.0242	0.0063	0.0045
			0.0063	0.0318	0.006
			0.0045	0.006	0.028
		A:
			0.8608	-0.304	0.4081
			-0.8435	0.528	0.0987
			0.2441	0.8908	-0.3833
			-0.6612	-0.7393	0.1276
			-0.3954	-0.8976	0.1951
			-0.633	-0.4076	-0.6582
		b:
			134.4141
			115.4762
			335.8695
			-406.2148
			-410.5282
			-470.5917
	==================================================================================
	Q3:
		Shape: Hybrid
		q_c:	171.5	410.0	274.5
		ub :	181.2866	417.6639	284.0802
		lb :	161.7134	402.3361	264.9198
		P^-1:
			0.0253	-0.0016	0.0022
			-0.0016	0.0325	-0.0008
			0.0022	-0.0008	0.0267
		A:
			-0.3879	0.1283	0.9127
			-0.3922	0.0051	-0.9199
			-0.1289	0.9893	-0.069
			0.2423	-0.8614	-0.4464
			0.3435	0.0431	0.9382
			0.6791	-0.2913	0.6738
		b:
			240.183
			-314.4256
			367.3053
			-431.1267
			337.3591
			185.0852
	==================================================================================
	Q4:
		Shape: Polyhedra
		q_c:	181.0	437.0	271.5
		ub :	194.5415	449.7432	280.926
		lb :	167.4585	424.2568	262.074
		A:
			-0.2572	0.4958	0.8295
			-0.63	-0.6389	0.4414
			0.0711	0.2725	-0.9595
			-0.4549	-0.2787	-0.8458
			0.361	0.5795	0.7307
			-0.5994	0.1263	0.7904
			0.5747	0.7757	0.2608
			0.7949	-0.6049	0.0476
			0.1946	0.18	-0.9642
			-0.5747	-0.7757	-0.2608
			-0.7949	0.6049	-0.0476
			-0.1946	-0.18	0.9642
		b:
			403.3963
			-266.3935
			-120.9794
			-426.5255
			523.749
			169.6949
			520.3009
			-97.0643
			-140.4216
			-507.3009
			118.0643
			155.4216
	==================================================================================
	Q5:
		Shape: Ellipse
		q_c:	163.0	445.5	264.0
		ub :	172.2319	453.0145	269.1467
		lb :	153.7681	437.9855	258.8533
		P^-1:
			0.0205	0.0158	-0.0092
			0.0158	0.0662	-0.028
			-0.0092	-0.028	0.0894
	==================================================================================
	Q6:
		Shape: Hybrid
		q_c:	189.5	441.5	283.0
		ub :	204.3085	454.9456	297.0861
		lb :	174.6915	428.0544	268.9139
		P^-1:
			0.0133	0.0023	-0.0028
			0.0023	0.0166	-0.0036
			-0.0028	-0.0036	0.0129
		A:
			-0.2493	0.241	0.938
			-0.7659	0.3486	0.5402
			0.8843	0.4487	-0.1289
			-0.164	-0.586	0.7935
			0.1318	-0.9913	0.0015
			0.8394	0.4326	-0.329
		b:
			330.3074
			166.9624
			333.8044
			-61.1694
			-407.5632
			261.1225


===========================================================================================
===========================================================================================
S9:
	q_c:	459.5	458.0	495.5
	ub :	469.1496	466.2217	505.5247
	lb :	450.887	452.8194	489.9941

	==================================================================================
	Q1:
		Shape: Hybrid
		q_c:	455.0	456.5	500.0
		ub :	459.113	460.1806	504.1058
		lb :	450.887	452.8194	495.8942
		P^-1:
			0.2267	-0.0956	0.1024
			-0.0956	0.2901	-0.1147
			0.1024	-0.1147	0.1692
		A:
			0.6499	-0.7393	0.1766
			0.8412	-0.339	-0.4212
			-0.3799	0.5554	0.7398
			-0.222	0.635	-0.7399
			0.675	-0.1438	0.7236
			-0.3106	-0.8402	0.4446
		b:
			47.5981
			19.6657
			453.2168
			-179.9465
			604.5918
			-301.0776
	==================================================================================
	Q2:
		Shape: Hybrid
		q_c:	456.5	462.5	495.0
		ub :	460.7872	466.2217	500.0059
		lb :	452.2128	458.7783	489.9941
		P^-1:
			1.7757	-1.9347	0.2343
			-1.9347	2.2572	-0.2773
			0.2343	-0.2773	0.1112
		A:
			-0.5483	0.8173	0.177
			0.6998	0.7082	-0.0935
			0.6404	-0.7674	-0.032
			-0.5916	0.8062	0.0033
			-0.7434	0.6517	0.1502
			0.8167	-0.4736	-0.3298
		b:
			216.323
			604.3348
			-77.97
			104.9094
			37.2228
			-7.8866
	==================================================================================
	Q3:
		Shape: Hybrid
		q_c:	454.0	459.0	493.0
		ub :	456.5963	460.9419	495.6093
		lb :	451.4037	457.0581	490.3907
		P^-1:
			0.6492	-0.0213	-0.4077
			-0.0213	0.4456	0.0707
			-0.4077	0.0707	0.5097
		A:
			-0.8157	0.4598	0.3511
			0.3154	0.8937	-0.3192
			-0.8478	-0.5029	0.1686
			-0.8909	-0.2093	0.4032
			0.8856	-0.1955	-0.4213
			0.3764	-0.6052	-0.7015
		b:
			14.5862
			397.019
			-531.6297
			-301.0352
			105.2501
			-451.9824
	==================================================================================
	Q4:
		Shape: Hybrid
		q_c:	465.5	459.5	496.5
		ub :	469.1496	463.8388	500.631
		lb :	461.8504	455.1612	492.369
		P^-1:
			0.2189	-0.0492	-0.0256
			-0.0492	0.1644	-0.0136
			-0.0256	-0.0136	0.1379
		A:
			-0.3846	-0.9019	0.1966
			-0.7752	0.2346	-0.5865
			0.8601	-0.1542	0.4862
			0.5498	-0.1763	-0.8165
			-0.666	-0.7159	0.2096
			0.1611	-0.9512	0.2633
		b:
			-494.169
			-542.7666
			572.4084
			-229.0217
			-533.2639
			-229.9182
	==================================================================================
	Q5:
		Shape: Hybrid
		q_c:	461.5	456.5	494.5
		ub :	466.0714	459.5454	498.9185
		lb :	456.9286	453.4546	490.0815
		P^-1:
			0.2693	0.2825	0.2225
			0.2825	0.5771	0.3427
			0.2225	0.3427	0.3464
		A:
			-0.8256	0.1142	0.5525
			0.6319	0.7491	0.1986
			0.6176	0.5025	0.605
			0.3975	0.9175	-0.0094
			0.1085	0.755	0.6467
			0.7634	0.3561	0.5389
		b:
			-52.6787
			732.9462
			814.3987
			599.1506
			715.5518
			782.5749
	==================================================================================
	Q6:
		Shape: Ellipse
		q_c:	462.5	461.5	501.5
		ub :	466.4239	465.6204	505.5247
		lb :	458.5761	457.3796	497.4753
		P^-1:
			0.1706	0.0005	0.0841
			0.0005	0.0625	0.0013
			0.0841	0.0013	0.161


===========================================================================================
===========================================================================================
S10:
	q_c:	320.0	300.0	55.0
	ub :	349.6902	329.9283	77.9604
	lb :	298.9184	272.1726	27.2477

	==================================================================================
	Q1:
		Shape: Polyhedra
		q_c:	316.0	290.0	39.5
		ub :	328.3733	304.6621	51.7523
		lb :	303.6267	275.3379	27.2477
		A:
			-0.4183	-0.8757	-0.2412
			0.0864	-0.8833	0.4608
			-0.307	0.5622	0.7679
			0.525	0.7441	0.4131
			-0.5472	0.837	0.001
			-0.8197	-0.108	0.5626
			0.1934	0.6504	0.7346
			0.955	-0.2964	0.011
			0.2249	0.6994	-0.6784
			-0.1934	-0.6504	-0.7346
			-0.955	0.2964	-0.011
			-0.2249	-0.6994	0.6784
		b:
			-387.6179
			-198.7924
			102.7914
			404.8264
			79.1404
			-257.6101
			283.7437
			225.2473
			259.5937
			-273.7437
			-207.2473
			-234.5937
	==================================================================================
	Q2:
		Shape: Ellipse
		q_c:	321.0	318.5	69.0
		ub :	331.3717	326.9746	77.9604
		lb :	310.6283	310.0254	60.0396
		P^-1:
			0.0335	0.0097	-0.0254
			0.0097	0.0378	-0.0196
			-0.0254	-0.0196	0.0537
	==================================================================================
	Q3:
		Shape: Hybrid
		q_c:	312.5	287.0	56.5
		ub :	326.0816	301.8274	69.7057
		lb :	298.9184	272.1726	43.2943
		P^-1:
			0.0096	0.0026	-0.0034
			0.0026	0.0136	-0.0063
			-0.0034	-0.0063	0.0179
		A:
			-0.1948	-0.9805	0.027
			-0.5151	0.7378	0.4362
			-0.6081	-0.7228	0.3283
			0.2817	-0.3067	0.9091
			0.7306	-0.2418	-0.6385
			0.0913	0.2447	0.9653
		b:
			-334.843
			82.8646
			-374.1818
			56.4784
			129.2175
			159.4005
	==================================================================================
	Q4:
		Shape: Hybrid
		q_c:	332.5	306.5	49.5
		ub :	349.6902	322.9718	58.9873
		lb :	315.3098	290.0282	40.0127
		P^-1:
			0.0092	0.0017	-0.0062
			0.0017	0.008	-0.0013
			-0.0062	-0.0013	0.0313
		A:
			-0.0311	0.3172	-0.9479
			-0.6482	0.0192	0.7612
			-0.0506	0.4833	0.874
			0.5761	0.2617	-0.7744
			0.0521	0.4269	0.9028
			0.5982	0.3203	-0.7345
		b:
			44.1274
			-167.5097
			179.4623
			237.3533
			197.5706
			264.9294
	==================================================================================
	Q5:
		Shape: Polyhedra
		q_c:	321.5	320.0	59.5
		ub :	334.0033	329.9283	71.746
		lb :	308.9967	310.0717	47.254
		A:
			-0.0675	-0.7757	0.6274
			0.0296	-0.9203	-0.3901
			-0.3126	0.7112	0.6297
			0.7392	0.5641	-0.3679
			0.8712	-0.4495	0.1971
			0.3056	-0.3497	0.8856
			0.5758	0.5641	0.5918
			0.6956	0.0423	-0.7172
			-0.4296	0.8246	-0.3681
			-0.5758	-0.5641	-0.5918
			-0.6956	-0.0423	0.7172
			0.4296	-0.8246	0.3681
		b:
			-223.9874
			-301.5008
			172.1448
			404.2477
			156.1759
			46.8539
			405.3544
			203.5011
			112.3634
			-396.3544
			-185.5011
			-95.3634
	==================================================================================
	Q6:
		Shape: Ellipse
		q_c:	338.0	290.5	56.5
		ub :	346.9439	298.5689	66.4504
		lb :	329.0561	282.4311	46.5496
		P^-1:
			0.0288	-0.0011	-0.0062
			-0.0011	0.0446	-0.0096
			-0.0062	-0.0096	0.0295


===========================================================================================
===========================================================================================
S11:
	q_c:	475.5	408.5	495.0
	ub :	485.439	428.6656	513.9361
	lb :	459.4153	396.1483	481.8236

	==================================================================================
	Q1:
		Shape: Ellipse
		q_c:	472.0	409.5	508.0
		ub :	476.0978	413.0456	510.9459
		lb :	467.9022	405.9544	505.0541
		P^-1:
			0.3669	0.2822	-0.3208
			0.2822	0.4495	-0.1067
			-0.3208	-0.1067	0.6905
	==================================================================================
	Q2:
		Shape: Polyhedra
		q_c:	471.5	404.0	492.5
		ub :	475.5232	410.9418	499.7225
		lb :	467.4768	397.0582	485.2775
		A:
			0.6603	-0.6615	-0.3555
			-0.8088	-0.328	0.4881
			-0.1974	0.4482	-0.8719
			-0.0729	-0.9056	0.4178
			-0.2794	0.4161	-0.8654
			-0.9351	0.1305	0.3295
			0.0742	0.5893	0.8045
			0.3572	0.7375	-0.5732
			-0.9311	0.3299	-0.1558
			-0.0742	-0.5893	-0.8045
			-0.3572	-0.7375	0.5732
			0.9311	-0.3299	0.1558
		b:
			-126.7403
			-270.2159
			-337.4206
			-190.912
			-385.8361
			-222.785
			675.2859
			187.5741
			-379.9364
			-663.2859
			-180.5741
			384.9364
	==================================================================================
	Q3:
		Shape: Polyhedra
		q_c:	477.5	413.0	504.5
		ub :	485.439	422.3968	513.9361
		lb :	469.561	403.6032	495.0639
		A:
			0.4523	-0.2844	0.8453
			-0.1191	0.8426	0.5252
			0.1047	0.992	0.07
			-0.4689	-0.8549	-0.222
			0.1199	0.0102	0.9927
			0.4665	-0.7495	-0.4697
			0.5443	0.3406	0.7667
			-0.0836	0.9313	-0.3545
			-0.8347	0.1289	0.5353
			-0.5443	-0.3406	-0.7667
			0.0836	-0.9313	0.3545
			0.8347	-0.1289	-0.5353
		b:
			531.0042
			562.2067
			502.0939
			-682.7098
			567.752
			-317.5505
			792.3365
			173.4182
			-69.7854
			-782.3365
			-158.4182
			80.7854
	==================================================================================
	Q4:
		Shape: Ellipse
		q_c:	474.5	400.5	487.0
		ub :	479.497	404.8517	492.1764
		lb :	469.503	396.1483	481.8236
		P^-1:
			0.0831	0.0137	-0.0197
			0.0137	0.202	0.0731
			-0.0197	0.0731	0.1385
	==================================================================================
	Q5:
		Shape: Ellipse
		q_c:	476.0	421.0	497.5
		ub :	483.2707	428.6656	504.7351
		lb :	468.7293	413.3344	490.2649
		P^-1:
			0.0634	-0.0206	-0.0074
			-0.0206	0.058	-0.0042
			-0.0074	-0.0042	0.0427
	==================================================================================
	Q6:
		Shape: Ellipse
		q_c:	467.0	410.5	503.0
		ub :	474.5847	416.1699	510.4133
		lb :	459.4153	404.8301	495.5867
		P^-1:
			0.0532	-0.0342	0.0053
			-0.0342	0.0899	-0.0064
			0.0053	-0.0064	0.0289


===========================================================================================
===========================================================================================
