3D_50_11_6_b                l = 3

===========================================================================================
===========================================================================================
S1:
	q_c:	415.0	81.5	328.0
	ub :	441.7407	99.5436	340.6797
	lb :	405.281	60.0134	296.2598

	==================================================================================
	Q1:
		Shape: Polyhedra
		q_c:	418.0	89.5	320.5
		ub :	427.6992	99.5436	329.1838
		lb :	408.3008	79.4564	311.8162
		A:
			0.814	0.2862	0.5055
			-0.0884	-0.9957	-0.0269
			0.7773	-0.068	-0.6254
			-0.4488	-0.135	0.8834
			-0.5671	-0.1602	0.8079
			-0.0573	0.905	0.4215
			0.4975	0.5651	0.6581
			-0.7471	0.6647	-0.0061
			-0.441	-0.4886	0.7529
			-0.4975	-0.5651	-0.6581
			0.7471	-0.6647	0.0061
			0.441	0.4886	-0.7529
		b:
			535.383
			-128.4641
			123.1068
			88.3468
			12.2239
			199.0121
			477.4499
			-249.7469
			17.7401
			-461.4499
			259.7469
			-8.7401
	==================================================================================
	Q2:
		Shape: Ellipse
		q_c:	421.5	68.5	333.0
		ub :	429.1744	76.9866	340.6797
		lb :	413.8256	60.0134	325.3203
		P^-1:
			0.0419	0.0039	-0.0083
			0.0039	0.048	-0.0162
			-0.0083	-0.0162	0.0363
	==================================================================================
	Q3:
		Shape: Polyhedra
		q_c:	433.0	83.0	311.0
		ub :	441.7407	90.5306	318.8732
		lb :	424.2593	75.4694	303.1268
		A:
			-0.4636	0.7873	-0.4065
			0.5435	-0.3169	0.7773
			0.0239	-0.6383	0.7694
			0.3873	-0.264	0.8833
			0.9687	-0.0576	-0.2414
			-0.4819	0.7887	-0.3818
			0.2211	0.809	0.5446
			-0.2116	0.5849	-0.783
			-0.952	0.0579	0.3005
			-0.2211	-0.809	-0.5446
			0.2116	-0.5849	0.783
			0.952	-0.0579	-0.3005
		b:
			-257.8118
			454.474
			199.4718
			424.0065
			346.6009
			-257.7914
			339.2404
			-284.1047
			-306.9635
			-325.2404
			289.1047
			320.9635
	==================================================================================
	Q4:
		Shape: Hybrid
		q_c:	412.5	84.5	329.0
		ub :	419.3558	90.9286	337.6137
		lb :	405.6442	78.0714	320.3863
		P^-1:
			0.0879	0.036	0.0334
			0.036	0.1127	0.0393
			0.0334	0.0393	0.0376
		A:
			0.0625	-0.9821	-0.1774
			-0.3419	0.7005	-0.6264
			0.6904	0.7232	0.02
			0.6322	0.4191	0.6516
			-0.0688	-0.9976	-0.0044
			-0.6437	-0.3509	-0.6801
		b:
			-113.5952
			-283.1191
			355.0119
			512.857
			-111.6396
			-516.4137
	==================================================================================
	Q5:
		Shape: Polyhedra
		q_c:	416.0	83.0	309.5
		ub :	426.719	95.2873	322.7402
		lb :	405.281	70.7127	296.2598
		A:
			-0.1628	-0.4134	0.8959
			-0.495	-0.6692	0.5542
			0.6933	0.6984	0.1775
			-0.01	0.2288	0.9734
			-0.5876	0.6566	-0.4729
			-0.181	0.1926	0.9645
			0.8712	0.2379	0.4294
			-0.0645	-0.8117	0.5805
			0.4866	-0.5335	-0.6918
			-0.8712	-0.2379	-0.4294
			0.0645	0.8117	-0.5805
			-0.4866	0.5335	0.6918
		b:
			182.9681
			-82.4028
			408.5166
			324.1759
			-328.8467
			247.4145
			522.075
			92.9598
			-47.4432
			-508.075
			-77.9598
			64.4432
	==================================================================================
	Q6:
		Shape: Ellipse
		q_c:	426.0	87.5	320.5
		ub :	434.9596	96.7244	328.9054
		lb :	417.0404	78.2756	312.0946
		P^-1:
			0.0395	-0.0009	-0.0094
			-0.0009	0.0387	-0.0105
			-0.0094	-0.0105	0.0316


===========================================================================================
===========================================================================================
S2:
	q_c:	384.5	395.0	99.5
	ub :	420.0523	423.2721	136.9737
	lb :	352.7803	366.0031	68.7557

	==================================================================================
	Q1:
		Shape: Ellipse
		q_c:	404.0	387.5	114.5
		ub :	420.0523	403.6863	128.5106
		lb :	387.9477	371.3137	100.4894
		P^-1:
			0.0091	0.0038	0.0028
			0.0038	0.0128	0.0015
			0.0028	0.0015	0.0146
	==================================================================================
	Q2:
		Shape: Hybrid
		q_c:	380.0	391.0	81.5
		ub :	393.3065	405.1826	93.8846
		lb :	366.6935	376.8174	69.1154
		P^-1:
			0.0192	-0.0017	-0.0064
			-0.0017	0.018	-0.0078
			-0.0064	-0.0078	0.0186
		A:
			0.2355	0.7269	-0.645
			-0.6651	0.4922	-0.5616
			-0.2812	0.9363	-0.2103
			0.6508	0.5968	-0.4694
			-0.8763	0.458	-0.1497
			0.5252	-0.0185	-0.8508
		b:
			324.3338
			-101.2974
			246.3139
			446.2128
			-161.8123
			127.0293
	==================================================================================
	Q3:
		Shape: Polyhedra
		q_c:	388.5	380.0	89.5
		ub :	401.5922	393.1121	96.1841
		lb :	375.4078	366.8879	82.8159
		A:
			-0.948	-0.3007	-0.1045
			-0.4991	-0.2103	0.8406
			-0.2002	0.7077	-0.6776
			0.2159	-0.181	-0.9595
			-0.1073	-0.6526	-0.75
			-0.1538	-0.0205	0.9879
			0.1985	0.1704	0.9652
			-0.5671	-0.7832	0.2549
			0.7994	-0.598	-0.0588
			-0.1985	-0.1704	-0.9652
			0.5671	0.7832	-0.2549
			-0.7994	0.598	0.0588
		b:
			-483.3415
			-191.4322
			138.2083
			-65.6052
			-351.0432
			25.9833
			232.2474
			-486.1273
			87.0679
			-224.2474
			504.1273
			-69.0679
	==================================================================================
	Q4:
		Shape: Hybrid
		q_c:	391.5	385.5	119.0
		ub :	404.8259	404.9969	136.9737
		lb :	378.1741	366.0031	101.0263
		P^-1:
			0.0197	0.0001	-0.006
			0.0001	0.0065	0.0046
			-0.006	0.0046	0.0134
		A:
			0.324	-0.0622	-0.944
			0.4864	-0.6178	-0.6178
			0.9591	0.0882	-0.269
			0.9797	0.0816	-0.183
			-0.1624	0.6104	0.7753
			-0.075	-0.506	-0.8592
		b:
			-3.6083
			-116.0727
			381.148
			397.0376
			269.0168
			-321.4395
	==================================================================================
	Q5:
		Shape: Polyhedra
		q_c:	365.5	386.5	82.5
		ub :	378.2197	400.2972	96.2443
		lb :	352.7803	372.7028	68.7557
		A:
			0.0539	-0.7409	0.6694
			0.0553	0.226	0.9726
			0.3598	-0.8716	-0.333
			0.6866	-0.1889	-0.702
			0.2533	0.3004	-0.9196
			-0.0654	0.9651	0.2537
			0.5417	0.6283	0.5584
			0.7552	-0.072	-0.6515
			-0.3691	0.7746	-0.5135
			-0.5417	-0.6283	-0.5584
			-0.7552	0.072	0.6515
			0.3691	-0.7746	0.5135
		b:
			-201.8354
			195.8136
			-224.2982
			125.6259
			140.412
			379.2319
			495.8833
			199.9417
			132.1304
			-477.8833
			-188.9417
			-112.1304
	==================================================================================
	Q6:
		Shape: Polyhedra
		q_c:	376.0	414.5	116.5
		ub :	387.4669	423.2721	125.0705
		lb :	364.5331	405.7279	107.9295
		A:
			0.1945	-0.4745	0.8585
			-0.2213	0.8271	-0.5166
			-0.6417	-0.1554	0.751
			0.5039	0.6506	-0.5681
			-0.4492	0.5665	0.6909
			0.3272	-0.216	-0.9199
			0.7691	0.403	0.496
			0.3921	0.3153	-0.8642
			-0.5047	0.8591	0.0845
			-0.7691	-0.403	-0.496
			-0.3921	-0.3153	0.8642
			0.5047	-0.8591	-0.0845
		b:
			-18.3297
			203.3673
			-214.2567
			398.0482
			150.829
			-69.0696
			524.5369
			180.9267
			180.1941
			-503.5369
			-173.9267
			-172.1941


===========================================================================================
===========================================================================================
S3:
	q_c:	22.0	18.0	289.0
	ub :	30.1293	23.8655	298.7311
	lb :	15.4717	8.0336	284.313

	==================================================================================
	Q1:
		Shape: Ellipse
		q_c:	25.5	12.5	295.0
		ub :	28.778	16.9664	298.7311
		lb :	22.222	8.0336	291.2689
		P^-1:
			0.1619	0.0006	-0.02
			0.0006	0.1234	0.0705
			-0.02	0.0705	0.2063
	==================================================================================
	Q2:
		Shape: Hybrid
		q_c:	24.5	21.0	288.0
		ub :	27.8389	23.8655	291.2672
		lb :	21.1611	18.1345	284.7328
		P^-1:
			0.2412	-0.0018	-0.0266
			-0.0018	0.2496	-0.0055
			-0.0266	-0.0055	0.1692
		A:
			-0.7898	-0.5872	-0.1774
			0.6977	-0.3039	-0.6487
			-0.9655	-0.1948	-0.1726
			-0.0386	-0.6123	0.7897
			-0.4334	0.8305	-0.3498
			-0.9235	-0.3632	-0.1234
		b:
			-81.6598
			-175.0287
			-76.3401
			214.8886
			-92.8305
			-64.7036
	==================================================================================
	Q3:
		Shape: Ellipse
		q_c:	26.5	18.5	293.5
		ub :	29.0139	21.4536	296.8647
		lb :	23.9861	15.5464	290.1353
		P^-1:
			2.5136	-1.5082	1.1063
			-1.5082	1.1264	-0.7089
			1.1063	-0.7089	0.68
	==================================================================================
	Q4:
		Shape: Hybrid
		q_c:	18.5	18.0	293.0
		ub :	21.5283	22.384	297.1248
		lb :	15.4717	13.616	288.8752
		P^-1:
			0.2493	-0.0094	-0.005
			-0.0094	0.1187	-0.0691
			-0.005	-0.0691	0.2136
		A:
			-0.3768	0.8092	0.4509
			-0.4522	-0.6727	0.5856
			-0.4156	-0.8909	0.1829
			0.6783	0.6987	-0.2276
			-0.115	-0.2775	0.9538
			-0.4293	-0.0718	-0.9003
		b:
			141.983
			152.3459
			31.7686
			-40.0109
			273.4253
			-271.5441
	==================================================================================
	Q5:
		Shape: Ellipse
		q_c:	23.5	21.5	287.5
		ub :	26.0105	23.8493	290.0537
		lb :	20.9895	19.1507	284.9463
		P^-1:
			0.4444	-0.0	-0.0
			-0.0	0.4444	-0.0
			-0.0	-0.0	0.4444
	==================================================================================
	Q6:
		Shape: Hybrid
		q_c:	26.0	13.5	288.5
		ub :	30.1293	17.9344	292.687
		lb :	21.8707	9.0656	284.313
		P^-1:
			0.2976	-0.0593	-0.1621
			-0.0593	0.1281	0.0602
			-0.1621	0.0602	0.2115
		A:
			-0.0943	-0.822	0.5616
			-0.9196	0.392	0.0274
			-0.2602	-0.9643	0.0486
			0.8946	0.4265	-0.1331
			-0.8222	0.4736	-0.3158
			-0.4218	0.0445	0.9056
		b:
			150.959
			-9.0936
			-3.4651
			-7.6364
			-103.8071
			252.3036


===========================================================================================
===========================================================================================
S4:
	q_c:	289.0	383.5	205.5
	ub :	307.4854	393.5265	218.5915
	lb :	285.4101	372.0474	194.6749

	==================================================================================
	Q1:
		Shape: Hybrid
		q_c:	301.0	386.5	212.5
		ub :	307.4854	393.5265	218.5915
		lb :	294.5146	379.4735	206.4085
		P^-1:
			0.0714	0.0066	-0.023
			0.0066	0.0654	-0.0267
			-0.023	-0.0267	0.0769
		A:
			-0.6405	0.2928	-0.7099
			-0.8731	0.4478	-0.1928
			-0.2785	0.9302	-0.2391
			0.6768	-0.7298	0.0964
			0.0792	-0.9305	0.3577
			0.4698	-0.2329	0.8515
		b:
			-227.7684
			-128.1473
			227.3028
			-55.3831
			-257.5872
			235.0345
	==================================================================================
	Q2:
		Shape: Polyhedra
		q_c:	287.5	388.5	203.0
		ub :	289.5899	391.1964	205.9243
		lb :	285.4101	385.8036	200.0757
		A:
			0.8831	-0.0018	0.4691
			0.4957	-0.5524	-0.6702
			-0.4212	0.2475	-0.8725
			0.4163	-0.7668	-0.4886
			0.8271	-0.1811	-0.532
			-0.8616	-0.1212	0.4929
			0.7934	0.5766	0.1948
			0.5964	-0.6728	-0.4377
			-0.1213	0.4635	-0.8778
			-0.7934	-0.5766	-0.1948
			-0.5964	0.6728	0.4377
			0.1213	-0.4635	0.8778
		b:
			350.2198
			-206.9581
			-199.6731
			-276.3799
			60.7418
			-193.2447
			493.1766
			-177.7765
			-30.5236
			-490.1766
			179.7765
			35.5236
	==================================================================================
	Q3:
		Shape: Polyhedra
		q_c:	295.5	384.5	204.5
		ub :	301.1291	387.674	210.6566
		lb :	289.8709	381.326	198.3434
		A:
			0.7425	0.6418	-0.1916
			0.6699	-0.6293	0.394
			0.2422	0.9616	-0.1291
			0.361	0.8761	-0.3196
			0.6802	0.43	-0.5937
			0.9104	0.3008	-0.2841
			0.546	0.1421	0.8256
			0.3678	0.8448	-0.3887
			-0.7527	0.5159	0.409
			-0.546	-0.1421	-0.8256
			-0.3678	-0.8448	0.3887
			0.7527	-0.5159	-0.409
		b:
			429.2642
			40.4809
			416.4452
			379.2287
			246.7423
			329.2578
			390.3335
			355.0267
			62.5737
			-379.3335
			-353.0267
			-56.5737
	==================================================================================
	Q4:
		Shape: Ellipse
		q_c:	292.0	384.5	199.5
		ub :	297.7868	390.6454	203.1064
		lb :	286.2132	378.3546	195.8936
		P^-1:
			0.1193	0.0491	0.0578
			0.0491	0.0713	0.0255
			0.0578	0.0255	0.2105
	==================================================================================
	Q5:
		Shape: Hybrid
		q_c:	300.0	377.0	202.0
		ub :	306.0397	381.9526	208.1686
		lb :	293.9603	372.0474	195.8314
		P^-1:
			0.0733	-0.001	-0.0094
			-0.001	0.0815	-0.0011
			-0.0094	-0.0011	0.071
		A:
			-0.4982	-0.3132	0.8085
			0.2909	-0.4468	0.846
			-0.5123	-0.502	0.6968
			0.8839	0.4581	0.0938
			-0.4252	0.893	-0.1473
			-0.2981	-0.7538	-0.5856
		b:
			-102.4613
			91.7713
			-200.4463
			458.8254
			181.1621
			-489.8967
	==================================================================================
	Q6:
		Shape: Hybrid
		q_c:	296.5	384.0	197.5
		ub :	300.7025	388.4852	200.3251
		lb :	292.2975	379.5148	194.6749
		P^-1:
			0.1526	0.0345	-0.0225
			0.0345	0.0986	-0.0169
			-0.0225	-0.0169	0.2404
		A:
			-0.8938	-0.4439	0.0647
			-0.1313	-0.4583	-0.8791
			-0.3854	-0.1265	-0.914
			0.595	0.368	-0.7145
			0.1325	-0.3107	-0.9412
			0.2938	0.1188	0.9485
		b:
			-421.2346
			-387.0832
			-342.11
			177.7026
			-264.5909
			321.2423


===========================================================================================
===========================================================================================
S5:
	q_c:	349.0	348.0	56.0
	ub :	382.433	375.5586	86.4284
	lb :	322.4112	321.3122	21.3311

	==================================================================================
	Q1:
		Shape: Ellipse
		q_c:	366.0	362.0	74.5
		ub :	379.6305	375.5586	86.4284
		lb :	352.3695	348.4414	62.5716
		P^-1:
			0.0127	-0.0005	0.0012
			-0.0005	0.013	-0.0017
			0.0012	-0.0017	0.0168
	==================================================================================
	Q2:
		Shape: Polyhedra
		q_c:	337.0	336.5	55.5
		ub :	351.5888	351.6878	68.3026
		lb :	322.4112	321.3122	42.6974
		A:
			0.6739	0.1993	-0.7115
			0.4505	-0.0105	-0.8927
			-0.4266	-0.7868	0.4461
			-0.6042	0.4403	0.6641
			0.1774	0.9358	-0.3046
			0.5304	0.2164	-0.8197
			0.2136	0.7146	0.6661
			0.4273	0.5449	-0.7215
			-0.8785	0.4387	-0.1889
			-0.2136	-0.7146	-0.6661
			-0.4273	-0.5449	0.7215
			0.8785	-0.4387	0.1889
		b:
			261.5088
			106.0509
			-377.4772
			-8.8924
			365.3744
			212.4135
			359.4012
			292.7979
			-147.4345
			-339.4012
			-281.7979
			170.4345
	==================================================================================
	Q3:
		Shape: Ellipse
		q_c:	364.0	348.0	47.0
		ub :	382.433	363.2646	64.5184
		lb :	345.567	332.7354	29.4816
		P^-1:
			0.0115	0.0066	0.0016
			0.0066	0.0133	0.0038
			0.0016	0.0038	0.009
	==================================================================================
	Q4:
		Shape: Polyhedra
		q_c:	358.0	358.0	41.5
		ub :	362.6324	369.6385	49.7228
		lb :	353.3676	346.3615	33.2772
		A:
			0.0659	-0.7181	0.6929
			-0.7258	-0.0302	0.6873
			0.9807	0.1956	0.0047
			0.9282	-0.3018	0.2175
			-0.832	0.219	-0.5097
			-0.5271	0.5423	-0.6543
			0.1541	0.9079	0.3899
			0.3948	0.3052	-0.8666
			-0.9058	0.2874	-0.3114
			-0.1541	-0.9079	-0.3899
			-0.3948	-0.3052	0.8666
			0.9058	-0.2874	0.3114
		b:
			-199.5001
			-238.2089
			425.5456
			234.8836
			-238.463
			-18.706
			407.3504
			218.6355
			-232.7824
			-385.3504
			-210.6355
			235.7824
	==================================================================================
	Q5:
		Shape: Ellipse
		q_c:	355.5	341.0	34.0
		ub :	368.3305	355.784	46.6689
		lb :	342.6695	326.216	21.3311
		P^-1:
			0.0125	0.0003	0.0003
			0.0003	0.013	0.0007
			0.0003	0.0007	0.0131
	==================================================================================
	Q6:
		Shape: Polyhedra
		q_c:	359.0	352.0	47.0
		ub :	367.8419	357.8278	53.5814
		lb :	350.1581	346.1722	40.4186
		A:
			0.0656	0.2338	-0.9701
			0.0523	-0.5712	0.8191
			-0.1435	-0.7516	-0.6439
			0.2046	-0.9395	-0.2749
			0.3691	0.907	0.2027
			-0.1237	-0.1859	-0.9748
			0.0363	0.7745	0.6315
			-0.2461	0.6194	-0.7455
			-0.9686	-0.1283	0.2131
			-0.0363	-0.7745	-0.6315
			0.2461	-0.6194	0.7455
			0.9686	0.1283	-0.2131
		b:
			64.6305
			-139.555
			-343.2466
			-266.7974
			465.7627
			-152.1678
			318.351
			98.6509
			-374.8694
			-312.351
			-90.6509
			390.8694


===========================================================================================
===========================================================================================
S6:
	q_c:	473.0	92.0	165.5
	ub :	494.7127	114.4084	186.8204
	lb :	449.5099	82.7848	142.6422

	==================================================================================
	Q1:
		Shape: Polyhedra
		q_c:	468.0	103.5	163.0
		ub :	477.1191	111.9071	170.536
		lb :	458.8809	95.0929	155.464
		A:
			0.4013	-0.5703	0.7167
			0.8438	0.3082	-0.4393
			-0.145	-0.8855	-0.4414
			0.613	-0.6989	-0.3683
			0.1922	0.6261	-0.7557
			0.4136	-0.072	-0.9076
			0.4936	0.8515	0.1767
			0.7179	-0.5137	0.4698
			0.4908	-0.1051	-0.8649
			-0.4936	-0.8515	-0.1767
			-0.7179	0.5137	-0.4698
			-0.4908	0.1051	0.8649
		b:
			251.0156
			360.3656
			-225.7056
			159.6335
			36.7752
			42.6664
			353.951
			364.9125
			82.3331
			-341.951
			-353.9125
			-73.3331
	==================================================================================
	Q2:
		Shape: Hybrid
		q_c:	476.0	98.0	176.0
		ub :	484.1792	107.5172	185.4692
		lb :	467.8208	88.4828	166.5308
		P^-1:
			0.0785	0.0057	-0.0429
			0.0057	0.0238	0.0018
			-0.0429	0.0018	0.0543
		A:
			-0.3585	0.393	-0.8468
			0.1133	0.6455	-0.7553
			-0.0027	-0.3457	0.9383
			0.7026	0.6568	0.274
			-0.5196	0.2836	0.806
			0.5074	-0.3294	-0.7962
		b:
			-275.4323
			-10.858
			134.7366
			451.1054
			-75.3181
			71.5688
	==================================================================================
	Q3:
		Shape: Polyhedra
		q_c:	469.5	101.5	153.5
		ub :	481.2974	113.4664	164.3578
		lb :	457.7026	89.5336	142.6422
		A:
			0.4759	-0.7034	-0.5281
			0.5541	-0.8177	0.1559
			0.3178	-0.9278	-0.1955
			0.6712	0.7344	0.1002
			0.9771	0.2119	-0.0201
			0.3135	-0.8676	0.386
			0.4318	0.8817	0.1903
			0.7984	-0.2754	-0.5354
			-0.4197	0.3831	-0.8229
			-0.4318	-0.8817	-0.1903
			-0.7984	0.2754	0.5354
			0.4197	-0.3831	0.8229
		b:
			78.0494
			208.2867
			32.6893
			413.4263
			484.5046
			125.8383
			329.917
			271.2008
			-277.4634
			-312.917
			-258.2008
			291.4634
	==================================================================================
	Q4:
		Shape: Polyhedra
		q_c:	460.0	103.0	179.0
		ub :	470.4901	114.4084	186.8204
		lb :	449.5099	91.5916	171.1796
		A:
			0.0765	-0.3608	-0.9295
			0.3893	-0.4065	-0.8266
			0.9813	0.1806	0.0665
			0.0392	0.4596	0.8873
			-0.0055	-0.0587	0.9983
			-0.2233	0.2336	0.9464
			0.7669	0.3823	0.5154
			0.4775	-0.8766	-0.0602
			0.4288	0.2923	-0.8548
			-0.7669	-0.3823	-0.5154
			-0.4775	0.8766	0.0602
			-0.4288	-0.2923	0.8548
		b:
			-162.2676
			-3.8435
			487.491
			230.3123
			175.4926
			96.7727
			489.4244
			127.5714
			79.8227
			-479.4244
			-109.5714
			-68.8227
	==================================================================================
	Q5:
		Shape: Polyhedra
		q_c:	485.0	93.0	161.0
		ub :	488.3996	100.8886	167.7003
		lb :	481.6004	85.1114	154.2997
		A:
			0.9498	0.2865	0.1257
			0.9747	0.1507	-0.1653
			-0.9768	-0.1329	-0.168
			-0.9834	-0.0538	-0.1733
			-0.8084	-0.5279	-0.2603
			0.517	-0.6518	0.5548
			0.9503	0.1062	0.2925
			-0.1778	-0.5862	0.7904
			0.2554	-0.8032	-0.5382
			-0.9503	-0.1062	-0.2925
			0.1778	0.5862	-0.7904
			-0.2554	0.8032	0.5382
		b:
			508.813
			462.3063
			-512.0241
			-508.5203
			-480.1594
			282.9656
			518.8904
			-10.4845
			-29.9527
			-516.8904
			16.4845
			44.9527
	==================================================================================
	Q6:
		Shape: Hybrid
		q_c:	487.0	92.5	165.0
		ub :	494.7127	102.2152	175.4826
		lb :	479.2873	82.7848	154.5174
		P^-1:
			0.0439	-0.0074	0.0093
			-0.0074	0.0276	0.0016
			0.0093	0.0016	0.0235
		A:
			-0.938	0.2825	-0.201
			-0.5345	0.8132	-0.2303
			0.6262	-0.3531	-0.6951
			-0.137	0.9727	-0.1873
			-0.9124	0.3441	-0.2218
			-0.0751	-0.8986	-0.4323
		b:
			-461.538
			-220.0151
			161.8039
			-3.705
			-446.8048
			-187.2406


===========================================================================================
===========================================================================================
S7:
	q_c:	120.0	378.0	454.0
	ub :	124.7861	384.0314	458.9666
	lb :	116.0483	375.0297	449.9924

	==================================================================================
	Q1:
		Shape: Hybrid
		q_c:	118.5	379.5	452.5
		ub :	120.9517	381.6038	455.0076
		lb :	116.0483	377.3962	449.9924
		P^-1:
			0.4444	0.0	-0.0
			0.0	0.4444	0.0
			-0.0	0.0	0.4444
		A:
			0.4638	0.3732	-0.8035
			-0.2494	-0.9641	0.0908
			-0.3947	-0.6533	-0.6461
			-0.2334	-0.5738	0.7851
			-0.1324	-0.676	-0.7249
			-0.6952	0.4864	0.5293
		b:
			-166.2318
			-353.5894
			-586.3022
			110.5883
			-599.5027
			342.4758
	==================================================================================
	Q2:
		Shape: Hybrid
		q_c:	122.0	379.5	453.5
		ub :	124.1992	381.2563	455.5393
		lb :	119.8008	377.7437	451.4607
		P^-1:
			0.669	0.2588	0.0859
			0.2588	0.7426	0.0989
			0.0859	0.0989	0.4773
		A:
			0.0811	-0.0685	0.9944
			-0.6418	0.5006	0.5809
			0.7691	0.2065	0.6048
			-0.8889	0.1409	0.4359
			-0.6759	-0.1799	-0.7147
			0.4614	0.4735	0.7503
		b:
			435.8025
			376.1568
			447.208
			143.658
			-474.1116
			576.9281
	==================================================================================
	Q3:
		Shape: Hybrid
		q_c:	118.5	379.0	453.5
		ub :	120.3481	381.0302	455.6907
		lb :	116.6519	376.9698	451.3093
		P^-1:
			0.6911	-0.1145	-0.2512
			-0.1145	0.4976	0.1166
			-0.2512	0.1166	0.7002
		A:
			-0.0988	0.2031	0.9742
			0.9619	-0.2454	0.1203
			-0.1013	0.5934	0.7985
			-0.6717	0.4485	-0.5897
			-0.0776	0.2127	0.974
			0.8931	0.244	-0.3779
		b:
			507.7495
			76.3984
			575.7288
			-176.0703
			513.8559
			27.6382
	==================================================================================
	Q4:
		Shape: Ellipse
		q_c:	119.5	378.5	455.5
		ub :	121.3473	380.7819	457.7219
		lb :	117.6527	376.2181	453.2781
		P^-1:
			0.4444	-0.0	-0.0
			-0.0	0.4444	-0.0
			-0.0	-0.0	0.4444
	==================================================================================
	Q5:
		Shape: Hybrid
		q_c:	123.0	377.0	454.5
		ub :	124.7861	378.9703	456.5243
		lb :	121.2139	375.0297	452.4757
		P^-1:
			0.952	-0.1203	0.0995
			-0.1203	0.6986	0.2493
			0.0995	0.2493	0.7939
		A:
			0.3592	0.7811	0.5108
			-0.9125	-0.2923	0.2861
			0.735	0.0402	-0.6769
			0.3784	0.7119	0.5916
			0.5958	-0.7315	0.3315
			0.9961	-0.0325	-0.0818
		b:
			571.3738
			-91.6781
			-201.3582
			584.3725
			-51.1755
			73.6471
	==================================================================================
	Q6:
		Shape: Ellipse
		q_c:	121.5	381.0	456.0
		ub :	124.3405	384.0314	458.9666
		lb :	118.6595	377.9686	453.0334
		P^-1:
			0.2508	0.008	0.0092
			0.008	0.3334	0.0959
			0.0092	0.0959	0.3602


===========================================================================================
===========================================================================================
S8:
	q_c:	485.5	196.0	102.5
	ub :	499.027	218.5109	132.6156
	lb :	463.2234	164.7223	71.4478

	==================================================================================
	Q1:
		Shape: Polyhedra
		q_c:	479.5	182.5	111.5
		ub :	492.1996	194.6212	119.5331
		lb :	466.8004	170.3788	103.4669
		A:
			-0.0707	0.1287	-0.9892
			-0.9809	0.0176	-0.1935
			0.4926	0.3235	-0.8079
			0.8375	-0.0998	0.5373
			-0.7427	0.0176	0.6694
			0.0051	0.4352	-0.9003
			0.7967	0.4043	0.4492
			0.4741	-0.8791	-0.0497
			0.3748	0.2525	-0.892
			-0.7967	-0.4043	-0.4492
			-0.4741	0.8791	0.0497
			-0.3748	-0.2525	0.892
		b:
			-115.2647
			-479.9761
			209.3706
			452.0241
			-272.7734
			-13.4592
			514.894
			69.8844
			130.3407
			-496.894
			-52.8844
			-122.3407
	==================================================================================
	Q2:
		Shape: Ellipse
		q_c:	485.0	206.0	102.5
		ub :	495.7064	217.3128	112.7222
		lb :	474.2936	194.6872	92.2778
		P^-1:
			0.0241	0.0093	0.0048
			0.0093	0.0276	-0.0086
			0.0048	-0.0086	0.0337
	==================================================================================
	Q3:
		Shape: Hybrid
		q_c:	482.0	204.5	123.5
		ub :	493.7865	218.5109	132.6156
		lb :	470.2135	190.4891	114.3844
		P^-1:
			0.0188	0.0063	0.0028
			0.0063	0.0142	0.0123
			0.0028	0.0123	0.0443
		A:
			-0.5523	0.0721	0.8305
			-0.7265	-0.3605	-0.585
			0.994	0.0834	-0.071
			-0.2798	0.2863	-0.9164
			-0.2325	-0.6307	-0.7404
			0.4315	0.7978	0.4211
		b:
			-145.2059
			-492.6303
			492.7235
			-183.878
			-329.307
			427.7481
	==================================================================================
	Q4:
		Shape: Ellipse
		q_c:	478.5	176.0	115.0
		ub :	487.6996	184.9091	123.0357
		lb :	469.3004	167.0909	106.9643
		P^-1:
			0.0342	-0.0012	-0.0216
			-0.0012	0.0157	0.0012
			-0.0216	0.0012	0.046
	==================================================================================
	Q5:
		Shape: Ellipse
		q_c:	483.5	178.5	87.5
		ub :	499.027	192.2777	103.5522
		lb :	467.973	164.7223	71.4478
		P^-1:
			0.0126	-0.0028	-0.0034
			-0.0028	0.0144	0.0009
			-0.0034	0.0009	0.0113
	==================================================================================
	Q6:
		Shape: Ellipse
		q_c:	469.0	183.5	94.0
		ub :	474.7766	190.2719	99.4024
		lb :	463.2234	176.7281	88.5976
		P^-1:
			0.1197	0.054	-0.023
			0.054	0.0668	-0.0127
			-0.023	-0.0127	0.0559


===========================================================================================
===========================================================================================
S9:
	q_c:	214.0	318.0	60.5
	ub :	218.5064	327.5964	66.8079
	lb :	204.4726	309.0914	48.87

	==================================================================================
	Q1:
		Shape: Polyhedra
		q_c:	212.5	313.0	62.0
		ub :	215.7011	316.3727	65.3844
		lb :	209.2989	309.6273	58.6156
		A:
			0.5212	-0.058	-0.8515
			-0.3298	-0.6859	0.6486
			0.1111	-0.9667	-0.2306
			0.9817	0.1143	-0.1524
			-0.5318	-0.4959	0.6865
			-0.8651	-0.3776	0.3302
			0.5815	0.6402	0.502
			0.3093	-0.7447	0.5913
			0.7524	-0.1886	-0.6311
			-0.5815	-0.6402	-0.502
			-0.3093	0.7447	-0.5913
			-0.7524	0.1886	0.6311
		b:
			41.4012
			-242.6308
			-291.0817
			236.8301
			-223.8662
			-279.6242
			357.5686
			-128.7054
			63.2384
			-352.5686
			132.7054
			-60.2384
	==================================================================================
	Q2:
		Shape: Hybrid
		q_c:	208.5	313.5	62.5
		ub :	212.5274	317.9086	66.8079
		lb :	204.4726	309.0914	58.1921
		P^-1:
			0.2083	-0.0549	0.0224
			-0.0549	0.1777	0.0284
			0.0224	0.0284	0.1057
		A:
			0.879	-0.3118	0.3607
			-0.7965	0.0624	-0.6014
			-0.1086	0.0038	0.9941
			0.9688	-0.2111	-0.1297
			-0.8029	0.4401	-0.402
			-0.9054	-0.0157	-0.4243
		b:
			109.217
			-182.7174
			42.9562
			128.963
			-53.3547
			-218.9404
	==================================================================================
	Q3:
		Shape: Hybrid
		q_c:	210.0	314.0	53.5
		ub :	214.5198	317.7977	58.13
		lb :	205.4802	310.2023	48.87
		P^-1:
			0.1383	0.0513	0.0201
			0.0513	0.208	0.0379
			0.0201	0.0379	0.1259
		A:
			0.1659	0.086	-0.9824
			-0.1159	-0.8825	0.4557
			0.8285	0.423	-0.367
			-0.1344	-0.8614	-0.4899
			-0.7242	-0.365	0.585
			-0.7403	-0.6709	0.0427
		b:
			11.2601
			-275.4394
			288.8451
			-323.7584
			-233.5647
			-362.5726
	==================================================================================
	Q4:
		Shape: Hybrid
		q_c:	209.0	316.5	57.5
		ub :	212.6111	320.2925	60.2574
		lb :	205.3889	312.7075	54.7426
		P^-1:
			0.1738	-0.0605	-0.0343
			-0.0605	0.2273	-0.0929
			-0.0343	-0.0929	0.4044
		A:
			-0.7639	0.486	-0.4245
			-0.0755	-0.7147	0.6953
			-0.1261	0.5504	-0.8253
			-0.5162	-0.6592	0.5468
			0.0409	-0.988	0.1488
			-0.5189	-0.0542	0.8531
		b:
			-28.9391
			-201.0529
			101.174
			-283.6217
			-294.1276
			-75.5895
	==================================================================================
	Q5:
		Shape: Hybrid
		q_c:	213.5	323.0	61.0
		ub :	218.1256	327.5964	64.9345
		lb :	208.8744	318.4036	57.0655
		P^-1:
			0.1024	0.0058	-0.0316
			0.0058	0.2186	-0.1677
			-0.0316	-0.1677	0.3162
		A:
			-0.7195	0.0522	-0.6926
			-0.9133	0.1249	-0.3878
			0.2283	0.1676	-0.9591
			0.5105	-0.0499	-0.8584
			-0.0369	0.9872	-0.1554
			0.0853	0.6506	-0.7546
		b:
			-176.7361
			-175.901
			45.6049
			42.1634
			303.274
			183.0841
	==================================================================================
	Q6:
		Shape: Ellipse
		q_c:	214.5	322.5	54.0
		ub :	218.5064	326.5593	57.7557
		lb :	210.4936	318.4407	50.2443
		P^-1:
			0.0846	-0.0137	-0.0062
			-0.0137	0.1575	-0.0011
			-0.0062	-0.0011	0.1595


===========================================================================================
===========================================================================================
S10:
	q_c:	237.0	246.0	54.5
	ub :	248.5721	258.924	65.9686
	lb :	228.4245	240.3066	49.8341

	==================================================================================
	Q1:
		Shape: Hybrid
		q_c:	244.0	253.5	55.5
		ub :	248.5721	257.7963	60.3813
		lb :	239.4279	249.2037	50.6187
		P^-1:
			0.1415	0.0009	-0.0237
			0.0009	0.1111	-0.0007
			-0.0237	-0.0007	0.1296
		A:
			0.1019	-0.0877	-0.9909
			0.8686	-0.0425	0.4938
			0.7887	0.1294	0.601
			-0.4003	-0.0194	0.9162
			0.4493	0.7355	-0.5071
			-0.5361	-0.3101	-0.7851
		b:
			-50.8529
			230.2345
			260.3211
			-50.3599
			269.4664
			-251.2423
	==================================================================================
	Q2:
		Shape: Polyhedra
		q_c:	243.0	254.0	54.5
		ub :	248.2192	258.924	57.2038
		lb :	237.7808	249.076	51.7962
		A:
			-0.5224	0.3334	0.7848
			0.6903	0.01	-0.7235
			0.7468	-0.3853	0.5421
			0.0391	-0.5259	-0.8497
			-0.5944	0.3357	0.7307
			0.9673	-0.2143	0.1355
			0.7395	0.663	0.1168
			0.6575	-0.7485	0.0859
			0.1444	0.0133	-0.9894
			-0.7395	-0.663	-0.1168
			-0.6575	0.7485	-0.0859
			-0.1444	-0.0133	0.9894
		b:
			2.8471
			133.4863
			116.1397
			-167.788
			-16.9238
			191.3824
			358.4535
			-22.6665
			-13.466
			-350.4535
			28.6665
			17.466
	==================================================================================
	Q3:
		Shape: Ellipse
		q_c:	244.0	252.5	54.0
		ub :	247.8833	256.6099	57.3186
		lb :	240.1167	248.3901	50.6814
		P^-1:
			0.2539	0.1155	-0.0434
			0.1155	0.1858	-0.1097
			-0.0434	-0.1097	0.3365
	==================================================================================
	Q4:
		Shape: Ellipse
		q_c:	233.0	254.0	59.5
		ub :	236.2328	257.0857	63.0331
		lb :	229.7672	250.9143	55.9669
		P^-1:
			0.1133	-0.0167	0.0047
			-0.0167	0.2377	-0.0357
			0.0047	-0.0357	0.1212
	==================================================================================
	Q5:
		Shape: Polyhedra
		q_c:	236.5	253.5	55.5
		ub :	242.2221	258.5353	61.1659
		lb :	230.7779	248.4647	49.8341
		A:
			-0.7709	0.4501	-0.4507
			-0.5311	0.7573	0.38
			-0.2407	0.0405	0.9698
			-0.1819	0.1274	0.975
			0.7963	-0.3278	0.5084
			0.071	-0.8867	0.4569
			0.5437	0.4921	0.6799
			0.5138	-0.8357	0.1939
			0.6636	0.2439	-0.7072
			-0.5437	-0.4921	-0.6799
			-0.5138	0.8357	-0.1939
			-0.6636	-0.2439	0.7072
		b:
			-90.0816
			90.3516
			10.6868
			47.0541
			136.8346
			-179.958
			295.5625
			-77.0639
			182.5187
			-286.5625
			82.0639
			-176.5187
	==================================================================================
	Q6:
		Shape: Hybrid
		q_c:	234.0	246.0	60.0
		ub :	239.5755	251.6934	65.9686
		lb :	228.4245	240.3066	54.0314
		P^-1:
			0.0757	-0.01	-0.0032
			-0.01	0.0907	-0.0206
			-0.0032	-0.0206	0.0889
		A:
			-0.6514	-0.565	0.5064
			0.0032	0.7109	-0.7033
			-0.9097	-0.2617	0.3225
			-0.9332	0.1963	0.3009
			0.444	0.034	-0.8954
			0.8351	-0.2723	0.478
		b:
			-259.1291
			134.9386
			-255.7875
			-149.9953
			60.4226
			159.1004


===========================================================================================
===========================================================================================
S11:
	q_c:	443.5	163.5	105.0
	ub :	464.1583	190.2875	131.742
	lb :	414.1565	141.6109	87.3683

	==================================================================================
	Q1:
		Shape: Polyhedra
		q_c:	431.0	179.5	104.5
		ub :	438.7403	185.8457	112.4089
		lb :	423.2597	173.1543	96.5911
		A:
			0.6324	0.6586	0.4077
			-0.3752	-0.5384	0.7545
			0.475	-0.1058	-0.8736
			-0.804	-0.4143	-0.4264
			-0.4499	-0.7956	-0.4057
			0.272	-0.7116	-0.6478
			0.5375	0.6034	0.5891
			0.7601	-0.0442	-0.6483
			-0.3651	0.7962	-0.4824
			-0.5375	-0.6034	-0.5891
			-0.7601	0.0442	0.6483
			0.3651	-0.7962	0.4824
		b:
			435.3653
			-173.2993
			100.1657
			-462.8733
			-376.7994
			-73.5293
			403.0303
			257.9289
			-58.359
			-400.0303
			-245.9289
			71.359
	==================================================================================
	Q2:
		Shape: Hybrid
		q_c:	452.5	172.0	93.0
		ub :	460.3435	180.4883	96.9914
		lb :	444.6565	163.5117	89.0086
		P^-1:
			0.0643	0.0216	0.055
			0.0216	0.0324	-0.001
			0.055	-0.001	0.2336
		A:
			0.4065	0.3834	0.8293
			0.4998	0.2916	0.8156
			-0.3802	-0.8778	-0.2914
			-0.2331	-0.7464	0.6234
			0.3397	0.4818	0.8078
			0.0054	-0.1223	-0.9925
		b:
			328.7595
			353.5994
			-346.0022
			-172.4917
			314.0014
			-109.1333
	==================================================================================
	Q3:
		Shape: Hybrid
		q_c:	451.5	150.5	121.5
		ub :	462.0203	159.3891	131.742
		lb :	440.9797	141.6109	111.258
		P^-1:
			0.0226	-0.0018	0.0084
			-0.0018	0.0161	-0.0021
			0.0084	-0.0021	0.0256
		A:
			-0.1787	0.7505	-0.6363
			-0.0713	0.2106	-0.975
			0.1705	-0.5227	-0.8353
			0.4966	-0.6293	0.5978
			0.5445	0.1332	0.8281
			0.9398	-0.1908	-0.2834
		b:
			-40.9722
			-115.2399
			-98.3353
			205.6099
			369.5532
			366.084
	==================================================================================
	Q4:
		Shape: Hybrid
		q_c:	427.0	176.5	102.5
		ub :	439.8435	190.2875	117.6317
		lb :	414.1565	162.7125	87.3683
		P^-1:
			0.0112	-0.0002	0.0002
			-0.0002	0.0119	-0.0006
			0.0002	-0.0006	0.0115
		A:
			-0.6242	0.286	0.727
			-0.4714	0.0107	0.8819
			0.2899	0.7923	-0.5368
			0.2502	0.1629	-0.9544
			-0.0652	0.9606	0.2702
			-0.4531	0.744	-0.491
		b:
			-136.539
			-104.0833
			213.2302
			42.5616
			174.23
			-107.9764
	==================================================================================
	Q5:
		Shape: Hybrid
		q_c:	455.5	160.5	121.5
		ub :	464.1583	170.4537	129.1436
		lb :	446.8417	150.5463	113.8564
		P^-1:
			0.0519	-0.0544	0.0604
			-0.0544	0.1453	-0.1922
			0.0604	-0.1922	0.2973
		A:
			-0.1802	-0.2727	0.9451
			-0.1507	-0.2749	0.9496
			0.3666	-0.7191	0.5903
			0.3666	-0.7306	0.576
			-0.123	-0.1833	0.9753
			0.3644	-0.5793	0.7291
		b:
			-8.7715
			4.8076
			125.0925
			121.6224
			35.8847
			162.5639
	==================================================================================
	Q6:
		Shape: Hybrid
		q_c:	450.5	170.5	117.5
		ub :	461.2161	181.2453	131.26
		lb :	439.7839	159.7547	103.74
		P^-1:
			0.0354	0.0214	-0.0
			0.0214	0.0445	0.0079
			-0.0	0.0079	0.0106
		A:
			-0.6618	-0.6018	-0.4471
			-0.2681	-0.9593	0.0886
			-0.3027	0.7468	0.5921
			-0.9694	-0.2129	-0.1221
			0.8522	-0.5132	-0.102
			-0.1531	-0.9238	-0.3509
		b:
			-449.6258
			-270.2921
			65.2371
			-483.3388
			289.9473
			-264.7288


===========================================================================================
===========================================================================================
