3D_50_13_6_a                l = 3

===========================================================================================
===========================================================================================
S1:
	q_c:	185.5	202.0	342.0
	ub :	196.0795	212.4339	349.7664
	lb :	176.7567	193.4287	336.6883

	==================================================================================
	Q1:
		Shape: Polyhedra
		q_c:	181.0	197.0	345.5
		ub :	184.4738	199.9943	348.9732
		lb :	177.5262	194.0057	342.0268
		A:
			0.9412	-0.2523	-0.2247
			0.058	0.921	0.3851
			-0.9032	-0.2066	-0.3762
			0.1006	0.778	0.6202
			0.1359	0.9752	0.175
			-0.4386	-0.4463	-0.7801
			0.4554	0.6013	0.6565
			0.6025	0.3347	-0.7245
			-0.6554	0.7255	-0.2099
			-0.4554	-0.6013	-0.6565
			-0.6025	-0.3347	0.7245
			0.6554	-0.7255	0.2099
		b:
			45.2933
			326.5114
			-332.4206
			387.2839
			278.8182
			-435.2577
			429.2161
			-72.3365
			-46.7033
			-426.2161
			78.3365
			49.7033
	==================================================================================
	Q2:
		Shape: Polyhedra
		q_c:	181.0	197.5	340.5
		ub :	185.2433	201.5713	344.3117
		lb :	176.7567	193.4287	336.6883
		A:
			-0.4376	0.8927	0.108
			-0.7789	0.1716	0.6032
			0.4231	-0.8853	-0.193
			0.8926	0.118	-0.4352
			0.4965	0.5916	0.6352
			0.2612	0.8584	0.4415
			0.482	0.8637	0.1473
			0.6471	-0.2375	-0.7245
			-0.5908	0.4445	-0.6733
			-0.482	-0.8637	-0.1473
			-0.6471	0.2375	0.7245
			0.5908	-0.4445	0.6733
		b:
			136.5184
			99.8948
			-161.4894
			38.5429
			425.6735
			369.5401
			310.4705
			-174.9878
			-244.9224
			-305.4705
			177.9878
			251.9224
	==================================================================================
	Q3:
		Shape: Ellipse
		q_c:	183.0	207.5	343.5
		ub :	186.1631	212.4339	348.2921
		lb :	179.8369	202.5661	338.7079
		P^-1:
			0.3791	-0.136	-0.0305
			-0.136	0.1438	0.014
			-0.0305	0.014	0.0848
	==================================================================================
	Q4:
		Shape: Polyhedra
		q_c:	181.0	199.5	341.5
		ub :	184.1927	203.4689	345.4472
		lb :	177.8073	195.5311	337.5528
		A:
			0.2772	0.3309	0.902
			0.3788	-0.1544	0.9125
			0.0878	-0.1289	-0.9878
			-0.8044	0.2301	0.5477
			0.2481	-0.9234	0.293
			-0.2399	-0.4176	-0.8764
			0.9558	0.2094	0.2064
			-0.0287	-0.6322	0.7743
			0.2926	-0.746	-0.5982
			-0.9558	-0.2094	-0.2064
			0.0287	0.6322	-0.7743
			-0.2926	0.746	0.5982
		b:
			426.7372
			351.8741
			-344.6342
			89.8332
			-36.7616
			-423.5234
			287.7469
			135.6118
			-297.6649
			-282.7469
			-130.6118
			302.6649
	==================================================================================
	Q5:
		Shape: Polyhedra
		q_c:	186.0	205.0	343.0
		ub :	188.7632	207.6147	345.6751
		lb :	183.2368	202.3853	340.3249
		A:
			0.3042	0.8789	0.3673
			0.0522	-0.5152	0.8555
			0.1955	-0.0949	-0.9761
			0.6342	-0.7717	-0.0485
			0.0907	0.3128	0.9455
			0.8699	-0.1021	-0.4825
			0.8083	0.2103	0.5499
			-0.5834	0.16	0.7963
			0.0795	-0.9644	0.252
			-0.8083	-0.2103	-0.5499
			0.5834	-0.16	-0.7963
			-0.0795	0.9644	-0.252
		b:
			364.9249
			199.357
			-316.5235
			-55.0166
			407.1081
			-23.2377
			384.583
			198.4202
			-94.477
			-379.583
			-196.4202
			98.477
	==================================================================================
	Q6:
		Shape: Polyhedra
		q_c:	191.5	203.5	346.0
		ub :	196.0795	208.2706	349.7664
		lb :	186.9205	198.7294	342.2336
		A:
			-0.884	-0.2054	-0.4199
			-0.9018	-0.2135	-0.3758
			-0.9971	0.0729	0.0208
			0.227	0.7788	0.5847
			0.6345	-0.7554	0.1637
			-0.6216	-0.2011	0.7571
			0.726	0.4987	0.4735
			-0.5882	0.807	0.0519
			-0.3562	-0.3162	0.8793
			-0.726	-0.4987	-0.4735
			0.5882	-0.807	-0.0519
			0.3562	0.3162	-0.8793
		b:
			-354.1618
			-343.932
			-166.0556
			406.8195
			27.8779
			104.9806
			406.3447
			73.0401
			174.6685
			-402.3447
			-66.0401
			-168.6685


===========================================================================================
===========================================================================================
S2:
	q_c:	300.5	526.0	327.5
	ub :	324.1531	551.6844	347.5492
	lb :	275.6879	507.9482	303.0306

	==================================================================================
	Q1:
		Shape: Polyhedra
		q_c:	310.0	515.5	333.0
		ub :	318.916	523.0518	340.84
		lb :	301.084	507.9482	325.16
		A:
			0.9555	-0.2845	-0.0784
			0.4392	0.8065	-0.3957
			-0.9199	0.2981	-0.2548
			-0.9628	-0.2692	-0.0231
			0.1741	-0.7169	0.6751
			-0.9241	-0.3179	0.2123
			0.5084	0.4064	0.7592
			-0.3906	0.8946	-0.2173
			-0.7674	-0.1861	0.6135
			-0.5084	-0.4064	-0.7592
			0.3906	-0.8946	0.2173
			0.7674	0.1861	-0.6135
		b:
			129.3366
			426.0935
			-211.0965
			-439.3921
			-85.2849
			-373.6008
			623.3999
			273.2274
			-123.0201
			-616.3999
			-262.2274
			136.0201
	==================================================================================
	Q2:
		Shape: Polyhedra
		q_c:	291.0	536.0	320.0
		ub :	304.1146	547.5281	332.5834
		lb :	277.8854	524.4719	307.4166
		A:
			-0.9364	0.2306	-0.2647
			0.0858	0.6097	0.788
			0.9338	-0.298	-0.1981
			-0.8682	0.455	-0.1979
			-0.7242	0.3753	0.5785
			-0.0572	0.8223	-0.5662
			0.7502	0.2924	0.593
			-0.4446	-0.4408	0.7798
			0.4894	-0.8486	-0.2007
			-0.7502	-0.2924	-0.593
			0.4446	0.4408	-0.7798
			-0.4894	0.8486	0.2007
		b:
			-225.7206
			611.6125
			55.9534
			-64.7181
			182.6483
			250.392
			573.3113
			-108.1036
			-370.1764
			-556.3113
			124.1036
			383.1764
	==================================================================================
	Q3:
		Shape: Ellipse
		q_c:	285.0	530.0	333.5
		ub :	294.3121	541.9902	347.5492
		lb :	275.6879	518.0098	319.4508
		P^-1:
			0.0275	-0.001	-0.0021
			-0.001	0.0241	-0.0077
			-0.0021	-0.0077	0.0115
	==================================================================================
	Q4:
		Shape: Polyhedra
		q_c:	311.5	540.5	315.0
		ub :	324.1531	551.6844	326.9694
		lb :	298.8469	529.3156	303.0306
		A:
			-0.3947	0.7153	0.5766
			0.5252	0.8508	0.0177
			0.3551	0.8494	-0.3903
			0.9099	0.2049	0.3608
			-0.3024	0.7737	0.5567
			-0.1838	-0.9819	-0.046
			0.7035	0.644	0.3005
			-0.6347	0.7596	-0.1419
			-0.3197	-0.0909	0.9432
			-0.7035	-0.644	-0.3005
			0.6347	-0.7596	0.1419
			0.3197	0.0909	-0.9432
		b:
			453.9489
			635.5266
			454.6331
			514.4647
			507.7256
			-595.3224
			667.8984
			176.6461
			157.8742
			-655.8984
			-159.6461
			-138.8742
	==================================================================================
	Q5:
		Shape: Ellipse
		q_c:	307.0	522.0	323.0
		ub :	317.3326	533.1761	333.7615
		lb :	296.6674	510.8239	312.2385
		P^-1:
			0.0144	-0.0014	0.0013
			-0.0014	0.0212	0.0018
			0.0013	0.0018	0.0223
	==================================================================================
	Q6:
		Shape: Ellipse
		q_c:	297.0	534.0	327.5
		ub :	307.2598	543.0273	338.5118
		lb :	286.7402	524.9727	316.4882
		P^-1:
			0.0298	-0.0046	-0.0119
			-0.0046	0.0379	-0.0054
			-0.0119	-0.0054	0.0261


===========================================================================================
===========================================================================================
S3:
	q_c:	463.0	276.0	313.5
	ub :	483.4416	289.8611	334.6901
	lb :	449.0684	255.3285	294.5812

	==================================================================================
	Q1:
		Shape: Ellipse
		q_c:	460.0	266.0	313.0
		ub :	470.9316	276.6715	321.1726
		lb :	449.0684	255.3285	304.8274
		P^-1:
			0.0266	0.0086	-0.0138
			0.0086	0.0263	-0.0146
			-0.0138	-0.0146	0.0478
	==================================================================================
	Q2:
		Shape: Polyhedra
		q_c:	463.5	282.5	298.5
		ub :	471.0866	289.8611	302.4188
		lb :	455.9134	275.1389	294.5812
		A:
			-0.0551	-0.2002	-0.9782
			0.9057	0.1058	-0.4105
			-0.2187	0.5265	0.8216
			0.4085	-0.5591	0.7215
			-0.2239	0.3848	0.8954
			0.186	-0.266	-0.9458
			0.5514	0.8264	0.1145
			0.2035	-0.0002	-0.9791
			-0.8091	0.5631	-0.1683
			-0.5514	-0.8264	-0.1145
			-0.2035	0.0002	0.9791
			0.8091	-0.5631	0.1683
		b:
			-371.1302
			331.6377
			296.1199
			250.9904
			275.2886
			-268.4675
			528.6827
			-195.4522
			-261.1496
			-517.6827
			200.4522
			271.1496
	==================================================================================
	Q3:
		Shape: Hybrid
		q_c:	465.5	281.5	326.0
		ub :	471.7856	287.74	331.1859
		lb :	459.2144	275.26	320.8141
		P^-1:
			0.9134	1.2132	-1.116
			1.2132	1.7049	-1.5379
			-1.116	-1.5379	1.4478
		A:
			0.4405	0.6798	-0.5863
			-0.1268	0.5356	-0.8349
			-0.707	-0.6856	0.1735
			-0.4374	-0.6013	0.6687
			-0.4614	-0.7254	0.5108
			-0.4271	-0.6336	0.6451
		b:
			205.5757
			-177.2763
			-463.1801
			-154.3832
			-251.9316
			-166.5155
	==================================================================================
	Q4:
		Shape: Polyhedra
		q_c:	468.5	273.0	326.0
		ub :	477.2256	283.392	333.018
		lb :	459.7744	262.608	318.982
		A:
			-0.104	-0.1894	0.9764
			0.2875	0.7652	-0.576
			-0.6469	-0.2557	0.7184
			-0.0774	0.1011	0.9919
			0.1053	0.0607	0.9926
			0.5266	-0.0615	0.8479
			0.7783	0.5873	0.2221
			-0.0093	-0.3429	0.9393
			0.6278	-0.7331	-0.2614
			-0.7783	-0.5873	-0.2221
			0.0093	0.3429	-0.9393
			-0.6278	0.7331	0.2614
		b:
			222.1769
			160.1731
			-133.4685
			319.8159
			393.9493
			510.4259
			600.8697
			212.254
			18.2748
			-593.8697
			-204.254
			0.7252
	==================================================================================
	Q5:
		Shape: Polyhedra
		q_c:	467.5	281.0	326.5
		ub :	475.1311	289.2056	334.6901
		lb :	459.8689	272.7944	318.3099
		A:
			0.6726	-0.35	0.652
			-0.3549	-0.1357	-0.925
			0.4183	-0.0181	-0.9081
			0.7674	0.2584	-0.5868
			0.9589	-0.249	0.1361
			-0.0879	-0.9935	0.0723
			0.2847	0.5928	0.7533
			0.6476	0.4605	-0.6071
			-0.7068	0.6607	-0.2528
			-0.2847	-0.5928	-0.7533
			-0.6476	-0.4605	0.6071
			0.7068	-0.6607	0.2528
		b:
			433.3787
			-500.8112
			-100.8659
			244.7463
			427.0174
			-291.8695
			551.1498
			238.9255
			-223.2987
			-540.1498
			-228.9255
			231.2987
	==================================================================================
	Q6:
		Shape: Polyhedra
		q_c:	473.5	268.5	304.0
		ub :	483.4416	278.516	311.0058
		lb :	463.5584	258.484	296.9942
		A:
			0.2481	-0.7582	0.603
			0.5853	0.1283	-0.8006
			0.1164	-0.0199	-0.993
			-0.6994	0.3401	-0.6287
			0.2512	-0.1037	0.9624
			0.5869	-0.7991	0.1302
			0.6475	0.6961	0.3101
			-0.1193	0.4945	-0.861
			-0.7527	0.5205	0.4032
			-0.6475	-0.6961	-0.3101
			0.1193	-0.4945	0.861
			0.7527	-0.5205	-0.4032
		b:
			100.5333
			72.8059
			-248.0951
			-426.2416
			387.7355
			107.7314
			596.2625
			-182.9562
			-88.5835
			-579.2625
			187.9562
			99.5835


===========================================================================================
===========================================================================================
S4:
	q_c:	204.0	356.5	180.0
	ub :	215.0459	361.8416	190.849
	lb :	196.783	346.8605	173.0854

	==================================================================================
	Q1:
		Shape: Polyhedra
		q_c:	203.0	356.5	187.0
		ub :	205.3293	361.1181	190.849
		lb :	200.6707	351.8819	183.151
		A:
			0.9527	-0.3004	0.0455
			0.3963	0.3199	-0.8606
			-0.3294	0.8921	0.3094
			0.8974	-0.1592	-0.4115
			-0.4249	0.6753	-0.6028
			0.8208	0.1256	-0.5572
			0.0135	0.888	0.4596
			-0.9888	0.0803	-0.1262
			-0.1489	-0.4527	0.8791
			-0.0135	-0.888	-0.4596
			0.9888	-0.0803	0.1262
			0.1489	0.4527	-0.8791
		b:
			96.9643
			35.6198
			312.8027
			50.7397
			44.0638
			109.2358
			409.2594
			-193.685
			-25.2474
			-401.2594
			197.685
			29.2474
	==================================================================================
	Q2:
		Shape: Ellipse
		q_c:	207.5	356.5	186.0
		ub :	212.2847	361.3097	189.5439
		lb :	202.7153	351.6903	182.4561
		P^-1:
			0.0986	-0.0337	0.0288
			-0.0337	0.1488	-0.0615
			0.0288	-0.0615	0.1953
	==================================================================================
	Q3:
		Shape: Hybrid
		q_c:	201.5	351.0	176.0
		ub :	205.6225	355.1395	178.9146
		lb :	197.3775	346.8605	173.0854
		P^-1:
			0.1725	0.0184	0.0952
			0.0184	0.1856	0.1111
			0.0952	0.1111	0.3575
		A:
			0.9183	0.0847	0.3868
			-0.5848	-0.6944	0.4192
			0.085	-0.6222	-0.7782
			0.5317	0.362	0.7657
			-0.9573	0.2449	-0.1537
			0.7821	-0.3887	-0.4871
		b:
			284.3227
			-285.5598
			-337.2158
			369.7955
			-132.2494
			-62.7511
	==================================================================================
	Q4:
		Shape: Ellipse
		q_c:	210.0	358.0	182.0
		ub :	215.0459	361.8416	187.0705
		lb :	204.9541	354.1584	176.9295
		P^-1:
			0.1517	-0.1614	0.0087
			-0.1614	0.3544	-0.0157
			0.0087	-0.0157	0.0633
	==================================================================================
	Q5:
		Shape: Polyhedra
		q_c:	201.0	354.5	179.0
		ub :	205.217	356.6984	181.4379
		lb :	196.783	352.3016	176.5621
		A:
			-0.2555	0.9661	-0.0373
			-0.0227	-0.9883	-0.1507
			-0.188	-0.8867	-0.4223
			0.345	-0.8248	-0.4479
			0.0117	0.8917	0.4525
			0.4478	-0.6565	0.607
			0.2964	0.2161	0.9303
			-0.3173	0.941	-0.1175
			-0.9008	-0.2603	0.3475
			-0.2964	-0.2161	-0.9303
			0.3173	-0.941	0.1175
			0.9008	0.2603	-0.3475
		b:
			285.4631
			-380.5641
			-426.3354
			-301.8487
			400.4998
			-33.0748
			303.724
			249.7851
			-207.1313
			-301.724
			-247.7851
			215.1313
	==================================================================================
	Q6:
		Shape: Ellipse
		q_c:	210.5	355.5	182.0
		ub :	214.0615	360.1399	186.6286
		lb :	206.9385	350.8601	177.3714
		P^-1:
			0.1111	-0.0	-0.0001
			-0.0	0.1065	-0.0107
			-0.0001	-0.0107	0.0863


===========================================================================================
===========================================================================================
S5:
	q_c:	307.5	120.5	147.0
	ub :	311.692	127.7183	153.5754
	lb :	301.437	114.51	143.1092

	==================================================================================
	Q1:
		Shape: Polyhedra
		q_c:	304.0	120.0	145.5
		ub :	306.563	122.4268	147.8908
		lb :	301.437	117.5732	143.1092
		A:
			-0.0942	0.968	0.2325
			-0.1176	0.4174	-0.9011
			0.2911	0.9425	0.164
			-0.0778	-0.997	-0.0022
			-0.6867	-0.6359	-0.3522
			0.1209	0.7211	0.6822
			0.5327	0.2484	0.809
			-0.4767	-0.7019	0.5293
			0.6993	-0.6676	-0.2555
			-0.5327	-0.2484	-0.809
			0.4767	0.7019	-0.5293
			-0.6993	0.6676	0.2555
		b:
			122.868
			-115.2482
			226.954
			-142.1099
			-334.8135
			224.049
			310.9578
			-150.6143
			96.8066
			-307.9578
			153.6143
			-93.8066
	==================================================================================
	Q2:
		Shape: Ellipse
		q_c:	309.0	123.0	148.0
		ub :	311.692	124.9837	150.5866
		lb :	306.308	121.0163	145.4134
		P^-1:
			0.3187	0.0341	-0.0865
			0.0341	0.4352	0.0235
			-0.0865	0.0235	0.385
	==================================================================================
	Q3:
		Shape: Ellipse
		q_c:	305.0	125.0	147.5
		ub :	307.4728	127.5119	149.5632
		lb :	302.5272	122.4881	145.4368
		P^-1:
			0.4444	-0.0	-0.0
			-0.0	0.4444	0.0
			-0.0	0.0	0.4444
	==================================================================================
	Q4:
		Shape: Hybrid
		q_c:	305.5	121.5	152.0
		ub :	307.6623	123.1456	153.5754
		lb :	303.3377	119.8544	150.4246
		P^-1:
			0.267	-0.092	-0.0634
			-0.092	0.9885	-0.0079
			-0.0634	-0.0079	0.9945
		A:
			0.5472	-0.6241	-0.5578
			0.3999	0.1655	-0.9015
			0.0188	0.9585	-0.2844
			-0.9447	-0.2666	0.1909
			0.1787	-0.8008	0.5717
			0.2381	-0.8454	-0.4781
		b:
			7.285
			5.8906
			79.4858
			-290.555
			44.7126
			-102.1538
	==================================================================================
	Q5:
		Shape: Ellipse
		q_c:	307.0	116.5	147.0
		ub :	309.0049	118.49	148.348
		lb :	304.9951	114.51	145.652
		P^-1:
			0.6742	-0.2736	-0.0034
			-0.2736	0.7703	-0.0029
			-0.0034	-0.0029	1.0
	==================================================================================
	Q6:
		Shape: Polyhedra
		q_c:	306.0	125.5	145.5
		ub :	308.36	127.7183	147.7492
		lb :	303.64	123.2817	143.2508
		A:
			0.5626	0.5961	0.5728
			-0.919	-0.3044	-0.2506
			-0.542	-0.0929	-0.8352
			-0.7541	-0.5049	0.4199
			-0.0888	0.9298	-0.3573
			-0.9429	-0.2778	0.1839
			0.6652	0.7451	0.0482
			0.1296	-0.0516	-0.9902
			-0.7353	0.665	-0.1309
			-0.6652	-0.7451	-0.0482
			-0.1296	0.0516	0.9902
			0.7353	-0.665	0.1309
		b:
			331.9735
			-354.3647
			-297.2308
			-231.414
			39.0759
			-295.078
			305.5841
			-108.8898
			-159.1014
			-302.5841
			112.8898
			162.1014


===========================================================================================
===========================================================================================
S6:
	q_c:	264.5	384.5	340.5
	ub :	270.7376	390.9473	347.2861
	lb :	257.9784	380.8153	337.5053

	==================================================================================
	Q1:
		Shape: Hybrid
		q_c:	267.0	387.5	344.0
		ub :	268.7462	390.5383	347.2861
		lb :	265.2538	384.4617	340.7139
		P^-1:
			0.4423	0.0095	0.0228
			0.0095	0.2267	-0.0388
			0.0228	-0.0388	0.1855
		A:
			-0.569	0.0061	-0.8223
			-0.8592	0.4528	0.2383
			-0.8189	0.4039	0.4077
			-0.8809	0.377	0.2862
			-0.9114	0.191	0.3646
			0.7462	0.6276	0.2222
		b:
			-431.1079
			29.1573
			79.3149
			10.4369
			-42.8514
			519.9487
	==================================================================================
	Q2:
		Shape: Ellipse
		q_c:	266.0	384.0	341.0
		ub :	268.1424	387.1847	343.7232
		lb :	263.8576	380.8153	338.2768
		P^-1:
			0.4385	-0.0351	-0.0207
			-0.0351	0.2376	-0.1217
			-0.0207	-0.1217	0.3728
	==================================================================================
	Q3:
		Shape: Polyhedra
		q_c:	265.0	384.5	340.0
		ub :	267.5317	385.5076	342.4947
		lb :	262.4683	383.4924	337.5053
		A:
			0.2982	-0.9371	-0.1816
			0.5703	-0.8214	-0.0096
			-0.5114	0.8581	-0.0455
			0.0842	-0.9921	-0.0927
			-0.2853	0.9185	0.274
			0.2164	0.91	0.3537
			0.6744	0.19	0.7135
			0.7059	0.1176	-0.6985
			-0.2166	0.9747	-0.0548
			-0.6744	-0.19	-0.7135
			-0.7059	-0.1176	0.6985
			0.2166	-0.9747	0.0548
		b:
			-342.3491
			-167.1369
			179.7057
			-390.0978
			371.4876
			528.4505
			495.8599
			-3.2104
			299.2413
			-492.8599
			7.2104
			-298.2413
	==================================================================================
	Q4:
		Shape: Hybrid
		q_c:	268.0	384.0	342.5
		ub :	270.7376	387.175	345.1247
		lb :	265.2624	380.825	339.8753
		P^-1:
			0.3979	-0.0786	-0.0599
			-0.0786	0.1871	0.0094
			-0.0599	0.0094	0.2694
		A:
			-0.8273	-0.2554	-0.5004
			-0.743	0.4034	0.5341
			-0.876	0.3975	0.2731
			0.529	0.4782	-0.7011
			-0.7382	0.549	-0.392
			0.9444	0.2826	0.1681
		b:
			-489.8587
			139.546
			12.1779
			86.5646
			-120.2484
			420.4299
	==================================================================================
	Q5:
		Shape: Ellipse
		q_c:	261.5	388.0	341.0
		ub :	265.0216	390.5472	344.3253
		lb :	257.9784	385.4528	337.6747
		P^-1:
			0.2238	0.0892	0.014
			0.0892	0.3868	-0.0712
			0.014	-0.0712	0.2438
	==================================================================================
	Q6:
		Shape: Ellipse
		q_c:	268.5	389.5	343.0
		ub :	270.7358	390.9473	345.0052
		lb :	266.2642	388.0527	340.9948
		P^-1:
			0.5674	-0.1033	0.5031
			-0.1033	2.9916	-1.4839
			0.5031	-1.4839	1.691


===========================================================================================
===========================================================================================
S7:
	q_c:	418.5	215.5	466.0
	ub :	442.9499	237.5594	490.9792
	lb :	397.078	198.104	444.9213

	==================================================================================
	Q1:
		Shape: Hybrid
		q_c:	427.0	208.5	481.0
		ub :	439.6028	218.896	490.7368
		lb :	414.3972	198.104	471.2632
		P^-1:
			0.0136	0.0006	0.0094
			0.0006	0.0248	0.0114
			0.0094	0.0114	0.0415
		A:
			0.2504	0.7296	0.6363
			-0.841	0.2003	-0.5027
			-0.2853	0.6975	0.6574
			-0.502	0.7191	0.4806
			-0.4182	-0.5983	-0.6835
			0.6266	-0.0919	-0.7739
		b:
			567.9926
			-553.9676
			343.5694
			171.5033
			-629.1115
			-117.4965
	==================================================================================
	Q2:
		Shape: Polyhedra
		q_c:	435.0	224.0	481.0
		ub :	442.1948	230.774	490.9792
		lb :	427.8052	217.226	471.0208
		A:
			0.536	0.698	0.4748
			0.8529	0.5215	0.0239
			0.9532	0.2921	0.0776
			0.3827	0.9085	0.1678
			-0.5283	-0.7067	-0.4706
			0.9736	0.1904	0.1259
			0.7888	0.5438	0.2866
			0.2555	0.1339	-0.9575
			-0.5591	0.8285	-0.0333
			-0.7888	-0.5438	-0.2866
			-0.2555	-0.1339	0.9575
			0.5591	-0.8285	0.0333
		b:
			621.331
			502.8183
			520.785
			454.135
			-611.0632
			530.0523
			605.2625
			-309.8973
			-68.6529
			-600.2625
			328.8973
			78.6529
	==================================================================================
	Q3:
		Shape: Hybrid
		q_c:	433.5	211.0	455.5
		ub :	440.0294	221.3201	465.147
		lb :	426.9706	200.6799	445.853
		P^-1:
			0.118	0.0654	0.0905
			0.0654	0.0631	0.0675
			0.0905	0.0675	0.1063
		A:
			-0.8305	-0.5129	-0.2172
			-0.3404	-0.9338	-0.1104
			0.502	0.4427	0.743
			0.7072	0.5346	0.4626
			-0.2073	-0.5529	-0.807
			0.9053	0.115	0.4088
		b:
			-564.4462
			-389.8064
			650.8152
			631.5938
			-571.593
			605.4937
	==================================================================================
	Q4:
		Shape: Polyhedra
		q_c:	408.0	225.0	474.0
		ub :	418.922	237.5594	487.3309
		lb :	397.078	212.4406	460.6691
		A:
			-0.701	-0.281	0.6555
			-0.75	0.2909	0.5941
			-0.6744	0.4978	0.5453
			-0.222	0.9565	0.1891
			0.2388	-0.8961	-0.3741
			0.3196	-0.9448	-0.073
			0.695	0.4156	0.5867
			0.0136	-0.8235	0.5672
			0.7189	-0.3862	-0.5779
			-0.695	-0.4156	-0.5867
			-0.0136	0.8235	-0.5672
			-0.7189	0.3862	0.5779
		b:
			-32.9736
			43.2669
			97.6434
			221.4023
			-274.3844
			-110.3916
			668.6806
			96.6259
			-65.5278
			-641.6806
			-81.6259
			69.5278
	==================================================================================
	Q5:
		Shape: Polyhedra
		q_c:	413.5	221.5	453.5
		ub :	423.6059	227.6506	462.0787
		lb :	403.3941	215.3494	444.9213
		A:
			0.4816	0.8762	0.0178
			-0.6507	-0.136	0.7471
			0.2059	-0.1117	0.9722
			0.7439	0.2158	0.6325
			-0.3192	0.8712	-0.373
			0.0806	0.1824	0.9799
			0.8496	0.1984	0.4887
			-0.4929	-0.031	0.8695
			0.1877	-0.9796	0.0714
			-0.8496	-0.1984	-0.4887
			0.4929	0.031	-0.8695
			-0.1877	0.9796	-0.0714
		b:
			407.2728
			44.7922
			507.621
			650.1511
			-103.2497
			524.3212
			624.8759
			188.6442
			-102.4845
			-608.8759
			-178.6442
			111.4845
	==================================================================================
	Q6:
		Shape: Polyhedra
		q_c:	430.0	211.5	463.5
		ub :	442.9499	224.8292	478.3328
		lb :	417.0501	198.1708	448.6672
		A:
			0.8091	0.0946	0.58
			-0.7179	0.683	0.1347
			-0.026	-0.707	-0.7067
			-0.2749	0.1741	-0.9456
			-0.1946	0.9143	0.3553
			-0.2203	-0.8819	-0.4169
			0.656	0.4164	0.6294
			0.103	-0.8756	0.472
			0.7477	-0.2448	-0.6173
			-0.656	-0.4164	-0.6294
			-0.103	0.8756	-0.472
			-0.7477	0.2448	0.6173
		b:
			644.4972
			-92.5435
			-479.9196
			-511.2993
			283.2565
			-466.2701
			669.4184
			86.8422
			-6.9057
			-654.4184
			-68.8422
			25.9057


===========================================================================================
===========================================================================================
S8:
	q_c:	277.5	127.5	290.5
	ub :	290.3016	142.325	302.595
	lb :	264.1739	122.6128	277.1455

	==================================================================================
	Q1:
		Shape: Hybrid
		q_c:	284.0	136.0	287.5
		ub :	290.3016	142.325	294.9618
		lb :	277.6984	129.675	280.0382
		P^-1:
			0.0664	-0.0032	-0.0223
			-0.0032	0.0399	0.0004
			-0.0223	0.0004	0.0484
		A:
			0.695	0.0546	-0.717
			-0.0102	0.9622	-0.2721
			0.9643	0.0265	-0.2636
			0.7996	-0.5732	0.179
			0.9227	-0.3724	0.0994
			-0.5609	-0.0503	-0.8264
		b:
			0.5328
			52.9831
			203.7157
			203.498
			242.6481
			-399.9772
	==================================================================================
	Q2:
		Shape: Polyhedra
		q_c:	282.0	129.0	289.5
		ub :	287.6678	135.3872	295.13
		lb :	276.3322	122.6128	283.87
		A:
			0.7812	0.527	0.3347
			0.1801	-0.7732	0.6081
			0.3251	0.0765	-0.9426
			0.1231	0.9803	-0.1546
			0.5876	0.5695	0.5747
			0.7264	0.1595	-0.6685
			0.8476	0.4172	0.3279
			-0.02	-0.5924	0.8054
			0.5302	-0.6892	-0.4938
			-0.8476	-0.4172	-0.3279
			0.02	0.5924	-0.8054
			-0.5302	0.6892	0.4938
		b:
			388.6913
			129.9718
			-167.7547
			119.9892
			409.2911
			35.7042
			391.2652
			153.6061
			-77.3428
			-384.2652
			-148.6061
			87.3428
	==================================================================================
	Q3:
		Shape: Hybrid
		q_c:	275.0	132.5	297.5
		ub :	281.8214	138.5601	302.595
		lb :	268.1786	126.4399	292.405
		P^-1:
			0.0503	-0.0299	-0.0125
			-0.0299	0.0965	-0.0061
			-0.0125	-0.0061	0.1085
		A:
			0.1423	-0.9023	0.407
			0.3626	-0.9293	0.07
			0.6321	-0.594	-0.4976
			-0.6716	0.2909	0.6814
			0.0634	0.0919	0.9937
			0.8263	0.3874	-0.4088
		b:
			42.2728
			-1.0644
			-51.2858
			58.4793
			327.003
			160.2727
	==================================================================================
	Q4:
		Shape: Ellipse
		q_c:	274.5	136.0	282.0
		ub :	279.3368	140.393	286.8545
		lb :	269.6632	131.607	277.1455
		P^-1:
			0.0863	0.0196	0.0194
			0.0196	0.1641	0.0819
			0.0194	0.0819	0.1629
	==================================================================================
	Q5:
		Shape: Ellipse
		q_c:	279.5	133.0	292.5
		ub :	285.1211	137.2805	298.1603
		lb :	273.8789	128.7195	286.8397
		P^-1:
			0.0933	0.0202	0.0482
			0.0202	0.1994	0.0688
			0.0482	0.0688	0.1177
	==================================================================================
	Q6:
		Shape: Ellipse
		q_c:	270.5	136.5	285.0
		ub :	276.8261	141.8996	291.7867
		lb :	264.1739	131.1004	278.2133
		P^-1:
			0.0601	0.0026	-0.0092
			0.0026	0.0784	-0.0085
			-0.0092	-0.0085	0.0456


===========================================================================================
===========================================================================================
S9:
	q_c:	379.5	326.5	296.5
	ub :	385.007	332.9906	300.8685
	lb :	374.3708	321.0813	290.3796

	==================================================================================
	Q1:
		Shape: Polyhedra
		q_c:	378.5	327.5	294.0
		ub :	381.8176	331.0341	297.6204
		lb :	375.1824	323.9659	290.3796
		A:
			0.2734	0.0868	-0.958
			0.5264	-0.2526	-0.8118
			-0.6951	-0.6035	-0.3906
			-0.2187	-0.5685	-0.7931
			-0.9078	0.1558	-0.3895
			-0.2346	-0.96	0.1532
			0.0658	0.7055	0.7057
			-0.5644	0.6095	-0.5567
			-0.8229	-0.3616	0.4382
			-0.0658	-0.7055	-0.7057
			0.5644	-0.6095	0.5567
			0.8229	0.3616	-0.4382
		b:
			-147.479
			-119.8887
			-573.3851
			-500.1122
			-404.9248
			-355.9126
			465.4146
			-175.6677
			-298.5575
			-461.4146
			179.6677
			303.5575
	==================================================================================
	Q2:
		Shape: Hybrid
		q_c:	379.0	330.5	298.0
		ub :	380.8586	332.9906	300.6995
		lb :	377.1414	328.0094	295.3005
		P^-1:
			0.4392	0.0188	-0.0253
			0.0188	0.3771	0.0906
			-0.0253	0.0906	0.3226
		A:
			-0.9701	-0.0717	0.2318
			-0.0906	0.1806	0.9794
			-0.7837	-0.3205	0.532
			0.0081	-0.9497	0.313
			0.8346	-0.2271	0.5019
			0.7687	0.1534	0.621
		b:
			-321.5363
			318.2104
			-243.5574
			-216.4625
			391.7932
			527.968
	==================================================================================
	Q3:
		Shape: Polyhedra
		q_c:	379.0	323.5	295.0
		ub :	381.8904	325.9187	297.7261
		lb :	376.1096	321.0813	292.2739
		A:
			0.0919	0.9133	-0.3968
			0.9125	-0.0585	0.4049
			0.2146	-0.4168	0.8833
			0.2957	-0.4742	-0.8293
			-0.7494	-0.4894	-0.4459
			0.5071	0.8499	-0.1433
			0.6143	0.5023	0.6086
			-0.601	-0.2021	0.7733
			0.5114	-0.8408	0.1777
			-0.6143	-0.5023	-0.6086
			0.601	0.2021	-0.7733
			-0.5114	0.8408	-0.1777
		b:
			214.899
			447.8734
			208.7932
			-284.1788
			-572.3763
			426.5467
			576.3298
			-63.008
			-24.2478
			-573.3298
			67.008
			27.2478
	==================================================================================
	Q4:
		Shape: Polyhedra
		q_c:	377.0	327.5	294.5
		ub :	379.6292	330.1114	296.608
		lb :	374.3708	324.8886	292.392
		A:
			-0.4689	-0.7913	0.3924
			0.1143	-0.9795	0.1659
			-0.3135	0.6934	-0.6487
			-0.4145	-0.8841	0.216
			0.406	0.1903	-0.8939
			-0.041	0.1514	0.9876
			0.5754	0.6529	0.4926
			0.5431	0.1452	-0.827
			-0.6115	0.7434	-0.2711
			-0.5754	-0.6529	-0.4926
			-0.5431	-0.1452	0.827
			0.6115	-0.7434	0.2711
		b:
			-318.9847
			-226.9897
			-80.3264
			-380.6643
			-46.8414
			326.151
			577.3124
			9.7846
			-64.9213
			-574.3124
			-7.7846
			68.9213
	==================================================================================
	Q5:
		Shape: Ellipse
		q_c:	378.5	328.5	298.5
		ub :	381.414	331.2801	300.8685
		lb :	375.586	325.7199	296.1315
		P^-1:
			0.4619	-0.2221	0.2544
			-0.2221	0.4828	-0.2666
			0.2544	-0.2666	0.5554
	==================================================================================
	Q6:
		Shape: Hybrid
		q_c:	382.5	329.0	296.0
		ub :	385.007	331.9298	298.8469
		lb :	379.993	326.0702	293.1531
		P^-1:
			0.7434	0.1625	0.3293
			0.1625	0.3229	-0.0587
			0.3293	-0.0587	0.5381
		A:
			-0.8687	-0.3696	-0.3298
			0.5238	0.0596	0.8497
			-0.556	0.4651	-0.6889
			0.9377	0.3462	-0.0303
			0.9933	-0.1105	-0.0334
			-0.5188	0.4825	-0.7057
		b:
			-550.9348
			472.1902
			-262.7293
			464.3787
			334.8708
			-247.7841


===========================================================================================
===========================================================================================
S10:
	q_c:	66.0	131.5	84.0
	ub :	70.9875	134.503	88.8279
	lb :	63.2022	128.002	80.2596

	==================================================================================
	Q1:
		Shape: Polyhedra
		q_c:	66.5	132.5	82.0
		ub :	68.4354	134.4062	83.7404
		lb :	64.5646	130.5938	80.2596
		A:
			-0.5846	0.6929	-0.422
			-0.5703	0.6818	-0.4583
			0.2171	-0.2722	-0.9374
			-0.0174	-0.3855	0.9225
			0.8128	-0.3088	-0.4939
			-0.9461	-0.2607	0.192
			0.4476	0.8578	0.2525
			0.6519	-0.1197	-0.7488
			-0.6121	0.4998	-0.6128
			-0.4476	-0.8578	-0.2525
			-0.6519	0.1197	0.7488
			0.6121	-0.4998	0.6128
		b:
			19.3689
			15.8621
			-97.4168
			24.4145
			-26.3584
			-80.5114
			165.6359
			-32.9127
			-23.7355
			-162.6359
			34.9127
			25.7355
	==================================================================================
	Q2:
		Shape: Hybrid
		q_c:	68.5	132.0	83.0
		ub :	70.364	134.3241	85.3157
		lb :	66.636	129.6759	80.6843
		P^-1:
			0.8315	0.1398	-0.2137
			0.1398	0.4949	-0.0772
			-0.2137	-0.0772	0.5624
		A:
			-0.2636	-0.4386	0.8591
			0.1077	0.9512	-0.2892
			-0.8926	0.2706	0.3605
			-0.4825	-0.8755	-0.0261
			-0.8765	-0.3702	-0.3078
			0.06	-0.0372	0.9975
		b:
			-3.8996
			109.8148
			5.1796
			-149.9763
			-133.6786
			82.916
	==================================================================================
	Q3:
		Shape: Polyhedra
		q_c:	65.5	131.0	87.0
		ub :	67.7978	133.0259	88.4984
		lb :	63.2022	128.9741	85.5016
		A:
			0.1112	0.264	-0.9581
			-0.0721	-0.4741	0.8775
			-0.3561	0.3913	0.8486
			0.2483	0.8752	0.4151
			-0.1969	0.358	0.9127
			-0.4536	0.6927	-0.5607
			0.2523	0.573	0.7798
			0.1801	0.764	-0.6196
			-0.9507	0.2968	0.0895
			-0.2523	-0.573	-0.7798
			-0.1801	-0.764	0.6196
			0.9507	-0.2968	-0.0895
		b:
			-40.2139
			10.919
			102.9746
			167.8586
			114.4051
			13.9278
			159.925
			59.4679
			-13.6096
			-158.925
			-56.4679
			17.6096
	==================================================================================
	Q4:
		Shape: Hybrid
		q_c:	69.0	131.5	82.5
		ub :	70.9875	133.4149	83.8419
		lb :	67.0125	129.5851	81.1581
		P^-1:
			0.6715	0.2723	-0.0208
			0.2723	0.7743	0.0172
			-0.0208	0.0172	0.9987
		A:
			0.3787	-0.6892	0.6178
			-0.3287	-0.3815	-0.864
			-0.4311	-0.3923	-0.8126
			0.1892	-0.9366	0.2948
			0.268	-0.4128	-0.8705
			-0.4544	-0.8335	0.3143
		b:
			-12.7208
			-143.6225
			-147.8565
			-84.9765
			-107.0058
			-114.5039
	==================================================================================
	Q5:
		Shape: Hybrid
		q_c:	67.5	132.0	82.0
		ub :	69.8362	134.503	83.1036
		lb :	65.1638	129.497	80.8964
		P^-1:
			0.7147	0.3024	-0.9788
			0.3024	0.4504	-0.7041
			-0.9788	-0.7041	3.5293
		A:
			0.4999	0.1032	0.8599
			0.4786	0.0212	-0.8778
			-0.062	0.4846	-0.8725
			0.4739	0.2736	-0.837
			-0.3351	-0.1796	-0.9249
			0.1218	0.0604	-0.9907
		b:
			118.841
			-36.4212
			-11.0399
			-0.2011
			-121.317
			-64.6853
	==================================================================================
	Q6:
		Shape: Hybrid
		q_c:	67.0	130.0	86.5
		ub :	69.2436	131.998	88.8279
		lb :	64.7564	128.002	84.1721
		P^-1:
			0.6519	0.2268	0.1442
			0.2268	0.6923	0.1576
			0.1442	0.1576	0.5446
		A:
			0.7225	0.554	0.4136
			-0.8572	-0.2884	0.4266
			0.3397	0.7372	0.5841
			0.0088	-0.9335	-0.3584
			0.1635	-0.4316	-0.8871
			0.4372	0.7836	-0.4414
		b:
			156.7204
			-57.1538
			169.6795
			-151.0423
			-121.0265
			93.8161


===========================================================================================
===========================================================================================
S11:
	q_c:	307.0	348.0	240.5
	ub :	316.6123	359.2732	252.1723
	lb :	297.9458	338.4219	234.3479

	==================================================================================
	Q1:
		Shape: Polyhedra
		q_c:	304.5	348.5	238.5
		ub :	308.9536	353.0813	242.6521
		lb :	300.0464	343.9187	234.3479
		A:
			0.1448	0.1052	-0.9839
			0.544	0.7086	0.4495
			0.0496	-0.9965	-0.0671
			-0.5927	-0.4195	-0.6875
			-0.6163	-0.3799	0.6898
			0.4285	-0.8981	0.0987
			0.3113	0.9447	0.1034
			0.8597	-0.2336	-0.4542
			-0.4049	0.2303	-0.8849
			-0.3113	-0.9447	-0.1034
			-0.8597	0.2336	0.4542
			0.4049	-0.2303	0.8849
		b:
			-151.0278
			523.168
			-344.7712
			-487.4387
			-152.6772
			-155.8468
			452.1806
			74.5596
			-251.0627
			-445.1806
			-69.5596
			257.0627
	==================================================================================
	Q2:
		Shape: Ellipse
		q_c:	304.0	345.0	245.5
		ub :	310.0542	351.5781	251.9522
		lb :	297.9458	338.4219	239.0478
		P^-1:
			0.0625	0.0	0.0
			0.0	0.0625	-0.0
			0.0	-0.0	0.0625
	==================================================================================
	Q3:
		Shape: Ellipse
		q_c:	311.0	344.5	247.0
		ub :	316.6123	350.0333	252.1723
		lb :	305.3877	338.9667	241.8277
		P^-1:
			0.0965	0.0146	0.0021
			0.0146	0.096	0.0021
			0.0021	0.0021	0.0819
	==================================================================================
	Q4:
		Shape: Hybrid
		q_c:	309.5	350.5	244.0
		ub :	312.8357	354.1623	247.7005
		lb :	306.1643	346.8377	240.2995
		P^-1:
			0.3672	-0.1161	-0.0927
			-0.1161	0.2701	-0.1392
			-0.0927	-0.1392	0.3333
		A:
			0.4003	0.7398	-0.5409
			-0.0231	-0.5769	0.8165
			0.8772	0.2852	-0.3862
			-0.9917	0.1108	0.0657
			-0.9993	0.0297	0.0247
			-0.2466	0.9435	-0.2216
		b:
			252.3994
			-9.3532
			278.4196
			-250.9524
			-291.5638
			201.5582
	==================================================================================
	Q5:
		Shape: Polyhedra
		q_c:	304.0	351.5	238.5
		ub :	307.0055	355.0676	242.1815
		lb :	300.9945	347.9324	234.8185
		A:
			0.2325	0.1892	0.954
			0.0877	0.9925	-0.0853
			-0.5003	0.8597	-0.1029
			-0.3787	-0.7126	-0.5906
			-0.8936	-0.3051	0.3293
			0.1949	0.9452	0.2619
			0.6971	0.6896	0.1963
			0.6909	-0.5729	-0.441
			-0.1917	0.4431	-0.8758
			-0.6971	-0.6896	-0.1963
			-0.6909	0.5729	0.441
			0.1917	-0.4431	0.8758
		b:
			367.3714
			357.3863
			127.6558
			-504.4412
			-298.417
			455.8556
			503.1258
			-95.0105
			-108.3965
			-499.1258
			98.0105
			114.3965
	==================================================================================
	Q6:
		Shape: Polyhedra
		q_c:	308.5	354.0	246.5
		ub :	313.5978	359.2732	251.755
		lb :	303.4022	348.7268	241.245
		A:
			0.3729	-0.8249	-0.4248
			0.5738	-0.5284	-0.6257
			0.5522	-0.5215	-0.6505
			-0.0201	0.987	0.1593
			-0.2878	-0.875	0.3893
			-0.1512	-0.564	-0.8118
			0.0636	0.689	0.722
			-0.7066	0.542	-0.455
			-0.7048	-0.4812	0.5213
			-0.0636	-0.689	-0.722
			0.7066	-0.542	0.455
			0.7048	0.4812	-0.5213
		b:
			-279.0468
			-161.2665
			-171.638
			385.3485
			-298.9016
			-443.8917
			443.9837
			-135.2669
			-255.2777
			-438.9837
			141.2669
			263.2777


===========================================================================================
===========================================================================================
S12:
	q_c:	446.0	495.0	187.5
	ub :	474.1115	514.2776	222.9027
	lb :	424.0259	460.9846	152.5071

	==================================================================================
	Q1:
		Shape: Polyhedra
		q_c:	455.5	497.5	183.0
		ub :	466.6035	507.2134	192.7957
		lb :	444.3965	487.7866	173.2043
		A:
			-0.5543	-0.7139	-0.4279
			0.7916	0.4871	0.3689
			-0.6279	0.1964	0.7531
			-0.2472	0.526	0.8137
			0.667	-0.2345	0.7072
			-0.1277	0.727	0.6746
			0.4058	0.6335	0.6588
			0.6761	0.277	-0.6827
			-0.615	0.7225	-0.3159
			-0.4058	-0.6335	-0.6588
			-0.6761	-0.277	0.6827
			0.615	-0.7225	0.3159
		b:
			-681.9883
			675.1968
			-43.3356
			303.5021
			322.9975
			431.9258
			624.0447
			328.3385
			29.0051
			-617.0447
			-313.3385
			-14.0051
	==================================================================================
	Q2:
		Shape: Polyhedra
		q_c:	466.0	505.5	175.5
		ub :	469.6533	514.2776	186.4
		lb :	462.3467	496.7224	164.6
		A:
			0.8459	-0.5186	-0.1246
			-0.8017	0.0466	0.5959
			0.434	0.2228	0.8729
			0.8986	-0.4232	-0.1162
			0.9579	-0.1937	-0.212
			-0.909	0.3864	0.1565
			0.1581	0.8968	0.4132
			-0.0944	0.4303	-0.8977
			-0.9829	0.103	0.1527
			-0.1581	-0.8968	-0.4132
			0.0944	-0.4303	0.8977
			0.9829	-0.103	-0.1527
		b:
			113.3605
			-240.8573
			475.6825
			187.2741
			313.3065
			-198.228
			604.5482
			25.4607
			-377.175
			-594.5482
			-6.4607
			381.175
	==================================================================================
	Q3:
		Shape: Ellipse
		q_c:	429.0	486.5	172.0
		ub :	433.9741	495.9602	181.616
		lb :	424.0259	477.0398	162.384
		P^-1:
			0.1042	0.0118	0.0204
			0.0118	0.0254	0.003
			0.0204	0.003	0.0288
	==================================================================================
	Q4:
		Shape: Hybrid
		q_c:	467.5	498.5	209.5
		ub :	474.1115	508.9872	222.9027
		lb :	460.8885	488.0128	196.0973
		P^-1:
			0.0339	-0.0235	0.0149
			-0.0235	0.1095	-0.0679
			0.0149	-0.0679	0.0498
		A:
			0.3627	0.8567	-0.3667
			0.407	0.8356	-0.3688
			0.72	-0.6565	0.2252
			-0.3378	0.8729	-0.3521
			0.0368	0.5848	-0.8104
			0.1728	0.8852	-0.4319
		b:
			523.064
			532.92
			59.7393
			205.7304
			143.1801
			433.9943
	==================================================================================
	Q5:
		Shape: Polyhedra
		q_c:	445.5	478.5	178.5
		ub :	461.5518	492.7435	195.7643
		lb :	429.4482	464.2565	161.2357
		A:
			0.6197	0.6005	0.5054
			-0.8525	0.0896	-0.5149
			0.9339	0.1003	0.3432
			0.5669	0.2335	0.79
			-0.9178	0.2303	0.3234
			0.9462	-0.323	-0.0172
			0.6174	0.5101	0.5988
			0.7592	-0.1871	-0.6234
			-0.2059	0.8395	-0.5028
			-0.6174	-0.5101	-0.5988
			-0.7592	0.1871	0.6234
			0.2059	-0.8395	0.5028
		b:
			658.3144
			-420.5723
			533.7642
			511.0123
			-227.0403
			276.5461
			630.525
			151.9175
			231.2361
			-621.525
			-122.9175
			-209.2361
	==================================================================================
	Q6:
		Shape: Polyhedra
		q_c:	445.5	478.5	166.5
		ub :	461.7884	496.0154	180.4929
		lb :	429.2116	460.9846	152.5071
		A:
			-0.6241	0.4763	0.6194
			0.305	0.6262	-0.7175
			0.9121	0.3898	0.127
			-0.4899	0.6575	-0.5725
			-0.4766	0.1453	-0.867
			-0.9789	-0.0036	0.2041
			0.5808	0.7965	0.168
			-0.0413	0.2349	-0.9711
			-0.813	0.5571	0.1694
