3D_50_14_6_c                l = 3

===========================================================================================
===========================================================================================
S1:
	q_c:	106.5	503.0	336.0
	ub :	109.6669	515.8491	351.2824
	lb :	95.3331	489.3785	327.9945

	==================================================================================
	Q1:
		Shape: Hybrid
		q_c:	101.0	509.5	339.0
		ub :	106.3517	515.0195	344.3918
		lb :	95.6483	503.9805	333.6082
		P^-1:
			0.0657	-0.0072	0.0003
			-0.0072	0.0777	-0.0045
			0.0003	-0.0045	0.0502
		A:
			0.956	0.2931	-0.0128
			0.8324	0.1428	0.5354
			-0.7317	0.3534	-0.5829
			-0.4515	0.8784	0.1565
			-0.8414	0.405	-0.358
			-0.7919	0.554	0.2567
		b:
			243.7915
			340.7404
			-89.2692
			456.8401
			2.033
			291.3
	==================================================================================
	Q2:
		Shape: Hybrid
		q_c:	103.0	511.5	332.0
		ub :	106.911	515.8491	336.0055
		lb :	99.089	507.1509	327.9945
		P^-1:
			0.3119	0.0562	0.1661
			0.0562	0.0753	0.0395
			0.1661	0.0395	0.2013
		A:
			-0.7535	-0.6572	0.0169
			0.3169	0.8838	0.3441
			0.7612	0.4035	0.5077
			0.5728	0.4066	0.7118
			-0.9389	-0.3299	-0.0979
			-0.961	0.2094	-0.1807
		b:
			-406.0808
			601.4973
			454.3477
			504.4353
			-296.5069
			-50.1873
	==================================================================================
	Q3:
		Shape: Ellipse
		q_c:	102.5	503.5	338.5
		ub :	109.6669	509.9411	346.105
		lb :	95.3331	497.0589	330.895
		P^-1:
			0.061	0.0253	0.0263
			0.0253	0.0727	0.0178
			0.0263	0.0178	0.0599
	==================================================================================
	Q4:
		Shape: Polyhedra
		q_c:	99.0	508.0	344.5
		ub :	101.4257	511.9276	347.6542
		lb :	96.5743	504.0724	341.3458
		A:
			0.3892	0.1999	-0.8992
			-0.3636	0.8643	0.3474
			0.3627	0.3076	0.8797
			-0.1833	0.4753	0.8605
			0.6033	-0.1756	-0.7779
			0.9887	0.0652	0.1349
			0.8511	0.0833	0.5183
			-0.5242	0.189	0.8304
			-0.0288	-0.9784	0.2046
			-0.8511	-0.0833	-0.5183
			0.5242	-0.189	-0.8304
			0.0288	0.9784	-0.2046
		b:
			-167.4111
			525.7468
			496.977
			521.8714
			-295.5038
			179.0701
			306.6498
			332.1952
			-425.9182
			-303.6498
			-328.1952
			432.9182
	==================================================================================
	Q5:
		Shape: Hybrid
		q_c:	99.5	497.5	333.0
		ub :	102.9174	500.8938	336.2448
		lb :	96.0826	494.1062	329.7552
		P^-1:
			0.1804	0.0273	0.026
			0.0273	0.2393	-0.0102
			0.026	-0.0102	0.2403
		A:
			-0.4471	-0.2242	-0.8659
			-0.8384	0.1576	-0.5218
			-0.0361	0.9928	-0.1141
			0.2242	-0.8791	0.4205
			-0.0669	-0.8983	0.4343
			0.5664	0.4512	0.6896
		b:
			-443.3674
			-177.5742
			453.4014
			-273.9534
			-307.8946
			511.4831
	==================================================================================
	Q6:
		Shape: Ellipse
		q_c:	100.0	496.0	345.0
		ub :	104.5523	502.6215	351.2824
		lb :	95.4477	489.3785	338.7176
		P^-1:
			0.1063	-0.0146	0.0033
			-0.0146	0.0606	-0.0078
			0.0033	-0.0078	0.0561


===========================================================================================
===========================================================================================
S2:
	q_c:	500.5	293.5	231.0
	ub :	513.4913	304.8522	243.7069
	lb :	488.7384	283.9318	224.4731

	==================================================================================
	Q1:
		Shape: Hybrid
		q_c:	502.0	291.5	231.0
		ub :	506.5296	297.0749	236.2061
		lb :	497.4704	285.9251	225.7939
		P^-1:
			0.1287	0.0356	0.0282
			0.0356	0.0968	-0.0075
			0.0282	-0.0075	0.1081
		A:
			-0.6122	0.3913	-0.6871
			-0.1271	0.2263	-0.9657
			0.2407	-0.0033	-0.9706
			-0.9925	-0.0928	-0.0796
			-0.3494	-0.6084	-0.7126
			0.304	0.9512	-0.0537
		b:
			-350.3198
			-219.1787
			-102.2427
			-542.0481
			-515.5552
			419.2727
	==================================================================================
	Q2:
		Shape: Polyhedra
		q_c:	498.0	300.0	227.5
		ub :	500.6752	304.8522	230.5269
		lb :	495.3248	295.1478	224.4731
		A:
			0.5982	0.5655	-0.5678
			-0.7757	-0.061	0.6282
			0.8495	0.0441	-0.5258
			-0.6428	-0.1095	0.7581
			0.7846	0.3726	-0.4956
			0.8623	0.4729	0.181
			0.9342	0.084	0.3467
			-0.3077	-0.302	0.9023
			0.1805	-0.9496	-0.2563
			-0.9342	-0.084	-0.3467
			0.3077	0.302	-0.9023
			-0.1805	0.9496	0.2563
		b:
			340.2821
			-259.8506
			318.4863
			-178.7665
			391.3001
			614.5619
			570.8136
			-37.063
			-248.7887
			-567.8136
			40.063
			257.7887
	==================================================================================
	Q3:
		Shape: Hybrid
		q_c:	494.5	298.5	232.0
		ub :	500.2616	302.4242	237.9319
		lb :	488.7384	294.5758	226.0681
		P^-1:
			0.0659	-0.0228	0.0101
			-0.0228	0.2162	-0.0683
			0.0101	-0.0683	0.0929
		A:
			0.142	-0.9749	-0.1712
			-0.5549	-0.8301	0.0543
			0.3792	-0.044	-0.9242
			0.7064	-0.6493	0.2818
			0.0813	0.8774	-0.4728
			-0.4757	0.1564	-0.8656
		b:
			-258.7478
			-507.4046
			-37.1544
			222.7882
			193.5898
			-386.8255
	==================================================================================
	Q4:
		Shape: Ellipse
		q_c:	506.5	289.0	237.0
		ub :	513.4913	294.0682	243.7069
		lb :	499.5087	283.9318	230.2931
		P^-1:
			0.0626	0.0463	-0.0384
			0.0463	0.1696	-0.087
			-0.0384	-0.087	0.1072
	==================================================================================
	Q5:
		Shape: Polyhedra
		q_c:	504.5	297.5	231.0
		ub :	509.5015	301.7674	236.2156
		lb :	499.4985	293.2326	225.7844
		A:
			0.1708	-0.8689	-0.4647
			-0.946	0.2955	-0.1332
			0.7579	-0.4295	0.491
			0.1162	-0.9185	-0.3781
			-0.0412	0.9833	0.1772
			-0.6586	-0.6611	0.3593
			0.748	0.3451	0.5669
			0.4417	0.3786	-0.8134
			-0.4953	0.8588	0.1308
			-0.748	-0.3451	-0.5669
			-0.4417	-0.3786	0.8134
			0.4953	-0.8588	-0.1308
		b:
			-277.4021
			-417.505
			370.6532
			-299.7129
			315.0078
			-442.27
			614.0045
			151.5778
			37.8023
			-608.0045
			-143.5778
			-33.8023
	==================================================================================
	Q6:
		Shape: Hybrid
		q_c:	495.5	291.0	232.0
		ub :	500.6215	296.1463	237.406
		lb :	490.3785	285.8537	226.594
		P^-1:
			0.1082	-0.0071	0.0051
			-0.0071	0.0936	0.0126
			0.0051	0.0126	0.102
		A:
			-0.1893	-0.425	-0.8852
			0.1237	0.3121	0.942
			-0.5639	0.8206	0.0925
			0.1207	-0.0347	-0.9921
			-0.9846	0.1296	-0.117
			-0.2907	0.5249	0.8
		b:
			-421.3217
			372.1661
			-17.5584
			-178.7627
			-475.8028
			195.8266


===========================================================================================
===========================================================================================
S3:
	q_c:	87.0	448.5	471.5
	ub :	96.1978	457.7475	477.6767
	lb :	82.3711	440.7233	463.2018

	==================================================================================
	Q1:
		Shape: Ellipse
		q_c:	89.5	453.0	468.0
		ub :	92.5658	455.1612	470.9248
		lb :	86.4342	450.8388	465.0752
		P^-1:
			0.3238	-0.0366	0.1357
			-0.0366	0.4334	0.0411
			0.1357	0.0411	0.2917
	==================================================================================
	Q2:
		Shape: Polyhedra
		q_c:	91.5	445.0	467.5
		ub :	96.1978	449.2767	471.7982
		lb :	86.8022	440.7233	463.2018
		A:
			-0.5045	-0.8622	-0.046
			-0.7127	-0.6186	0.3308
			0.3731	0.8118	-0.4491
			-0.5147	-0.316	0.797
			0.6587	0.0451	0.7511
			0.08	-0.1674	0.9826
			0.6261	0.273	0.7304
			-0.7065	0.5949	0.3833
			-0.3299	-0.756	0.5653
			-0.6261	-0.273	-0.7304
			0.7065	-0.5949	-0.3833
			0.3299	0.756	-0.5653
		b:
			-449.0958
			-183.6412
			187.4551
			187.3275
			433.9656
			394.5679
			522.7346
			382.7624
			-100.3206
			-517.7346
			-375.7624
			104.3206
	==================================================================================
	Q3:
		Shape: Polyhedra
		q_c:	88.5	453.0	473.5
		ub :	92.9323	457.58	477.6767
		lb :	84.0677	448.42	469.3233
		A:
			0.542	-0.7697	-0.3372
			0.0431	-0.2459	0.9683
			0.8136	-0.122	-0.5685
			-0.275	-0.9533	0.1251
			-0.7676	-0.1884	-0.6127
			0.4725	0.5177	0.7133
			0.5725	0.4701	0.6717
			-0.2724	-0.6637	0.6966
			0.7733	-0.5818	-0.2519
			-0.5725	-0.4701	-0.6717
			0.2724	0.6637	-0.6966
			-0.7733	0.5818	0.2519
		b:
			-457.4276
			353.4045
			-249.5959
			-394.3766
			-440.7942
			616.5724
			584.1839
			7.5994
			-311.4223
			-579.1839
			-2.5994
			317.4223
	==================================================================================
	Q4:
		Shape: Hybrid
		q_c:	87.0	453.0	471.0
		ub :	91.6289	457.7475	474.7011
		lb :	82.3711	448.2525	467.2989
		P^-1:
			0.1973	-0.0555	-0.1455
			-0.0555	0.1455	0.1031
			-0.1455	0.1031	0.2944
		A:
			0.0282	0.9423	-0.3336
			-0.9467	-0.0108	-0.322
			0.545	-0.6589	-0.5185
			0.4953	0.2127	-0.8422
			-0.0491	0.9847	0.1674
			-0.6119	-0.0335	0.7903
		b:
			274.7144
			-236.488
			-494.1179
			-255.7937
			522.6858
			304.9057
	==================================================================================
	Q5:
		Shape: Ellipse
		q_c:	87.5	447.0	472.0
		ub :	91.9621	450.6276	476.2334
		lb :	83.0379	443.3724	467.7666
		P^-1:
			0.1883	0.0724	0.1156
			0.0724	0.2751	0.1262
			0.1156	0.1262	0.2227
	==================================================================================
	Q6:
		Shape: Ellipse
		q_c:	91.0	446.0	468.0
		ub :	94.5309	449.8422	471.6346
		lb :	87.4691	442.1578	464.3654
		P^-1:
			0.1939	-0.1012	-0.1021
			-0.1012	0.2526	0.1009
			-0.1021	0.1009	0.2691


===========================================================================================
===========================================================================================
S4:
	q_c:	116.5	30.5	238.5
	ub :	133.166	48.8185	257.216
	lb :	102.9113	9.0325	219.1112

	==================================================================================
	Q1:
		Shape: Polyhedra
		q_c:	112.0	38.0	246.0
		ub :	121.0887	48.8185	257.216
		lb :	102.9113	27.1815	234.784
		A:
			0.3789	-0.1801	-0.9077
			-0.8705	0.468	0.1522
			-0.0079	0.4929	0.87
			-0.1304	-0.5892	-0.7974
			-0.0455	-0.7896	-0.612
			0.8413	-0.5159	0.1612
			0.754	0.3164	0.5757
			-0.6519	0.4675	0.597
			-0.0803	-0.8254	0.5588
			-0.754	-0.3164	-0.5757
			0.6519	-0.4675	-0.597
			0.0803	0.8254	-0.5588
		b:
			-181.7763
			-36.4571
			237.8288
			-227.066
			-179.5078
			120.5472
			244.5818
			97.107
			104.6041
			-231.5818
			-86.107
			-89.6041
	==================================================================================
	Q2:
		Shape: Ellipse
		q_c:	115.0	17.5	246.0
		ub :	123.8422	25.9675	251.9874
		lb :	106.1578	9.0325	240.0126
		P^-1:
			0.0361	0.0043	0.0159
			0.0043	0.031	0.0043
			0.0159	0.0043	0.0754
	==================================================================================
	Q3:
		Shape: Polyhedra
		q_c:	124.0	33.5	245.5
		ub :	133.166	40.7832	254.4703
		lb :	114.834	26.2168	236.5297
		A:
			0.0084	-0.3161	0.9487
			0.5744	-0.5839	-0.5737
			-0.2879	0.9257	0.2452
			-0.3864	0.8426	0.3751
			-0.0758	0.8279	0.5557
			0.7885	0.2607	-0.5571
			0.9752	0.1367	0.1743
			-0.145	-0.2011	0.9688
			0.1675	-0.97	-0.1763
			-0.9752	-0.1367	-0.1743
			0.145	0.2011	-0.9688
			-0.1675	0.97	0.1763
		b:
			230.3297
			-83.1804
			60.5789
			77.6548
			160.1617
			-23.0051
			175.7923
			220.1218
			-50.0027
			-160.7923
			-206.1218
			60.0027
	==================================================================================
	Q4:
		Shape: Hybrid
		q_c:	114.5	25.0	248.0
		ub :	121.0433	30.8483	252.0182
		lb :	107.9567	19.1517	243.9818
		P^-1:
			0.0624	-0.0197	-0.0264
			-0.0197	0.0664	-0.0039
			-0.0264	-0.0039	0.1528
		A:
			0.4613	-0.2918	-0.8379
			0.8436	-0.3911	-0.368
			-0.3312	-0.9419	0.0554
			-0.4834	0.2283	-0.8451
			0.3418	0.4103	-0.8455
			0.6108	0.777	-0.1524
		b:
			-160.8703
			-2.2897
			-44.4503
			-257.078
			-158.5471
			55.0431
	==================================================================================
	Q5:
		Shape: Hybrid
		q_c:	116.5	31.5	228.5
		ub :	125.1707	38.8283	237.8888
		lb :	107.8293	24.1717	219.1112
		P^-1:
			0.0394	0.026	0.0154
			0.026	0.072	0.0366
			0.0154	0.0366	0.0478
		A:
			0.9782	-0.0015	0.2077
			-0.0177	-0.7337	-0.6793
			0.5724	0.4212	0.7035
			-0.4363	-0.4518	-0.7782
			0.1024	-0.6491	-0.7538
			0.2955	-0.4823	-0.8247
		b:
			165.5777
			-178.2632
			243.1495
			-240.5063
			-178.1915
			-165.8564
	==================================================================================
	Q6:
		Shape: Polyhedra
		q_c:	116.0	39.5	248.5
		ub :	123.7246	47.3556	256.7173
		lb :	108.2754	31.6444	240.2827
		A:
			0.0563	-0.0604	0.9966
			-0.5461	0.1175	-0.8295
			0.6999	0.4822	0.5269
			0.0467	0.1217	-0.9915
			-0.2923	-0.2513	0.9227
			0.0572	-0.1267	-0.9903
			0.2022	0.6929	0.6921
			-0.5583	0.6622	-0.4998
			-0.8046	-0.2853	0.5208
			-0.2022	-0.6929	-0.6921
			0.5583	-0.6622	0.4998
			0.8046	0.2853	-0.5208
		b:
			256.589
			-260.003
			235.8153
			-231.3243
			190.3882
			-239.7438
			227.3149
			-157.8095
			29.8012
			-218.3149
			167.8095
			-19.8012


===========================================================================================
===========================================================================================
S5:
	q_c:	527.5	280.0	185.0
	ub :	550.0737	308.6687	208.4669
	lb :	498.7955	256.5474	162.9072

	==================================================================================
	Q1:
		Shape: Polyhedra
		q_c:	522.5	273.0	168.0
		ub :	534.3011	282.9575	173.0928
		lb :	510.6989	263.0425	162.9072
		A:
			0.077	-0.035	0.9964
			-0.0353	0.0777	0.9964
			-0.3141	-0.2348	0.9199
			-0.7021	-0.6665	0.2506
			-0.0205	0.5971	-0.8019
			-0.1471	0.1006	0.984
			0.3517	0.8757	0.3308
			0.1506	0.2959	-0.9433
			-0.9239	0.3816	-0.0278
			-0.3517	-0.8757	-0.3308
			-0.1506	-0.2959	0.9433
			0.9239	-0.3816	0.0278
		b:
			201.7016
			173.7602
			-70.2387
			-500.548
			21.7033
			119.7192
			484.4076
			3.984
			-373.255
			-472.4076
			2.016
			393.255
	==================================================================================
	Q2:
		Shape: Hybrid
		q_c:	532.5	300.5	188.0
		ub :	541.8962	308.6687	197.817
		lb :	523.1038	292.3313	178.183
		P^-1:
			0.0379	0.0255	0.0217
			0.0255	0.0556	0.0396
			0.0217	0.0396	0.057
		A:
			0.8052	0.3455	0.4819
			-0.2285	-0.545	-0.8067
			-0.3725	-0.442	-0.816
			-0.0217	-0.6344	-0.7727
			0.2608	0.2524	0.9318
			0.7138	0.3337	0.6158
		b:
			626.0616
			-435.1866
			-482.5045
			-345.1656
			392.967
			598.7776
	==================================================================================
	Q3:
		Shape: Polyhedra
		q_c:	541.0	268.5	177.0
		ub :	550.0737	280.4526	185.7192
		lb :	531.9263	256.5474	168.2808
		A:
			-0.3854	0.6256	0.6783
			-0.5007	0.851	-0.1588
			-0.8139	0.576	-0.0769
			0.1731	0.6202	0.7651
			0.7988	-0.0542	-0.5992
			0.6471	-0.7418	-0.1758
			0.0484	0.984	0.1717
			0.9988	-0.0496	0.0024
			0.0108	0.1714	-0.9851
			-0.0484	-0.984	-0.1717
			-0.9988	0.0496	-0.0024
			-0.0108	-0.1714	0.9851
		b:
			88.6992
			-60.8052
			-290.2179
			404.7618
			319.5746
			129.4048
			331.2802
			535.9462
			-115.4861
			-310.2802
			-518.9462
			129.4861
	==================================================================================
	Q4:
		Shape: Hybrid
		q_c:	534.5	289.5	187.5
		ub :	547.1439	293.7986	199.8347
		lb :	521.8561	285.2014	175.1653
		P^-1:
			0.3685	-1.1082	0.2625
			-1.1082	3.4472	-0.8198
			0.2625	-0.8198	0.2082
		A:
			-0.5108	0.8488	-0.1363
			-0.1796	0.9443	-0.2756
			-0.0008	-0.9442	0.3295
			0.1495	-0.3453	-0.9265
			0.3151	-0.9293	0.1926
			-0.2718	0.9345	-0.2298
		b:
			-50.8629
			126.749
			-209.3593
			-185.2193
			-64.1986
			82.5185
	==================================================================================
	Q5:
		Shape: Polyhedra
		q_c:	520.0	292.5	201.0
		ub :	527.9366	299.9992	208.4669
		lb :	512.0634	285.0008	193.5331
		A:
			0.7932	0.0867	0.6027
			-0.4597	-0.7176	-0.5232
			-0.4407	0.1794	-0.8796
			0.5843	-0.2456	0.7735
			0.4186	-0.1911	0.8878
			0.5584	0.8233	-0.1015
			0.6445	0.2692	0.7156
			-0.7392	0.4584	0.4933
			-0.1953	-0.847	0.4945
			-0.6445	-0.2692	-0.7156
			0.7392	-0.4584	-0.4933
			0.1953	0.847	-0.4945
		b:
			562.049
			-550.755
			-350.486
			390.6086
			343.2286
			514.5266
			560.2357
			-143.6588
			-245.8784
			-555.2357
			158.6588
			253.8784
	==================================================================================
	Q6:
		Shape: Polyhedra
		q_c:	509.5	286.5	196.0
		ub :	520.2045	296.4385	206.3442
		lb :	498.7955	276.5615	185.6558
		A:
			0.5589	0.6988	0.4465
			0.7713	-0.086	0.6306
			0.2497	-0.2503	-0.9354
			-0.6218	0.7684	-0.1515
			-0.6586	0.4947	-0.567
			-0.8663	-0.0643	-0.4954
			0.2822	0.6123	0.7385
			-0.7206	0.6435	-0.2582
			-0.6333	-0.4594	0.6228
			-0.2822	-0.6123	-0.7385
			0.7206	-0.6435	0.2582
			0.6333	0.4594	-0.6228
		b:
			577.8831
			496.2879
			-120.8572
			-121.8167
			-300.292
			-551.9539
			467.9588
			-228.9085
			-322.1915
			-459.9588
			237.9085
			342.1915


===========================================================================================
===========================================================================================
S6:
	q_c:	150.5	45.0	208.5
	ub :	170.311	66.9008	224.2639
	lb :	132.7536	23.3202	190.4609

	==================================================================================
	Q1:
		Shape: Polyhedra
		q_c:	144.0	49.5	201.0
		ub :	152.9786	58.6217	210.1821
		lb :	135.0214	40.3783	191.8179
		A:
			-0.1972	0.9465	0.2555
			-0.2186	-0.9689	-0.1158
			0.1916	0.9698	-0.1512
			0.214	0.9736	-0.0797
			0.1758	0.627	-0.7589
			-0.6511	0.4125	0.637
			0.648	0.4387	0.6226
			-0.6638	0.7261	0.1792
			-0.3735	-0.5294	0.7617
			-0.648	-0.4387	-0.6226
			0.6638	-0.7261	-0.1792
			0.3735	0.5294	-0.7617
		b:
			74.6552
			-97.2344
			50.9596
			68.6685
			-89.7746
			59.8214
			245.6725
			-19.1256
			79.6179
			-234.6725
			28.1256
			-66.6179
	==================================================================================
	Q2:
		Shape: Ellipse
		q_c:	148.5	49.0	204.5
		ub :	156.9124	58.8221	214.3594
		lb :	140.0876	39.1779	194.6406
		P^-1:
			0.0877	0.0166	0.0383
			0.0166	0.0194	0.0091
			0.0383	0.0091	0.032
	==================================================================================
	Q3:
		Shape: Polyhedra
		q_c:	143.0	56.0	214.5
		ub :	153.2464	66.9008	223.8494
		lb :	132.7536	45.0992	205.1506
		A:
			-0.618	-0.207	-0.7584
			-0.2696	-0.3773	-0.886
			-0.6698	0.1563	0.7259
			-0.6406	-0.6521	0.4054
			-0.0248	0.1279	0.9915
			-0.184	-0.9822	-0.0382
			0.0114	0.4722	0.8814
			-0.6087	0.7027	-0.3685
			-0.7933	-0.5323	0.2954
			-0.0114	-0.4722	-0.8814
			0.6087	-0.7027	0.3685
			0.7933	0.5323	-0.2954
		b:
			-256.6442
			-244.1381
			75.8897
			-32.3256
			222.027
			-82.4004
			222.6453
			-121.7352
			-70.8833
			-211.6453
			131.7352
			88.8833
	==================================================================================
	Q4:
		Shape: Hybrid
		q_c:	149.0	52.0	217.0
		ub :	157.356	61.2308	224.2639
		lb :	140.644	42.7692	209.7361
		P^-1:
			0.0689	-0.0119	-0.0588
			-0.0119	0.0328	0.0282
			-0.0588	0.0282	0.1117
		A:
			0.8345	0.1294	0.5356
			-0.7402	-0.6054	0.2925
			0.2587	-0.422	-0.8689
			0.5951	-0.7494	-0.2902
			0.2056	-0.6968	-0.6871
			0.8082	-0.0729	-0.5844
		b:
			252.0315
			-74.4884
			-170.1799
			-9.4545
			-152.0659
			-8.3061
	==================================================================================
	Q5:
		Shape: Polyhedra
		q_c:	158.0	35.0	202.0
		ub :	170.311	46.6798	213.5391
		lb :	145.689	23.3202	190.4609
		A:
			-0.0994	0.3319	-0.9381
			0.8482	0.1944	-0.4927
			0.041	0.1964	-0.9797
			-0.0149	-0.9488	-0.3154
			-0.8825	-0.3511	-0.3128
			-0.9467	0.3185	-0.0477
			0.548	0.1163	0.8283
			-0.707	0.5937	0.3844
			-0.4471	-0.7963	0.4076
			-0.548	-0.1163	-0.8283
			0.707	-0.5937	-0.3844
			0.4471	0.7963	-0.4076
		b:
			-186.2846
			49.1312
			-177.2834
			-91.7054
			-207.7235
			-141.1672
			264.4824
			-6.2805
			-7.6769
			-251.4824
			20.2805
			24.6769
	==================================================================================
	Q6:
		Shape: Hybrid
		q_c:	161.5	36.0	219.0
		ub :	167.1593	41.9131	223.1607
		lb :	155.8407	30.0869	214.8393
		P^-1:
			0.1447	0.0917	0.046
			0.0917	0.1204	0.0383
			0.046	0.0383	0.1065
		A:
			0.4446	-0.1521	0.8827
			0.4807	0.8742	-0.0686
			-0.1902	-0.0143	-0.9816
			-0.8977	-0.4239	0.12
			0.1836	-0.3333	0.9248
			-0.384	-0.9207	-0.0698
		b:
			262.0406
			95.8723
			-244.0283
			-132.2053
			222.7908
			-108.5158


===========================================================================================
===========================================================================================
S7:
	q_c:	165.0	45.0	516.5
	ub :	180.096	59.0681	530.2281
	lb :	148.3558	27.5084	497.2284

	==================================================================================
	Q1:
		Shape: Polyhedra
		q_c:	158.0	35.5	510.5
		ub :	165.6025	43.4916	519.0478
		lb :	150.3975	27.5084	501.9522
		A:
			-0.5558	-0.7495	0.3597
			0.6219	0.6226	0.475
			-0.0295	0.6377	0.7697
			0.3607	0.848	0.3883
			-0.6102	0.6238	0.4884
			0.1271	0.5943	0.7941
			0.4666	0.809	0.3574
			0.8702	-0.3475	-0.3493
			-0.1584	0.474	-0.8662
			-0.4666	-0.809	-0.3574
			-0.8702	0.3475	0.3493
			0.1584	-0.474	0.8662
		b:
			74.1679
			367.0141
			415.6396
			289.3528
			180.3551
			451.2296
			288.9137
			-47.6585
			-444.3697
			-280.9137
			58.6585
			456.3697
	==================================================================================
	Q2:
		Shape: Polyhedra
		q_c:	171.0	53.0	518.0
		ub :	178.8554	59.0681	525.2273
		lb :	163.1446	46.9319	510.7727
		A:
			-0.6632	0.7439	-0.0818
			-0.5172	0.3675	-0.7729
			-0.2404	0.8963	0.3726
			-0.3721	-0.8363	-0.4026
			0.9039	-0.0321	0.4265
			0.6142	0.4489	0.649
			0.7327	0.2002	0.6504
			-0.6326	-0.1519	0.7595
			0.2509	-0.9679	0.0153
			-0.7327	-0.2002	-0.6504
			0.6326	0.1519	-0.7595
			-0.2509	0.9679	-0.0153
		b:
			-111.8436
			-464.9666
			204.0387
			-312.2586
			377.989
			469.0458
			476.806
			283.1792
			4.0516
			-468.806
			-271.1792
			4.9484
	==================================================================================
	Q3:
		Shape: Polyhedra
		q_c:	155.0	38.0	521.0
		ub :	161.6442	46.4745	528.6527
		lb :	148.3558	29.5255	513.3473
		A:
			0.2599	0.8733	0.4121
			-0.6028	-0.7124	0.3592
			-0.8145	0.5289	0.2383
			0.0028	-0.8829	-0.4696
			-0.8936	-0.4486	0.0112
			-0.8991	-0.3116	-0.3075
			0.9029	0.4259	0.0584
			0.2633	-0.6554	0.7079
			0.3398	-0.6238	-0.7039
			-0.9029	-0.4259	-0.0584
			-0.2633	0.6554	-0.7079
			-0.3398	0.6238	0.7039
		b:
			292.0796
			71.7903
			22.3537
			-273.8865
			-145.6956
			-307.1558
			190.5768
			391.7286
			-334.2618
			-182.5768
			-377.7286
			341.2618
	==================================================================================
	Q4:
		Shape: Hybrid
		q_c:	175.0	43.5	524.0
		ub :	180.096	49.0086	530.2281
		lb :	169.904	37.9914	517.7719
		P^-1:
			0.0773	-0.0117	-0.0073
			-0.0117	0.1155	-0.056
			-0.0073	-0.056	0.0888
		A:
			-0.3105	-0.9497	-0.0409
			0.5461	-0.4333	-0.7169
			0.9226	-0.1403	-0.3593
			0.4124	0.8285	-0.3788
			0.9514	-0.0069	0.3078
			0.9568	-0.2487	-0.1506
		b:
			-114.4116
			-296.0961
			-30.6864
			-88.4657
			330.1659
			79.9204
	==================================================================================
	Q5:
		Shape: Polyhedra
		q_c:	166.5	39.0	504.5
		ub :	174.437	46.6341	511.7716
		lb :	158.563	31.3659	497.2284
		A:
			0.8549	0.3038	-0.4205
			0.481	-0.8221	0.3046
			-0.8623	0.4471	0.2378
			0.7954	0.3096	-0.521
			-0.4232	0.7587	0.4953
			-0.9901	-0.1271	0.0592
			0.8645	0.4846	0.1335
			0.4999	-0.8568	-0.1265
			0.0531	0.1761	-0.9829
			-0.8645	-0.4846	-0.1335
			-0.4999	0.8568	0.1265
			-0.0531	-0.1761	0.9829
		b:
			-51.7057
			206.1403
			-1.353
			-112.1015
			213.3528
			-133.7908
			236.6922
			-10.0182
			-474.1859
			-223.6922
			18.0182
			486.1859
	==================================================================================
	Q6:
		Shape: Polyhedra
		q_c:	170.0	42.5	518.5
		ub :	174.3225	48.7974	525.5308
		lb :	165.6775	36.2026	511.4692
		A:
			-0.3235	0.9388	-0.1184
			-0.2826	-0.2146	0.9349
			0.453	-0.8865	-0.0944
			0.4668	0.5613	-0.6834
			-0.4157	0.194	0.8886
			0.5552	0.821	-0.133
			0.0766	0.396	0.9151
			0.2847	0.8709	-0.4007
			-0.9556	0.2912	-0.046
			-0.0766	-0.396	-0.9151
			-0.2847	-0.8709	0.4007
			0.9556	-0.2912	0.046
		b:
			-72.9725
			432.6509
			-5.7979
			-247.2216
			403.6882
			63.9885
			510.3078
			-118.8521
			-170.9314
			-498.3078
			125.8521
			176.9314


===========================================================================================
===========================================================================================
S8:
	q_c:	288.0	132.0	306.0
	ub :	291.1857	135.4166	308.4343
	lb :	286.4385	130.2312	304.3798

	==================================================================================
	Q1:
		Shape: Hybrid
		q_c:	288.5	131.5	306.5
		ub :	290.0498	132.7688	307.6121
		lb :	286.9502	130.2312	305.3879
		P^-1:
			1.4126	-1.2767	0.9354
			-1.2767	3.37	0.4615
			0.9354	0.4615	3.6619
		A:
			-0.0812	0.3504	0.9331
			0.526	-0.7515	-0.3982
			-0.7955	0.4929	0.3524
			0.0468	0.9382	-0.3429
			0.4609	-0.1736	0.8703
			-0.3668	0.9215	0.1274
		b:
			308.9565
			-68.7316
			-55.9731
			32.4513
			377.1479
			54.6459
	==================================================================================
	Q2:
		Shape: Hybrid
		q_c:	289.5	134.0	306.0
		ub :	290.7152	135.4166	307.3321
		lb :	288.2848	132.5834	304.6679
		P^-1:
			1.8865	0.9925	0.9426
			0.9925	2.1113	1.0554
			0.9426	1.0554	2.0022
		A:
			0.8214	-0.0221	0.5699
			-0.0646	-0.751	-0.6571
			0.0691	0.4669	0.8816
			0.1203	0.9927	-0.008
			0.4872	-0.8688	-0.0888
			0.4152	0.8851	0.2102
		b:
			409.7358
			-320.0179
			352.7901
			165.9783
			-1.8411
			303.5193
	==================================================================================
	Q3:
		Shape: Polyhedra
		q_c:	290.0	132.0	307.0
		ub :	291.1857	133.1187	308.2825
		lb :	288.8143	130.8813	305.7175
		A:
			-0.5039	0.657	-0.5608
			0.8215	-0.0541	0.5677
			0.2	0.8864	0.4176
			0.6248	-0.7356	0.2618
			0.2515	-0.3621	-0.8976
			-0.0738	-0.9639	-0.2559
			0.9802	0.0146	0.1975
			-0.1978	0.1104	0.974
			-0.0076	-0.9938	0.1111
			-0.9802	-0.0146	-0.1975
			0.1978	-0.1104	-0.974
			0.0076	0.9938	-0.1111
		b:
			-230.5728
			406.362
			304.1887
			165.4455
			-249.404
			-226.2067
			347.8011
			257.2124
			-98.2837
			-345.8011
			-255.2124
			100.2837
	==================================================================================
	Q4:
		Shape: Ellipse
		q_c:	289.5	133.0	307.0
		ub :	290.667	134.0187	308.2107
		lb :	288.333	131.9813	305.7893
		P^-1:
			1.0141	0.1817	0.0948
			0.1817	3.3468	1.2247
			0.0948	1.2247	1.6391
	==================================================================================
	Q5:
		Shape: Polyhedra
		q_c:	288.5	133.0	305.5
		ub :	289.6668	134.0502	306.6202
		lb :	287.3332	131.9498	304.3798
		A:
			0.2301	-0.414	-0.8807
			0.4056	-0.3978	0.823
			-0.3246	-0.9442	-0.0556
			-0.5969	0.7228	-0.3482
			0.4657	-0.8572	0.22
			-0.6697	0.6469	0.3647
			0.2895	0.6042	0.7424
			0.6908	0.405	-0.599
			-0.6626	0.6862	-0.3001
			-0.2895	-0.6042	-0.7424
			-0.6908	-0.405	0.599
			0.6626	-0.6862	0.3001
		b:
			-257.0686
			316.126
			-235.5099
			-181.9457
			88.0547
			4.8834
			391.1722
			71.175
			-191.0782
			-390.1722
			-69.175
			192.0782
	==================================================================================
	Q6:
		Shape: Polyhedra
		q_c:	288.0	132.0	307.0
		ub :	289.5615	133.3057	308.4343
		lb :	286.4385	130.6943	305.5657
		A:
			-0.782	-0.4746	0.4041
			0.9813	0.1879	0.041
			-0.8358	-0.3887	0.3878
			0.9001	-0.223	0.3743
			0.5898	0.7766	0.2214
			0.3223	0.1661	0.932
			0.3016	0.9407	0.1552
			0.3898	0.0269	-0.9205
			-0.8701	0.3381	-0.3586
			-0.3016	-0.9407	-0.1552
			-0.3898	-0.0269	0.9205
			0.8701	-0.3381	0.3586
		b:
			-162.8053
			321.0247
			-171.9505
			345.7005
			341.3406
			401.852
			259.6601
			-165.7934
			-315.0568
			-257.6601
			167.7934
			317.0568


===========================================================================================
===========================================================================================
S9:
	q_c:	281.0	393.5	202.5
	ub :	302.6637	411.2523	224.8027
	lb :	257.2442	378.2364	175.0855

	==================================================================================
	Q1:
		Shape: Ellipse
		q_c:	266.0	399.0	204.0
		ub :	274.7558	407.5729	212.3715
		lb :	257.2442	390.4271	195.6285
		P^-1:
			0.0462	0.0038	0.0171
			0.0038	0.0335	0.008
			0.0171	0.008	0.0395
	==================================================================================
	Q2:
		Shape: Hybrid
		q_c:	275.0	392.5	209.5
		ub :	280.7236	398.6567	214.3497
		lb :	269.2764	386.3433	204.6503
		P^-1:
			0.0607	0.006	-0.0006
			0.006	0.0419	0.002
			-0.0006	0.002	0.0623
		A:
			0.0043	-0.9993	-0.0366
			0.49	0.5341	0.689
			-0.5423	0.1534	-0.8261
			-0.7642	-0.4761	0.4352
			0.9151	-0.3939	0.0862
			-0.0332	-0.2926	0.9557
		b:
			-395.7917
			490.8214
			-259.8315
			-303.7261
			117.5406
			78.386
	==================================================================================
	Q3:
		Shape: Polyhedra
		q_c:	277.0	398.5	192.0
		ub :	286.8231	409.1171	201.1039
		lb :	267.1769	387.8829	182.8961
		A:
			0.4992	-0.5227	0.6911
			0.6999	-0.4813	-0.5277
			0.1403	0.7772	0.6134
			-0.6069	0.1274	-0.7845
			-0.9629	0.2691	-0.0213
			0.3719	-0.881	-0.2925
			0.3424	0.5472	0.7637
			0.8242	-0.5652	0.0354
			0.4511	0.6173	-0.6445
			-0.3424	-0.5472	-0.7637
			-0.8242	0.5652	-0.0354
			-0.4511	-0.6173	0.6445
		b:
			68.7
			-93.1168
			473.2353
			-261.4487
			-157.5865
			-297.8632
			466.5532
			15.8517
			252.7025
			-452.5532
			-3.8517
			-241.7025
	==================================================================================
	Q4:
		Shape: Polyhedra
		q_c:	296.0	386.0	184.0
		ub :	302.6637	393.7636	192.9145
		lb :	289.3363	378.2364	175.0855
		A:
			0.8982	-0.4324	0.0789
			-0.7536	0.6085	0.2485
			-0.8619	-0.156	0.4824
			0.8199	-0.5517	0.1533
			0.5613	-0.4478	0.696
			0.2714	-0.74	0.6154
			0.1637	0.508	0.8457
			-0.4434	0.8037	-0.3969
			-0.8812	-0.31	0.3568
			-0.1637	-0.508	-0.8457
			0.4434	-0.8037	0.3969
			0.8812	0.31	-0.3568
		b:
			117.4026
			62.0601
			-221.9779
			61.7079
			125.8278
			-88.3284
			407.1433
			109.4333
			-310.3515
			-393.1433
			-102.4333
			319.3515
	==================================================================================
	Q5:
		Shape: Ellipse
		q_c:	282.5	399.5	195.5
		ub :	290.3403	410.5289	206.55
		lb :	274.6597	388.4711	184.45
		P^-1:
			0.0792	-0.0381	-0.0251
			-0.0381	0.0391	0.0114
			-0.0251	0.0114	0.0271
	==================================================================================
	Q6:
		Shape: Polyhedra
		q_c:	285.0	405.5	219.5
		ub :	291.3488	411.2523	224.8027
		lb :	278.6512	399.7477	214.1973
		A:
			0.7301	0.2738	0.6261
			-0.3114	-0.7466	-0.5879
			0.2147	0.7954	0.5668
			-0.3801	-0.5146	-0.7686
			-0.6649	-0.2774	-0.6935
			-0.2258	-0.8275	0.514
			0.5903	0.4109	0.6947
			0.4993	-0.8622	0.0856
			0.6342	0.2964	-0.7141
			-0.5903	-0.4109	-0.6947
			-0.4993	0.8622	-0.0856
			-0.6342	-0.2964	0.7141
		b:
			458.6699
			-518.0303
			510.8518
			-483.4621
			-452.1414
			-282.503
			489.358
			-184.5089
			149.1598
			-485.358
			192.5089
			-139.1598


===========================================================================================
===========================================================================================
S10:
	q_c:	356.0	360.5	126.5
	ub :	361.1437	365.8291	132.3334
	lb :	352.6197	357.226	123.1328

	==================================================================================
	Q1:
		Shape: Polyhedra
		q_c:	357.5	362.5	126.0
		ub :	360.5934	365.8291	128.8672
		lb :	354.4066	359.1709	123.1328
		A:
			0.675	0.5057	0.5373
			-0.5784	0.2084	-0.7887
			0.17	0.6562	0.7352
			-0.4548	-0.0274	0.8902
			0.2623	0.2126	-0.9413
			0.5742	0.7898	0.2155
			0.2262	0.4393	0.8694
			-0.8942	-0.2603	0.3642
			0.3863	-0.8598	0.3339
			-0.2262	-0.4393	-0.8694
			0.8942	0.2603	-0.3642
			-0.3863	0.8598	-0.3339
		b:
			493.9831
			-228.5743
			392.8597
			-58.5539
			54.1405
			520.6382
			351.1414
			-366.1634
			-129.011
			-348.1414
			370.1634
			134.011
	==================================================================================
	Q2:
		Shape: Hybrid
		q_c:	358.5	362.5	126.5
		ub :	361.1437	365.0414	128.4035
		lb :	355.8563	359.9586	124.5965
		P^-1:
			0.4568	0.0739	-0.2351
			0.0739	0.3421	0.0736
			-0.2351	0.0736	0.8956
		A:
			-0.1893	-0.4914	0.8501
			0.5305	-0.2609	-0.8066
			0.5689	-0.2964	-0.7672
			-0.5909	-0.4982	0.6345
			0.0496	0.9153	0.3998
			-0.7189	-0.5265	0.4539
		b:
			-137.5931
			-5.8073
			0.1059
			-311.4309
			401.2187
			-390.3578
	==================================================================================
	Q3:
		Shape: Ellipse
		q_c:	354.5	361.5	130.0
		ub :	356.3803	363.7396	132.3334
		lb :	352.6197	359.2604	127.6666
		P^-1:
			0.7343	-0.1856	0.2063
			-0.1856	0.5633	-0.1321
			0.2063	-0.1321	0.5913
	==================================================================================
	Q4:
		Shape: Ellipse
		q_c:	359.0	358.5	126.5
		ub :	360.9857	359.774	128.8246
		lb :	357.0143	357.226	124.1754
		P^-1:
			0.7797	0.0551	0.3371
			0.0551	0.9862	-0.0843
			0.3371	-0.0843	0.4841
	==================================================================================
	Q5:
		Shape: Polyhedra
		q_c:	355.5	361.0	128.0
		ub :	357.1276	362.2565	128.7589
		lb :	353.8724	359.7435	127.2411
		A:
			-0.8605	-0.4987	0.1044
			-0.787	-0.2064	0.5814
			-0.6386	-0.6442	0.4209
			-0.2718	-0.5176	-0.8113
			-0.3858	-0.743	0.5469
			0.2188	0.9022	0.3718
			0.4649	0.8507	0.2454
			0.8601	-0.4997	0.1028
			0.2101	0.1632	-0.964
			-0.4649	-0.8507	-0.2454
			-0.8601	0.4997	-0.1028
			-0.2101	-0.1632	0.964
		b:
			-471.7268
			-278.9705
			-405.1505
			-386.809
			-334.8686
			451.632
			504.272
			140.045
			10.7143
			-503.272
			-137.045
			-9.7143
	==================================================================================
	Q6:
		Shape: Polyhedra
		q_c:	356.5	360.0	129.5
		ub :	359.4057	362.4733	132.1938
		lb :	353.5943	357.5267	126.8062
		A:
			-0.3953	-0.9184	-0.0142
			-0.9427	0.3124	-0.1169
			0.2876	-0.9546	0.0782
			0.306	-0.4022	-0.8629
			0.4301	0.8141	-0.3902
			-0.8117	0.0769	-0.579
			0.4722	0.4534	0.7559
			-0.474	0.8537	-0.2159
			-0.7432	-0.2564	0.618
			-0.4722	-0.4534	-0.7559
			0.474	-0.8537	0.2159
			0.7432	0.2564	-0.618
		b:
			-471.7502
			-237.0753
			-229.4884
			-145.6959
			397.684
			-335.1318
			430.9647
			111.8768
			-275.1995
			-427.9647
			-108.8768
			279.1995


===========================================================================================
===========================================================================================
S11:
	q_c:	45.5	219.5	199.5
	ub :	73.2196	247.436	227.4877
	lb :	18.3776	198.2109	174.0633

	==================================================================================
	Q1:
		Shape: Polyhedra
		q_c:	62.0	229.5	213.0
		ub :	73.2196	239.9576	225.1328
		lb :	50.7804	219.0424	200.8672
		A:
			-0.2202	0.2749	-0.9359
			-0.7366	-0.1494	-0.6596
			-0.6958	0.4293	-0.5758
			-0.3496	-0.9146	0.203
			0.0236	0.6908	-0.7226
			0.8923	0.4274	-0.1457
			0.4855	0.6191	0.6172
			-0.8313	0.1084	0.5452
			0.2707	-0.7778	0.5673
			-0.4855	-0.6191	-0.6172
			0.8313	-0.1084	-0.5452
			-0.2707	0.7778	-0.5673
		b:
			-143.0886
			-213.1913
			-60.5091
			-181.4198
			12.6434
			129.5516
			311.1595
			96.4567
			-34.386
			-296.1595
			-82.4567
			47.386
	==================================================================================
	Q2:
		Shape: Hybrid
		q_c:	59.5	211.0	187.0
		ub :	72.9232	223.7891	199.9367
		lb :	46.0768	198.2109	174.0633
		P^-1:
			0.0227	0.0024	-0.0113
			0.0024	0.0143	-0.0044
			-0.0113	-0.0044	0.0182
		A:
			-0.925	-0.154	0.3473
			-0.482	-0.8531	0.1995
			0.3561	0.5066	-0.7852
			0.5903	-0.6143	-0.5236
			-0.973	0.1221	0.1959
			-0.7796	0.0884	0.62
		b:
			-19.0725
			-166.3758
			-14.9838
			-187.4082
			8.8112
			91.372
	==================================================================================
	Q3:
		Shape: Hybrid
		q_c:	62.0	236.5	205.0
		ub :	72.6836	247.436	213.6835
		lb :	51.3164	225.564	196.3165
		P^-1:
			0.0443	0.0005	-0.0471
			0.0005	0.0111	-0.0007
			-0.0471	-0.0007	0.0778
		A:
			0.6645	0.3196	-0.6755
			-0.3907	0.2718	0.8795
			0.5115	-0.6043	-0.6109
			0.3232	0.0018	-0.9463
			0.6411	0.357	-0.6794
			0.2413	0.115	-0.9636
		b:
			-18.8679
			223.1338
			-231.6349
			-171.1028
			-12.0887
			-152.3874
	==================================================================================
	Q4:
		Shape: Ellipse
		q_c:	29.5	219.5	188.0
		ub :	40.6224	231.838	198.8469
		lb :	18.3776	207.162	177.1531
		P^-1:
			0.0278	0.0202	-0.0039
			0.0202	0.0292	-0.0033
			-0.0039	-0.0033	0.013
	==================================================================================
	Q5:
		Shape: Polyhedra
		q_c:	37.5	232.0	187.0
		ub :	45.4983	239.3364	196.0422
		lb :	29.5017	224.6636	177.9578
		A:
			-0.5653	0.814	0.1332
			0.7159	-0.3583	0.5992
			-0.5499	0.7431	0.3815
			0.2591	0.3011	-0.9177
			0.7315	0.5863	-0.3481
			-0.5014	0.7692	0.3962
			0.2997	0.5695	0.7654
			0.9197	0.0409	-0.3906
			-0.2537	0.821	-0.5114
			-0.2997	-0.5695	-0.7654
			-0.9197	-0.0409	0.3906
			0.2537	-0.821	0.5114
		b:
			197.6364
			60.7991
			228.4768
			-86.8354
			103.6887
			239.1282
			292.4899
			-23.5535
			89.8152
			-280.4899
			34.5535
			-80.8152
	==================================================================================
	Q6:
		Shape: Hybrid
		q_c:	32.0	215.5	215.0
		ub :	43.574	228.0326	227.4877
		lb :	20.426	202.9674	202.5123
		P^-1:
			0.0224	0.0006	-0.0056
			0.0006	0.0128	0.0032
			-0.0056	0.0032	0.0215
		A:
			-0.1122	0.0973	-0.9889
			-0.4455	-0.2559	0.8579
			0.2107	-0.6743	-0.7078
			-0.6828	-0.5123	0.5208
			-0.5242	0.7924	-0.3119
			0.666	0.363	-0.6517
		b:
			-190.6233
			118.9647
			-286.6648
			-16.0796
			93.2044
			-36.7595


===========================================================================================
===========================================================================================
S12:
	q_c:	509.5	322.0	242.5
	ub :	520.9652	334.5366	254.5744
	lb :	497.1113	305.9321	231.7077

	==================================================================================
	Q1:
		Shape: Ellipse
		q_c:	508.5	316.5	242.0
		ub :	517.405	324.5038	250.3264
		lb :	499.595	308.4962	233.6736
		P^-1:
			0.0386	0.0001	-0.0102
			0.0001	0.0324	-0.003
			-0.0102	-0.003	0.0391
	==================================================================================
	Q2:
		Shape: Ellipse
		q_c:	510.0	328.0	247.5
		ub :	515.7816	334.5366	252.9007
		lb :	504.2184	321.4634	242.0993
		P^-1:
			0.0612	-0.0037	-0.0013
			-0.0037	0.052	-0.0037
			-0.0013	-0.0037	0.0612
	==================================================================================
	Q3:
		Shape: Polyhedra
		q_c:	509.0	327.0	250.5
		ub :	512.603	330.1715	254.5744
		lb :	505.397	323.8285	246.4256
		A:
			0.45	0.8929	0.0153
			-0.6579	0.588	-0.4706
			0.9313	-0.3381	0.1357
			0.6406	0.3422	-0.6874
			0.8022	-0.0937	-0.5896
			-0.4943	-0.3819	0.7809
			0.2465	0.1022	0.9637
			-0.7038	0.7025	0.1055
			-0.6662	-0.7043	0.2451
			-0.2465	-0.1022	-0.9637
			0.7038	-0.7025	-0.1055
			0.6662	0.7043	-0.2451
		b:
			526.9651
			-257.8943
			399.6661
			268.1807
			232.2705
			-178.2131
			403.8336
			-100.1135
			-506.0021
			-396.8336
			104.1135
			510.0021
	==================================================================================
	Q4:
		Shape: Hybrid
		q_c:	514.5	313.0	237.5
		ub :	520.9652	320.0679	243.2923
		lb :	508.0348	305.9321	231.7077
		P^-1:
			0.1028	0.0259	-0.0926
			0.0259	0.0507	-0.0382
			-0.0926	-0.0382	0.1765
		A:
			-0.7318	0.4629	0.5002
			-0.733	-0.0232	0.6798
			-0.1402	-0.213	-0.967
			-0.7486	-0.1287	-0.6504
