3D_50_14_6_d                l = 3

===========================================================================================
===========================================================================================
S1:
	q_c:	274.5	317.0	102.5
	ub :	287.6655	332.0116	120.0438
	lb :	261.6772	309.9487	83.1563

	==================================================================================
	Q1:
		Shape: Hybrid
		q_c:	274.5	328.0	106.5
		ub :	278.2235	330.8809	110.4422
		lb :	270.7765	325.1191	102.5578
		P^-1:
			0.1716	0.0148	0.0673
			0.0148	0.2472	-0.0127
			0.0673	-0.0127	0.1923
		A:
			-0.2643	0.6332	-0.7275
			0.6376	0.0748	0.7667
			-0.4391	-0.3473	0.8286
			0.5686	-0.8223	-0.0239
			-0.7895	0.5307	-0.3084
			-0.2265	0.0545	-0.9725
		b:
			58.692
			282.2231
			-144.5044
			-114.8052
			-74.2254
			-146.649
	==================================================================================
	Q2:
		Shape: Ellipse
		q_c:	274.0	320.5	113.0
		ub :	278.4549	327.5434	120.0438
		lb :	269.5451	313.4566	105.9562
		P^-1:
			0.3658	-0.158	-0.0229
			-0.158	0.1159	0.02
			-0.0229	0.02	0.0451
	==================================================================================
	Q3:
		Shape: Hybrid
		q_c:	280.0	321.0	89.0
		ub :	287.6655	328.3607	94.8437
		lb :	272.3345	313.6393	83.1563
		P^-1:
			0.0615	-0.0202	-0.0269
			-0.0202	0.0617	-0.0226
			-0.0269	-0.0226	0.0932
		A:
			-0.7396	-0.0943	0.6664
			0.3624	0.4384	-0.8225
			-0.505	-0.3407	0.793
			0.0746	-0.8006	0.5945
			-0.1852	0.3426	-0.9211
			0.7858	0.3181	0.5305
		b:
			-176.1914
			170.6067
			-178.5147
			-181.2821
			-21.7185
			374.0749
	==================================================================================
	Q4:
		Shape: Hybrid
		q_c:	269.0	324.5	106.0
		ub :	276.3228	332.0116	111.6381
		lb :	261.6772	316.9884	100.3619
		P^-1:
			0.0754	0.0234	-0.0501
			0.0234	0.0479	-0.0206
			-0.0501	-0.0206	0.1192
		A:
			-0.2578	0.6377	0.7259
			-0.3165	-0.2068	0.9258
			0.6422	-0.0859	-0.7617
			-0.0217	-0.659	0.7518
			-0.4012	0.1387	0.9054
			0.8736	-0.4376	-0.2128
		b:
			217.5522
			-52.6659
			65.9186
			-137.3085
			34.8407
			74.0525
	==================================================================================
	Q5:
		Shape: Polyhedra
		q_c:	276.5	318.0	100.0
		ub :	281.9214	323.6946	105.8147
		lb :	271.0786	312.3054	94.1853
		A:
			-0.9563	0.2756	-0.0977
			0.759	0.5844	-0.2871
			0.9391	-0.3365	0.0695
			-0.968	-0.1559	-0.1968
			-0.8062	0.4533	-0.3802
			0.6543	-0.0052	-0.7562
			0.7841	0.4838	0.3887
			0.2847	-0.8369	0.4674
			0.5515	-0.2558	-0.794
			-0.7841	-0.4838	-0.3887
			-0.2847	0.8369	-0.4674
			-0.5515	0.2558	0.794
		b:
			-183.0957
			370.2866
			163.1168
			-333.7898
			-113.1267
			107.1425
			412.5333
			-136.6781
			-4.7674
			-406.5333
			144.6781
			11.7674
	==================================================================================
	Q6:
		Shape: Ellipse
		q_c:	280.0	313.5	107.0
		ub :	283.5489	317.0513	111.1965
		lb :	276.4511	309.9487	102.8035
		P^-1:
			0.1731	0.0633	0.0337
			0.0633	0.2666	0.1699
			0.0337	0.1699	0.2464


===========================================================================================
===========================================================================================
S2:
	q_c:	232.0	428.0	425.0
	ub :	239.1154	434.5128	434.4935
	lb :	223.065	418.3414	420.2985

	==================================================================================
	Q1:
		Shape: Hybrid
		q_c:	227.5	421.5	431.0
		ub :	230.6785	424.6586	434.4935
		lb :	224.3215	418.3414	427.5065
		P^-1:
			0.3016	0.093	0.0379
			0.093	0.2845	0.1038
			0.0379	0.1038	0.2684
		A:
			-0.0919	-0.261	0.961
			0.9372	0.347	-0.0345
			-0.0046	0.8753	-0.4835
			-0.7668	-0.6176	0.1748
			-0.802	0.2735	-0.531
			-0.952	0.3049	0.0272
		b:
			284.7468
			345.625
			161.1607
			-358.4137
			-294.5839
			-75.0115
	==================================================================================
	Q2:
		Shape: Ellipse
		q_c:	231.5	426.5	425.0
		ub :	234.9476	429.8923	427.6151
		lb :	228.0524	423.1077	422.3849
		P^-1:
			0.113	0.0116	-0.0035
			0.0116	0.2133	-0.1127
			-0.0035	-0.1127	0.3892
	==================================================================================
	Q3:
		Shape: Hybrid
		q_c:	232.5	424.0	428.5
		ub :	236.1433	427.6854	432.457
		lb :	228.8567	420.3146	424.543
		P^-1:
			0.2215	-0.0085	-0.041
			-0.0085	0.1612	0.0057
			-0.041	0.0057	0.1873
		A:
			0.8092	0.513	-0.2865
			0.3653	-0.5619	-0.7421
			0.5858	-0.3963	-0.707
			-0.4543	-0.0868	0.8866
			-0.4141	-0.7305	0.543
			0.537	-0.787	-0.3037
		b:
			284.0809
			-470.1034
			-333.6671
			238.6273
			-171.9727
			-337.6937
	==================================================================================
	Q4:
		Shape: Polyhedra
		q_c:	236.0	422.0	423.5
		ub :	239.1154	424.5084	426.7015
		lb :	232.8846	419.4916	420.2985
		A:
			0.778	0.3445	-0.5254
			0.8817	-0.2438	0.404
			-0.7444	0.1148	-0.6578
			-0.7716	0.2655	0.5781
			0.8378	-0.3495	0.4193
			-0.4975	-0.7109	0.4971
			0.4625	0.6273	0.6266
			0.7824	0.0437	-0.6213
			-0.4171	0.7776	-0.4705
			-0.4625	-0.6273	-0.6266
			-0.7824	-0.0437	0.6213
			0.4171	-0.7776	0.4705
		b:
			108.4768
			278.0154
			-404.0344
			176.7453
			229.4934
			-205.0691
			641.2224
			-58.0125
			31.9208
			-637.2224
			62.0125
			-28.9208
	==================================================================================
	Q5:
		Shape: Hybrid
		q_c:	232.5	431.0	427.5
		ub :	235.5848	434.5128	430.224
		lb :	229.4152	427.4872	424.776
		P^-1:
			0.2303	-0.0254	-0.0342
			-0.0254	0.238	-0.1078
			-0.0342	-0.1078	0.3861
		A:
			-0.3289	0.2801	0.9019
			0.8008	-0.5405	0.2581
			-0.9547	0.158	-0.252
			0.3274	-0.8841	0.3335
			0.792	-0.0628	0.6073
			0.2603	-0.2637	0.9288
		b:
			430.9368
			64.7219
			-260.2533
			-161.2108
			418.0499
			344.8694
	==================================================================================
	Q6:
		Shape: Ellipse
		q_c:	226.5	425.0	424.5
		ub :	229.935	428.5657	427.0333
		lb :	223.065	421.4343	421.9667
		P^-1:
			0.1603	-0.0008	0.0054
			-0.0008	0.1619	-0.013
			0.0054	-0.013	0.2478


===========================================================================================
===========================================================================================
S3:
	q_c:	182.5	427.5	267.0
	ub :	204.3085	454.9456	297.0861
	lb :	153.7681	402.3361	251.1996

	==================================================================================
	Q1:
		Shape: Ellipse
		q_c:	178.5	429.0	265.5
		ub :	193.0133	440.2477	279.8004
		lb :	163.9867	417.7523	251.1996
		P^-1:
			0.0132	-0.0039	-0.003
			-0.0039	0.021	0.0022
			-0.003	0.0022	0.0133
	==================================================================================
	Q2:
		Shape: Hybrid
		q_c:	177.5	442.5	274.5
		ub :	186.0263	452.4603	284.1848
		lb :	168.9737	432.5397	264.8152
		P^-1:
			0.0242	0.0063	0.0045
			0.0063	0.0318	0.006
			0.0045	0.006	0.028
		A:
			0.8608	-0.304	0.4081
			-0.8435	0.528	0.0987
			0.2441	0.8908	-0.3833
			-0.6612	-0.7393	0.1276
			-0.3954	-0.8976	0.1951
			-0.633	-0.4076	-0.6582
		b:
			134.4141
			115.4762
			335.8695
			-406.2148
			-410.5282
			-470.5917
	==================================================================================
	Q3:
		Shape: Hybrid
		q_c:	171.5	410.0	274.5
		ub :	181.2866	417.6639	284.0802
		lb :	161.7134	402.3361	264.9198
		P^-1:
			0.0253	-0.0016	0.0022
			-0.0016	0.0325	-0.0008
			0.0022	-0.0008	0.0267
		A:
			-0.3879	0.1283	0.9127
			-0.3922	0.0051	-0.9199
			-0.1289	0.9893	-0.069
			0.2423	-0.8614	-0.4464
			0.3435	0.0431	0.9382
			0.6791	-0.2913	0.6738
		b:
			240.183
			-314.4256
			367.3053
			-431.1267
			337.3591
			185.0852
	==================================================================================
	Q4:
		Shape: Polyhedra
		q_c:	181.0	437.0	271.5
		ub :	194.5415	449.7432	280.926
		lb :	167.4585	424.2568	262.074
		A:
			-0.2572	0.4958	0.8295
			-0.63	-0.6389	0.4414
			0.0711	0.2725	-0.9595
			-0.4549	-0.2787	-0.8458
			0.361	0.5795	0.7307
			-0.5994	0.1263	0.7904
			0.5747	0.7757	0.2608
			0.7949	-0.6049	0.0476
			0.1946	0.18	-0.9642
			-0.5747	-0.7757	-0.2608
			-0.7949	0.6049	-0.0476
			-0.1946	-0.18	0.9642
		b:
			403.3963
			-266.3935
			-120.9794
			-426.5255
			523.749
			169.6949
			520.3009
			-97.0643
			-140.4216
			-507.3009
			118.0643
			155.4216
	==================================================================================
	Q5:
		Shape: Ellipse
		q_c:	163.0	445.5	264.0
		ub :	172.2319	453.0145	269.1467
		lb :	153.7681	437.9855	258.8533
		P^-1:
			0.0205	0.0158	-0.0092
			0.0158	0.0662	-0.028
			-0.0092	-0.028	0.0894
	==================================================================================
	Q6:
		Shape: Hybrid
		q_c:	189.5	441.5	283.0
		ub :	204.3085	454.9456	297.0861
		lb :	174.6915	428.0544	268.9139
		P^-1:
			0.0133	0.0023	-0.0028
			0.0023	0.0166	-0.0036
			-0.0028	-0.0036	0.0129
		A:
			-0.2493	0.241	0.938
			-0.7659	0.3486	0.5402
			0.8843	0.4487	-0.1289
			-0.164	-0.586	0.7935
			0.1318	-0.9913	0.0015
			0.8394	0.4326	-0.329
		b:
			330.3074
			166.9624
			333.8044
			-61.1694
			-407.5632
			261.1225


===========================================================================================
===========================================================================================
S4:
	q_c:	20.0	253.0	111.5
	ub :	43.5046	280.9805	134.5567
	lb :	2.2273	237.4707	92.3325

	==================================================================================
	Q1:
		Shape: Hybrid
		q_c:	16.0	247.0	116.5
		ub :	25.045	256.5293	126.0398
		lb :	6.955	237.4707	106.9602
		P^-1:
			0.035	-0.0054	-0.0027
			-0.0054	0.0318	0.002
			-0.0027	0.002	0.0288
		A:
			-0.5748	0.2188	-0.7885
			0.6362	0.0101	-0.7714
			-0.0226	-0.0932	0.9954
			-0.2408	-0.3895	0.889
			-0.9721	-0.1677	0.1642
			0.9034	-0.4066	0.1361
		b:
			-43.6263
			-74.1724
			96.0356
			6.9684
			-34.8117
			-67.3962
	==================================================================================
	Q2:
		Shape: Polyhedra
		q_c:	34.5	249.0	100.0
		ub :	43.5046	258.2954	107.6675
		lb :	25.4954	239.7046	92.3325
		A:
			0.13	0.138	0.9819
			0.537	-0.2507	-0.8055
			-0.7094	0.1013	0.6975
			-0.7121	0.6446	-0.2783
			0.1752	-0.8467	0.5023
			0.15	0.2742	-0.9499
			0.5404	0.6943	0.4752
			0.4134	0.2728	-0.8687
			-0.7328	0.6659	-0.1397
			-0.5404	-0.6943	-0.4752
			-0.4134	-0.2728	0.8687
			0.7328	-0.6659	0.1397
		b:
			142.6954
			-119.994
			74.6161
			112.623
			-149.9666
			-17.3607
			246.5581
			-0.6883
			131.0721
			-231.5581
			8.6883
			-122.0721
	==================================================================================
	Q3:
		Shape: Polyhedra
		q_c:	15.0	259.0	126.0
		ub :	22.358	269.3816	134.5567
		lb :	7.642	248.6184	117.4433
		A:
			0.8557	-0.3434	-0.387
			0.4646	0.1779	0.8675
			0.8739	-0.4621	0.1507
			-0.7018	-0.1979	-0.6843
			-0.5149	0.1382	0.846
			0.6411	-0.0099	0.7674
			0.3367	0.2766	0.9001
			-0.9108	0.3383	0.2368
			-0.239	-0.8995	0.3658
			-0.3367	-0.2766	-0.9001
			0.9108	-0.3383	-0.2368
			0.239	0.8995	-0.3658
		b:
			-120.8353
			167.3269
			-83.0507
			-143.1075
			139.6589
			108.6896
			195.0921
			107.784
			-181.9622
			-185.0921
			-99.784
			198.9622
	==================================================================================
	Q4:
		Shape: Ellipse
		q_c:	16.0	272.0	122.5
		ub :	26.785	280.9805	132.9848
		lb :	5.215	263.0195	112.0152
		P^-1:
			0.0235	-0.0007	-0.0036
			-0.0007	0.0277	-0.0006
			-0.0036	-0.0006	0.0248
	==================================================================================
	Q5:
		Shape: Polyhedra
		q_c:	16.5	265.5	119.0
		ub :	24.7112	273.0815	127.1616
		lb :	8.2888	257.9185	110.8384
		A:
			-0.3613	0.9162	-0.1736
			-0.7655	-0.6432	-0.0172
			-0.972	-0.2254	0.0662
			-0.0349	0.3557	0.9339
			0.2506	0.8547	0.4546
			0.5912	-0.2749	-0.7582
			0.5582	0.3327	0.7601
			-0.6409	0.7546	0.1404
			-0.5269	-0.5656	0.6345
			-0.5582	-0.3327	-0.7601
			0.6409	-0.7546	-0.1404
			0.5269	0.5656	-0.6345
		b:
			220.5874
			-179.9565
			-62.8689
			210.21
			290.1429
			-148.8211
			193.4821
			209.9906
			-77.8539
			-182.4821
			-202.9906
			88.8539
	==================================================================================
	Q6:
		Shape: Hybrid
		q_c:	12.0	258.0	116.0
		ub :	21.7727	267.89	125.44
		lb :	2.2273	248.11	106.56
		P^-1:
			0.0417	0.0035	-0.0185
			0.0035	0.0333	0.0146
			-0.0185	0.0146	0.0413
		A:
			-0.403	0.6614	0.6326
			-0.421	-0.8905	0.1725
			-0.8924	0.0888	0.4424
			-0.9023	-0.4254	-0.0701
			-0.3118	-0.7007	-0.6417
			-0.8227	0.4995	0.2714
		b:
			241.5378
			-211.0505
			65.9827
			-125.5272
			-256.0541
			154.097


===========================================================================================
===========================================================================================
S5:
	q_c:	271.0	266.0	75.0
	ub :	296.3924	296.4621	95.3222
	lb :	248.2427	237.7297	44.6555

	==================================================================================
	Q1:
		Shape: Hybrid
		q_c:	268.5	273.5	58.0
		ub :	281.5385	284.663	71.3445
		lb :	255.4615	262.337	44.6555
		P^-1:
			0.0138	-0.0021	-0.0026
			-0.0021	0.0192	-0.0021
			-0.0026	-0.0021	0.0162
		A:
			-0.3572	-0.9311	0.0734
			0.644	-0.1851	-0.7423
			0.6351	0.5163	-0.5745
			0.0101	0.5668	0.8238
			-0.5343	0.8037	0.2619
			-0.853	0.4591	-0.2481
		b:
			-341.955
			83.2395
			282.5357
			210.3853
			95.2969
			-113.1803
	==================================================================================
	Q2:
		Shape: Hybrid
		q_c:	286.0	250.0	84.0
		ub :	296.3924	262.2703	95.3222
		lb :	275.6076	237.7297	72.6778
		P^-1:
			0.0254	-0.0045	-0.008
			-0.0045	0.023	0.0108
			-0.008	0.0108	0.0244
		A:
			-0.5922	-0.2083	-0.7784
			-0.7738	0.3385	0.5354
			-0.1232	-0.9849	-0.1214
			-0.7091	-0.216	0.6712
			0.0205	0.7697	-0.638
			-0.5214	-0.2696	-0.8096
		b:
			-281.7845
			-88.9322
			-287.0627
			-196.2522
			151.0721
			-279.6635
	==================================================================================
	Q3:
		Shape: Hybrid
		q_c:	252.0	262.5	65.0
		ub :	255.7573	273.9619	77.2455
		lb :	248.2427	251.0381	52.7545
		P^-1:
			0.0816	-0.0016	0.0
			-0.0016	0.01	0.0002
			0.0	0.0002	0.0083
		A:
			-0.8728	0.1668	0.4587
			-0.944	-0.1588	0.2892
			-0.9864	-0.1368	-0.0914
			0.9936	0.0994	0.0539
			-0.9529	-0.1895	0.2368
			-0.9177	-0.2137	0.3348
		b:
			-142.0582
			-257.5726
			-288.2627
			281.9577
			-271.4821
			-261.9038
	==================================================================================
	Q4:
		Shape: Ellipse
		q_c:	279.5	284.0	69.0
		ub :	291.0059	296.4621	82.5079
		lb :	267.9941	271.5379	55.4921
		P^-1:
			0.0164	0.0009	0.0022
			0.0009	0.0103	0.0009
			0.0022	0.0009	0.0135
	==================================================================================
	Q5:
		Shape: Hybrid
		q_c:	281.5	256.0	69.5
		ub :	295.0081	269.0582	81.4869
		lb :	267.9919	242.9418	57.5131
		P^-1:
			0.0284	-0.0201	-0.0027
			-0.0201	0.03	-0.0051
			-0.0027	-0.0051	0.0179
		A:
			-0.3785	0.6788	-0.6293
			-0.9383	0.3457	-0.0072
			0.5251	-0.7326	0.4331
			-0.113	0.3171	-0.9416
			0.7626	-0.4141	0.497
			-0.1509	0.7622	-0.6295
		b:
			26.8842
			-171.9403
			-6.8843
			-11.0089
			147.9097
			112.6825
	==================================================================================
	Q6:
		Shape: Ellipse
		q_c:	281.5	278.5	63.0
		ub :	291.9908	288.3817	74.3665
		lb :	271.0092	268.6183	51.6335
		P^-1:
			0.046	-0.0244	0.0224
			-0.0244	0.033	-0.0183
			0.0224	-0.0183	0.0321


===========================================================================================
===========================================================================================
S6:
	q_c:	240.0	294.5	74.0
	ub :	256.7604	306.757	91.153
	lb :	221.7819	278.9742	61.1173

	==================================================================================
	Q1:
		Shape: Polyhedra
		q_c:	248.0	288.0	69.0
		ub :	255.4869	295.2741	75.5102
		lb :	240.5131	280.7259	62.4898
		A:
			-0.4251	-0.1305	0.8957
			-0.2895	0.7348	0.6134
			0.6433	-0.2601	-0.7201
			0.5578	-0.5629	0.6099
			-0.7777	-0.131	-0.6148
			-0.7888	0.0411	-0.6133
			0.1768	0.3731	0.9108
			-0.6015	0.7734	-0.2
			-0.7791	-0.5125	0.3612
			-0.1768	-0.3731	-0.9108
			0.6015	-0.7734	0.2
			0.7791	0.5125	-0.3612
		b:
			-76.0909
			185.9635
			39.7522
			21.9459
			-268.6514
			-221.9351
			218.1394
			63.2788
			-309.8794
			-210.1394
			-56.2788
			321.8794
	==================================================================================
	Q2:
		Shape: Hybrid
		q_c:	232.0	295.5	82.0
		ub :	239.9799	304.369	91.153
		lb :	224.0201	286.631	72.847
		P^-1:
			0.0427	-0.017	0.0032
			-0.017	0.0455	-0.0069
			0.0032	-0.0069	0.0225
		A:
			0.3929	-0.8284	-0.3993
			0.1038	0.9725	-0.2086
			-0.7157	0.1449	0.6832
			-0.4099	-0.8496	0.3319
			0.8609	0.04	-0.5073
			0.6913	-0.7123	0.1213
		b:
			-183.0459
			297.5312
			-63.1584
			-315.2286
			173.747
			-38.1532
	==================================================================================
	Q3:
		Shape: Hybrid
		q_c:	228.0	299.0	67.0
		ub :	234.2181	305.0936	71.3692
		lb :	221.7819	292.9064	62.6308
		P^-1:
			0.0721	0.0387	-0.0448
			0.0387	0.1158	-0.0805
			-0.0448	-0.0805	0.174
		A:
			0.9262	0.2428	0.2884
			0.0622	-0.2258	-0.9722
			0.156	-0.4443	0.8822
			0.496	0.673	-0.5487
			-0.2267	0.3933	-0.891
			-0.8056	-0.5925	0.0057
		b:
			306.2219
			-116.1358
			-36.4941
			278.8192
			8.0484
			-357.9209
	==================================================================================
	Q4:
		Shape: Polyhedra
		q_c:	249.0	286.5	72.5
		ub :	256.7604	294.0258	78.9747
		lb :	241.2396	278.9742	66.0253
		A:
			-0.365	-0.2893	-0.8849
			0.4671	0.0638	-0.8819
			-0.978	0.0961	0.1854
			-0.664	0.523	0.5344
			0.758	0.3418	-0.5555
			-0.5482	0.042	0.8353
			0.143	0.7505	0.6452
			0.3169	0.5828	-0.7482
			-0.9376	0.3115	-0.1545
			-0.143	-0.7505	-0.6452
			-0.3169	-0.5828	0.7482
			0.9376	-0.3115	0.1545
		b:
			-232.9104
			74.5167
			-196.4566
			28.9113
			250.6322
			-59.6518
			302.4168
			194.6438
			-148.92
			-292.4168
			-188.6438
			161.92
	==================================================================================
	Q5:
		Shape: Hybrid
		q_c:	234.5	292.0	80.0
		ub :	240.7787	298.5647	85.3875
		lb :	228.2213	285.4353	74.6125
		P^-1:
			0.1304	-0.0308	-0.092
			-0.0308	0.058	-0.0001
			-0.092	-0.0001	0.1763
		A:
			0.9819	-0.0884	-0.1675
			-0.5579	-0.3398	0.7572
			0.1671	0.6184	0.7679
			-0.7926	0.5247	0.3105
			-0.5099	-0.1401	0.8487
			-0.7069	0.556	0.4373
		b:
			193.3965
			-167.817
			284.8913
			-6.146
			-91.4241
			33.2048
	==================================================================================
	Q6:
		Shape: Hybrid
		q_c:	238.5	297.5	71.5
		ub :	248.3998	306.757	81.8827
		lb :	228.6002	288.243	61.1173
		P^-1:
			0.0242	-0.0023	0.0017
			-0.0023	0.034	-0.0075
			0.0017	-0.0075	0.0291
		A:
			-0.4553	0.6682	0.5884
			-0.9987	-0.0493	-0.0162
			0.2023	0.9086	-0.3653
			0.6501	-0.4452	0.6157
			0.6732	-0.7391	-0.0206
			-0.7655	-0.4939	0.4123
		b:
			136.1553
			-250.0297
			295.2711
			69.6363
			-57.4771
			-296.379


===========================================================================================
===========================================================================================
S7:
	q_c:	411.0	168.5	497.0
	ub :	425.1877	177.5332	505.1199
	lb :	404.2883	157.8843	484.1041

	==================================================================================
	Q1:
		Shape: Polyhedra
		q_c:	408.5	162.5	492.0
		ub :	412.7117	166.9225	496.1442
		lb :	404.2883	158.0775	487.8558
		A:
			0.9078	-0.2177	-0.3584
			0.2997	0.2416	-0.9229
			-0.8083	-0.0764	0.5838
			-0.8853	0.1567	-0.4379
			-0.7621	-0.6231	0.1761
			-0.7222	0.2904	0.6278
			0.5841	0.0556	0.8098
			-0.7991	-0.1354	0.5857
			0.1423	-0.9892	-0.0346
			-0.5841	-0.0556	-0.8098
			0.7991	0.1354	-0.5857
			-0.1423	0.9892	0.0346
		b:
			161.5523
			-289.7567
			-53.3937
			-548.2915
			-323.1005
			63.5407
			649.5556
			-58.2548
			-115.6828
			-642.5556
			62.2548
			123.6828
	==================================================================================
	Q2:
		Shape: Ellipse
		q_c:	416.5	172.0	490.0
		ub :	421.539	177.5332	495.8959
		lb :	411.461	166.4668	484.1041
		P^-1:
			0.0806	0.0038	-0.0022
			0.0038	0.0681	0.0078
			-0.0022	0.0078	0.0771
	==================================================================================
	Q3:
		Shape: Polyhedra
		q_c:	414.5	168.0	500.0
		ub :	420.0594	173.1744	505.1199
		lb :	408.9406	162.8256	494.8801
		A:
			0.0474	0.0984	0.994
			0.6452	0.1835	0.7416
			-0.2851	-0.9064	0.3118
			-0.1966	-0.8537	0.4822
			0.9902	0.0863	-0.1094
			-0.5303	0.1803	0.8284
			0.2246	0.5373	0.8129
			-0.4269	0.8042	-0.4136
			-0.876	-0.2541	0.41
			-0.2246	-0.5373	-0.8129
			0.4269	-0.8042	0.4136
			0.876	0.2541	-0.41
		b:
			536.0449
			671.971
			-110.9046
			19.8262
			374.2001
			228.1096
			592.3198
			-245.1517
			-196.7965
			-587.3198
			252.1517
			204.7965
	==================================================================================
	Q4:
		Shape: Polyhedra
		q_c:	418.5	164.0	492.5
		ub :	423.5552	169.5418	496.9458
		lb :	413.4448	158.4582	488.0542
		A:
			-0.5704	-0.6974	-0.4338
			0.6519	-0.6012	0.4621
			0.2642	-0.9498	0.1677
			0.9721	-0.2316	0.0378
			-0.9601	0.0523	0.2748
			0.0048	0.9296	-0.3685
			0.75	0.6056	0.2659
			0.6596	-0.6554	-0.3679
			-0.0486	0.4513	-0.891
			-0.75	-0.6056	-0.2659
			-0.6596	0.6554	0.3679
			0.0486	-0.4513	0.891
		b:
			-563.2627
			404.8708
			40.613
			390.9097
			-254.4009
			-24.0261
			547.6494
			-9.1143
			-382.6452
			-540.6494
			16.1143
			387.6452
	==================================================================================
	Q5:
		Shape: Ellipse
		q_c:	419.5	165.5	499.5
		ub :	423.4729	170.1438	503.9232
		lb :	415.5271	160.8562	495.0768
		P^-1:
			0.6147	-0.4413	0.1424
			-0.4413	0.4334	-0.0563
			0.1424	-0.0563	0.1613
	==================================================================================
	Q6:
		Shape: Ellipse
		q_c:	419.5	163.5	496.5
		ub :	425.1877	169.1157	501.7531
		lb :	413.8123	157.8843	491.2469
		P^-1:
			0.0853	0.0058	-0.0078
			0.0058	0.091	-0.0124
			-0.0078	-0.0124	0.0981


===========================================================================================
===========================================================================================
S8:
	q_c:	100.5	266.5	432.5
	ub :	113.0061	280.9525	443.9875
	lb :	93.8306	258.0077	422.9131

	==================================================================================
	Q1:
		Shape: Polyhedra
		q_c:	98.5	269.0	425.0
		ub :	100.6828	271.3444	427.0869
		lb :	96.3172	266.6556	422.9131
		A:
			0.0942	0.9085	0.4072
			-0.8243	-0.5237	0.2151
			0.788	-0.5037	0.3541
			0.0057	0.8134	-0.5817
			0.1332	0.9847	0.1125
			-0.619	0.1896	-0.7621
			0.615	0.4331	0.659
			-0.717	0.655	0.2386
			-0.3282	-0.6192	0.7133
			-0.615	-0.4331	-0.659
			0.717	-0.655	-0.2386
			0.3282	0.6192	-0.7133
		b:
			427.9787
			-129.2969
			94.0173
			-26.3659
			327.1526
			-332.6565
			458.1428
			208.4832
			105.7433
			-456.1428
			-205.4832
			-102.7433
	==================================================================================
	Q2:
		Shape: Hybrid
		q_c:	107.5	270.5	432.0
		ub :	113.0061	274.0102	437.8833
		lb :	101.9939	266.9898	426.1167
		P^-1:
			0.1151	-0.009	0.0563
			-0.009	0.1138	-0.0066
			0.0563	-0.0066	0.0822
		A:
			-0.9155	0.1583	-0.3699
			-0.9225	0.2671	-0.2785
			-0.037	-0.7612	0.6475
			0.5348	-0.6726	0.5115
			-0.3086	0.7927	-0.5258
			0.7499	-0.3667	0.5507
		b:
			-213.8872
			-145.6171
			72.1864
			97.9397
			-44.2482
			220.5566
	==================================================================================
	Q3:
		Shape: Hybrid
		q_c:	101.5	263.5	439.0
		ub :	105.5823	267.3571	443.2273
		lb :	97.4177	259.6429	434.7727
		P^-1:
			0.192	-0.0197	-0.0615
			-0.0197	0.145	-0.0127
			-0.0615	-0.0127	0.1841
		A:
			0.3508	0.8946	-0.2766
			-0.7552	-0.0802	0.6506
			0.3325	-0.7795	-0.5309
			0.1669	-0.9298	-0.3279
			0.2029	0.3899	0.8982
			-0.436	0.1989	-0.8777
		b:
			151.5005
			188.849
			-403.2364
			-370.3965
			519.4427
			-375.4469
	==================================================================================
	Q4:
		Shape: Hybrid
		q_c:	104.0	264.0	438.5
		ub :	109.9259	269.9923	441.8225
		lb :	98.0741	258.0077	435.1775
		P^-1:
			0.0688	-0.0233	0.0235
			-0.0233	0.0793	-0.0457
			0.0235	-0.0457	0.2328
		A:
			-0.3182	-0.897	0.3068
			-0.2579	-0.3459	0.9021
			-0.1568	-0.1978	-0.9676
			-0.7199	0.231	-0.6545
			0.2536	0.0538	-0.9658
			0.4853	-0.2152	-0.8475
		b:
			-132.414
			278.958
			-491.2586
			-299.0007
			-381.5013
			-375.9946
	==================================================================================
	Q5:
		Shape: Hybrid
		q_c:	102.5	265.0	440.0
		ub :	106.3525	268.4063	443.9875
		lb :	98.6475	261.5937	436.0125
		P^-1:
			0.194	0.0308	0.0309
			0.0308	0.1879	0.028
			0.0309	0.028	0.1881
		A:
			-0.1153	0.8978	-0.4251
			0.2724	-0.5875	0.762
			0.6233	-0.7349	0.2673
			0.731	-0.6524	-0.2001
			-0.9505	-0.1634	-0.2643
			0.4202	0.8918	0.1674
		b:
			40.5264
			208.9878
			-11.7588
			-184.4774
			-255.8558
			354.2178
	==================================================================================
	Q6:
		Shape: Polyhedra
		q_c:	98.5	275.0	437.5
		ub :	103.1694	280.9525	443.6444
		lb :	93.8306	269.0475	431.3556
		A:
			-0.9191	0.3862	-0.0785
			-0.7141	0.1002	0.6928
			-0.2829	0.5794	0.7644
			0.0802	-0.8819	0.4645
			0.9025	0.4254	-0.0677
			0.932	0.3625	-0.0035
			0.2486	0.4274	0.8692
			-0.1825	0.902	-0.3913
			-0.9513	-0.0614	0.3022
			-0.2486	-0.4274	-0.8692
			0.1825	-0.902	0.3913
			0.9513	0.0614	-0.3022
		b:
			-15.158
			263.5674
			469.7298
			-26.9245
			179.4907
			193.1791
			526.3014
			63.3731
			24.6491
			-518.3014
			-54.3731
			-18.6491


===========================================================================================
===========================================================================================
S9:
	q_c:	100.5	97.0	124.0
	ub :	112.505	109.7412	136.3278
	lb :	87.4573	83.3355	109.6894

	==================================================================================
	Q1:
		Shape: Hybrid
		q_c:	94.5	90.5	123.0
		ub :	100.9571	97.6645	128.2727
		lb :	88.0429	83.3355	117.7273
		P^-1:
			0.0533	0.011	0.0019
			0.011	0.0519	-0.0089
			0.0019	-0.0089	0.0789
		A:
			-0.7915	-0.0417	0.6097
			0.2409	0.9512	-0.1928
			-0.741	-0.595	0.3113
			-0.4976	0.6946	0.5195
			0.4228	0.792	0.4404
			0.0777	0.6829	-0.7264
		b:
			-1.1256
			87.5648
			-83.4421
			82.8453
			168.2231
			-18.2366
	==================================================================================
	Q2:
		Shape: Hybrid
		q_c:	97.0	99.5	114.5
		ub :	100.7852	102.3437	119.3106
		lb :	93.2148	96.6563	109.6894
		P^-1:
			0.3533	0.0402	-0.159
			0.0402	0.1679	-0.0246
			-0.159	-0.0246	0.1326
		A:
			0.5632	0.4676	-0.6813
			-0.343	-0.8552	0.3887
			-0.8888	0.4506	-0.0842
			0.943	-0.2561	-0.2123
			0.4383	0.6303	0.6408
			-0.8335	0.5514	-0.0356
		b:
			24.5624
			-72.3455
			-49.0143
			42.9246
			181.6972
			-28.1768
	==================================================================================
	Q3:
		Shape: Polyhedra
		q_c:	92.0	104.0	122.5
		ub :	96.5427	109.7412	128.1093
		lb :	87.4573	98.2588	116.8907
		A:
			0.4852	0.2362	0.8419
			0.2223	0.9691	0.1068
			-0.3409	0.378	0.8608
			0.1279	0.9519	0.2784
			0.0684	0.8102	0.5822
			0.6284	0.1212	0.7684
			0.5874	0.6016	0.5413
			0.0625	0.6331	-0.7716
			-0.8068	0.4871	0.3343
			-0.5874	-0.6016	-0.5413
			-0.0625	-0.6331	0.7716
			0.8068	-0.4871	-0.3343
		b:
			175.2316
			137.4567
			116.7941
			147.8761
			164.6982
			167.4928
			185.4176
			-18.9234
			20.8754
			-180.4176
			26.9234
			-13.8754
	==================================================================================
	Q4:
		Shape: Hybrid
		q_c:	97.5	92.0	122.5
		ub :	102.9933	96.0282	128.0167
		lb :	92.0067	87.9718	116.9833
		P^-1:
			0.1033	-0.053	-0.0516
			-0.053	0.1629	0.0654
			-0.0516	0.0654	0.1279
		A:
			0.3713	-0.7749	0.5116
			-0.9393	0.0585	0.3381
			-0.1286	-0.4928	0.8606
			0.3006	-0.7492	-0.5903
			0.2428	-0.6778	-0.694
			0.0756	-0.9944	0.074
		b:
			30.0612
			-42.6453
			50.0776
			-110.8501
			-122.5237
			-73.1494
	==================================================================================
	Q5:
		Shape: Polyhedra
		q_c:	107.5	103.5	132.0
		ub :	112.505	106.4024	136.3278
		lb :	102.495	100.5976	127.6722
		A:
			-0.2215	0.1421	-0.9647
			-0.3595	-0.8497	-0.3858
			0.4141	0.1261	0.9014
			0.2863	-0.4111	0.8655
			0.3429	-0.678	0.6502
			-0.6775	0.4784	0.5586
			0.9168	0.2594	0.3037
			0.1965	-0.955	0.2223
			0.3477	-0.1441	-0.9265
			-0.9168	-0.2594	-0.3037
			-0.1965	0.955	-0.2223
			-0.3477	0.1441	0.9265
		b:
			-133.3782
			-174.4743
			180.0403
			105.2059
			54.6997
			53.3047
			169.4913
			-46.8637
			-96.8302
			-161.4913
			49.8637
			102.8302
	==================================================================================
	Q6:
		Shape: Polyhedra
		q_c:	105.5	94.0	125.0
		ub :	110.234	100.9321	131.3685
		lb :	100.766	87.0679	118.6315
		A:
			0.7014	0.2326	-0.6737
			0.2824	-0.4757	0.833
			0.2324	-0.7634	0.6027
			0.378	-0.8779	0.2941
			0.4868	0.5685	-0.6632
			-0.2197	0.6696	-0.7095
			0.0736	0.7402	0.6684
			0.1091	0.6602	-0.7431
			-0.9913	0.1276	-0.0322
			-0.0736	-0.7402	-0.6684
			-0.1091	-0.6602	0.7431
			0.9913	-0.1276	0.0322
		b:
			15.3002
			92.5646
			31.3133
			-1.9277
			25.0759
			-45.7924
			166.8855
			-16.3161
			-92.6126
			-154.8855
			22.3161
			100.6126


===========================================================================================
===========================================================================================
S10:
	q_c:	437.5	412.5	9.5
	ub :	451.2494	426.3423	22.462
	lb :	428.1779	399.4993	-1.6985

	==================================================================================
	Q1:
		Shape: Hybrid
		q_c:	440.5	419.5	6.5
		ub :	446.1738	426.3423	11.1388
		lb :	434.8262	412.6577	1.8612
		P^-1:
			0.1496	0.0362	-0.0743
			0.0362	0.0461	0.0081
			-0.0743	0.0081	0.1932
		A:
			-0.4719	-0.3041	0.8276
			-0.8617	-0.4049	0.3058
			-0.9883	-0.1396	0.0615
			-0.0819	-0.1116	-0.9904
			-0.7775	-0.3938	0.4903
			0.8536	0.293	-0.4306
		b:
			-328.5388
			-546.0081
			-491.576
			-87.6767
			-503.1348
			497.4095
	==================================================================================
	Q2:
		Shape: Polyhedra
		q_c:	447.0	415.0	7.0
		ub :	451.2494	419.6873	10.9086
		lb :	442.7506	410.3127	3.0914
		A:
			0.0304	-0.5833	-0.8117
			-0.2282	0.7919	-0.5664
			-0.0883	0.2158	0.9724
			0.6748	0.6886	-0.2653
			0.2699	0.6701	-0.6915
			-0.2399	0.0185	0.9706
			0.4044	0.0397	0.9137
			-0.9146	0.0266	0.4036
			-0.0083	-0.9989	0.0471
			-0.4044	-0.0397	-0.9137
			0.9146	-0.0266	-0.4036
			0.0083	0.9989	-0.0471
		b:
			-230.7879
			226.5839
			59.7373
			589.5967
			397.7093
			-89.8492
			206.1122
			-391.4274
			-413.4203
			-201.1122
			398.4274
			422.4203
	==================================================================================
	Q3:
		Shape: Polyhedra
		q_c:	436.5	419.0	16.0
		ub :	441.7989	424.6767	21.4659
		lb :	431.2011	413.3233	10.5341
		A:
			-0.3499	-0.9065	0.2364
			-0.7795	-0.1737	0.6018
			-0.6902	0.318	0.65
			0.4683	-0.7797	-0.4157
			-0.8372	0.4252	0.3439
			0.5276	-0.6305	-0.5692
			0.5631	0.5579	0.6097
			-0.3289	-0.5255	0.7846
			0.7581	-0.6424	-0.1124
			-0.5631	-0.5579	-0.6097
			0.3289	0.5255	-0.7846
			-0.7581	0.6424	0.1124
		b:
			-525.1795
			-400.1672
			-154.7119
			-126.1058
			-179.1448
			-40.1159
			493.2893
			-347.709
			62.4783
			-485.2893
			354.709
			-57.4783
	==================================================================================
	Q4:
		Shape: Polyhedra
		q_c:	434.5	411.0	15.5
		ub :	440.8221	416.1955	21.5065
		lb :	428.1779	405.8045	9.4935
		A:
			0.2748	-0.4398	0.855
			-0.059	-0.6727	0.7376
			-0.9167	0.2009	-0.3455
			-0.6324	-0.084	0.7701
			0.92	-0.3829	-0.0837
			0.3355	-0.2668	0.9035
			0.6612	0.3626	0.6567
			-0.6772	-0.0881	0.7305
			0.3228	-0.9278	0.1872
			-0.6612	-0.3626	-0.6567
			0.6772	0.0881	-0.7305
			-0.3228	0.9278	-0.1872
		b:
			-44.3012
			-286.5065
			-317.5538
			-292.8711
			245.1246
			53.7613
			449.513
			-314.6418
			-234.1725
			-443.513
			323.6418
			242.1725
	==================================================================================
	Q5:
		Shape: Polyhedra
		q_c:	436.5	405.0	16.0
		ub :	442.4797	410.5007	22.462
		lb :	430.5203	399.4993	9.538
		A:
			-0.4574	-0.2524	-0.8527
			0.7129	-0.2686	0.6478
			0.2785	-0.068	0.958
			-0.6468	0.7616	0.0416
			0.0842	-0.9897	0.1159
			-0.6569	0.6083	0.4455
			0.1768	0.7948	0.5806
			-0.3021	0.6053	-0.7365
			-0.9368	-0.0452	0.3471
			-0.1768	-0.7948	-0.5806
			0.3021	-0.6053	0.7365
			0.9368	0.0452	-0.3471
		b:
			-311.6743
			216.5136
			113.018
			30.7773
			-358.4571
			-28.988
			412.3283
			104.9945
			-417.1398
			-404.3283
			-97.9945
			426.1398
	==================================================================================
	Q6:
		Shape: Polyhedra
		q_c:	435.5	406.5	2.0
		ub :	440.5835	410.4224	5.6985
		lb :	430.4165	402.5776	-1.6985
		A:
			0.5691	-0.4881	0.6617
			0.0031	-0.7342	-0.679
			-0.646	0.5489	0.5304
			-0.1096	-0.6862	0.7191
			-0.6096	0.7744	0.1694
			0.0154	-0.9973	-0.0725
			0.9142	0.3664	0.1729
			-0.1684	-0.0444	0.9847
			0.3685	-0.9294	0.0211
			-0.9142	-0.3664	-0.1729
			0.1684	0.0444	-0.9847
			-0.3685	0.9294	-0.0211
		b:
			53.7896
			-295.4957
			-54.3262
			-322.3645
			52.3096
			-396.0962
			551.4527
			-86.4315
			-214.7649
			-543.4527
			92.4315
			219.7649


===========================================================================================
===========================================================================================
S11:
	q_c:	155.0	264.0	292.0
	ub :	178.1659	279.5461	317.559
	lb :	136.3467	243.7051	279.7426

	==================================================================================
	Q1:
		Shape: Hybrid
		q_c:	171.0	259.0	290.0
		ub :	178.1659	265.8773	294.9819
		lb :	163.8341	252.1227	285.0181
		P^-1:
			0.0739	0.0314	-0.0706
			0.0314	0.0691	-0.0654
			-0.0706	-0.0654	0.1869
		A:
			0.224	0.6039	-0.7649
			-0.5622	-0.1554	0.8123
			0.5188	0.0906	-0.8501
			0.5788	0.7105	0.4003
			0.7212	0.349	-0.5984
			-0.7477	0.0172	0.6639
		b:
			-25.6945
			100.5224
			-132.9036
			403.0182
			41.8847
			71.2542
	==================================================================================
	Q2:
		Shape: Ellipse
		q_c:	152.5	267.5	286.0
		ub :	157.0284	273.6344	292.2574
		lb :	147.9716	261.3656	279.7426
		P^-1:
			0.0817	0.0008	-0.0072
			0.0008	0.0865	-0.0355
			-0.0072	-0.0355	0.0575
	==================================================================================
	Q3:
		Shape: Polyhedra
		q_c:	143.5	252.0	306.0
		ub :	150.6533	260.2949	313.4181
		lb :	136.3467	243.7051	298.5819
		A:
			0.1222	-0.2065	-0.9708
			-0.6333	-0.7151	-0.2959
			0.7501	-0.4453	0.4889
			-0.8444	-0.4078	-0.3474
			-0.5224	0.8419	-0.1351
			-0.7183	-0.2062	-0.6645
			0.5511	0.3511	0.757
			0.14	0.8554	-0.4987
			-0.8226	0.3808	0.4223
			-0.5511	-0.3511	-0.757
			-0.14	-0.8554	0.4987
			0.8226	-0.3808	-0.4223
		b:
			-327.12
			-357.6631
			149.9445
			-326.5671
			101.8188
			-355.5503
			401.6934
			89.0655
			113.1308
			-396.6934
			-77.0655
			-101.1308
	==================================================================================
	Q4:
		Shape: Hybrid
		q_c:	149.0	267.0	308.0
		ub :	156.5132	276.5351	317.559
		lb :	141.4868	257.4649	298.441
		P^-1:
			0.0399	0.0006	-0.0012
			0.0006	0.0354	0.0083
			-0.0012	0.0083	0.0251
		A:
			-0.9901	0.0231	-0.1388
			-0.9472	-0.037	0.3185
			-0.8501	-0.5078	-0.1392
			0.2406	0.2358	-0.9416
			-0.1221	0.9903	0.0662
			0.6747	0.7052	-0.2177
		b:
			-181.5142
			-50.284
			-302.6325
			-186.9704
			269.5389
			224.8134
	==================================================================================
	Q5:
		Shape: Hybrid
		q_c:	155.0	273.0	292.5
		ub :	164.9407	279.5461	301.8
		lb :	145.0593	266.4539	283.2
		P^-1:
			0.0259	-0.0058	0.0034
			-0.0058	0.048	0.0013
			0.0034	0.0013	0.0237
		A:
			0.2754	0.9189	0.2825
			-0.6015	-0.2607	0.7551
			0.2805	-0.7204	-0.6343
			0.9644	0.2489	0.0893
			0.5868	-0.4246	0.6895
			0.5983	-0.5437	0.5886
		b:
			378.9601
			61.1745
			-335.4794
			247.691
			180.126
			119.6276
	==================================================================================
	Q6:
		Shape: Polyhedra
		q_c:	158.0	257.5	307.5
		ub :	166.7933	266.7265	315.907
		lb :	149.2067	248.2735	299.093
		A:
			-0.0104	-0.1057	0.9943
			0.5278	0.6184	0.5822
			0.7413	0.4355	0.5108
			0.3461	-0.4168	-0.8405
			-0.1741	0.4848	0.8571
			-0.5715	-0.7002	0.4279
			0.3153	0.6108	0.7263
			-0.5333	0.7471	-0.3968
			-0.785	-0.2623	0.5613
			-0.3153	-0.6108	-0.7263
			0.5333	-0.7471	0.3968
			0.785	0.2623	-0.5613
		b:
			282.0303
			425.7178
			390.7587
			-306.778
			365.0927
			-134.0049
			434.4341
			-6.4061
			-14.4624
			-426.4341
			21.4061
			23.4624


===========================================================================================
===========================================================================================
S12:
	q_c:	192.0	140.5	130.5
	ub :	220.7257	167.2295	158.9663
	lb :	160.2327	111.6866	114.7385

	==================================================================================
	Q1:
		Shape: Ellipse
		q_c:	210.5	120.0	137.0
		ub :	220.7257	128.3134	145.5009
		lb :	200.2743	111.6866	128.4991
		P^-1:
			0.028	-0.0125	-0.0045
			-0.0125	0.0419	-0.0041
			-0.0045	-0.0041	0.0303
	==================================================================================
	Q2:
		Shape: Polyhedra
		q_c:	181.0	147.0	120.0
		ub :	187.2355	153.6936	125.2615
		lb :	174.7645	140.3064	114.7385
		A:
			-0.4549	-0.5958	0.6619
			-0.9113	-0.3944	-0.1183
			-0.3486	-0.6617	-0.6638
			-0.5299	-0.7458	-0.4037
			-0.3627	-0.5798	-0.7295
			-0.1221	0.0966	-0.9878
			0.7026	0.5842	0.4062
			-0.6594	0.7492	0.0631
			-0.2675	-0.3122	0.9116
			-0.7026	-0.5842	-0.4062
			0.6594	-0.7492	-0.0631
			0.2675	0.3122	-0.9116
		b:
			-86.2724
			-234.3956
			-237.1899
			-251.6608
			-235.6141
			-122.2725
			263.8007
			3.8447
			19.5881
			-259.8007
			7.1553
			-10.5881
	==================================================================================
	Q3:
		Shape: Polyhedra
		q_c:	173.5	139.5	127.5
		ub :	182.8306	146.8365	137.4978
		lb :	164.1694	132.1635	117.5022
		A:
			0.1695	0.4504	-0.8766
			0.4693	0.7159	-0.5169
			-0.0893	0.7876	-0.6097
			-0.2689	-0.3629	0.8922
			-0.6129	0.4466	-0.6518
			-0.7335	-0.1256	0.668
			0.5807	0.3474	0.7363
			-0.7871	0.0086	0.6168
			0.2079	-0.9377	0.2784
			-0.5807	-0.3474	-0.7363
			0.7871	-0.0086	-0.6168
			-0.2079	0.9377	-0.2784
		b:
			-14.065
			120.4463
			21.8024
			21.8863
			-120.8663
			-54.6067
			250.587
			-51.7322
			-54.2361
			-235.587
			61.7322
			64.2361
	==================================================================================
	Q4:
		Shape: Polyhedra
		q_c:	173.0	156.5	143.0
		ub :	185.7673	167.2295	153.6647
		lb :	160.2327	145.7705	132.3353
		A:
			-0.3258	0.2912	-0.8995
			0.3704	-0.1974	0.9077
			0.324	0.9452	0.0404
			0.1729	0.9465	-0.2723
			0.7879	0.319	0.5267
			0.1936	0.9729	-0.1266
			0.6459	0.6994	0.3059
			0.7256	-0.438	-0.5307
			-0.2372	0.5648	-0.7904
			-0.6459	-0.6994	-0.3059
			-0.7256	0.438	0.5307
			0.2372	-0.5648	0.7904
		b:
			-135.5364
			166.9939
			214.9848
			143.6965
			266.5997
			172.7494
			269.9492
			-6.9041
			-62.1871
			-259.9492
			30.9041
			69.1871
	==================================================================================
	Q5:
		Shape: Polyhedra
		q_c:	187.5	156.5	135.5
		ub :	202.1513	166.1763	148.6441
		lb :	172.8487	146.8237	122.3559
		A:
			-0.7769	-0.2331	0.5848
			-0.2749	0.8229	-0.4972
			0.1279	-0.9576	0.2583
			-0.1617	0.945	0.2842
			0.2495	-0.5198	0.817
