3D_50_5_6_d                l = 3

===========================================================================================
===========================================================================================
S1:
	q_c:    233.0000    75.5000    364.5000
	ub :    239.0000    90.0000    386.0000
	lb :    227.0000    61.0000    343.0000

	==================================================================================
	Q1:
		Shape: Polyhedra
		q_c:    238.5000    76.0000    366.0000
		ub :    242.1904    80.6264    370.1584
		lb :    234.8096    71.3736    361.8416
		A:
			    -0.1602    0.4845    0.8600
			    0.8691    0.1785    0.4614
			    0.9215    -0.3506    0.1673
			    -0.1715    -0.5061    -0.8453
			    -0.7302    0.2353    -0.6415
			    0.3751    -0.8356    -0.4014
			    0.6195    0.2362    0.7487
			    -0.6837    0.6309    0.3667
			    -0.3857    -0.7391    0.5523
			    -0.6195    -0.2362    -0.7487
			    0.6837    -0.6309    -0.3667
			    0.3857    0.7391    -0.5523
		b:
			    315.0643
			    391.4474
			    255.8471
			    -387.2196
			    -389.2158
			    -119.1009
			    441.1993
			    20.5997
			    58.4810
			    -438.1993
			    -17.5997
			    -49.4810
	==================================================================================
	Q2:
		Shape: Hybrid
		q_c:    231.0000    71.5000    363.5000
		ub :    236.8402    77.4527    368.7956
		lb :    225.1598    65.5473    358.2044
		P^-1: 
			    0.0794    -0.0542    -0.0610
			    -0.0542    0.1212    0.0729
			    -0.0610    0.0729    0.1519
		A:
			    -0.8511    0.5241    -0.0298
			    -0.6460    0.0978    0.7570
			    -0.1745    0.5576    -0.8116
			    0.2482    -0.9094    -0.3338
			    -0.1066    0.3039    -0.9467
			    0.2837    -0.8888    -0.3599
		b:
			    -167.2679
			    134.8255
			    -292.4525
			    -127.2967
			    -344.2874
			    -127.2045
	==================================================================================
	Q3:
		Shape: Hybrid
		q_c:    239.5000    72.0000    371.0000
		ub :    243.8823    77.8088    376.6844
		lb :    235.1177    66.1912    365.3156
		P^-1: 
			    0.3321    0.0037    -0.1782
			    0.0037    0.0494    -0.0023
			    -0.1782    -0.0023    0.1617
		A:
			    -0.8951    -0.3982    0.2004
			    -0.5973    -0.3609    0.7162
			    -0.5605    0.0249    0.8278
			    0.8982    0.4302    -0.0906
			    -0.8603    0.2109    0.4640
			    -0.7120    0.6860    0.1499
		b:
			    -166.8603
			    98.3756
			    176.1609
			    214.6112
			    -17.6633
			    -62.8186
	==================================================================================
	Q4:
		Shape: Polyhedra
		q_c:    230.0000    71.5000    359.0000
		ub :    232.5998    74.2332    361.6357
		lb :    227.4002    68.7668    356.3643
		A:
			    0.9679    0.0897    -0.2346
			    0.5027    -0.8102    -0.3014
			    -0.9857    0.1548    -0.0660
			    -0.7741    0.5297    0.3467
			    0.5159    -0.6337    -0.5764
			    -0.4950    0.2909    0.8188
			    0.3512    0.0278    0.9359
			    -0.8341    0.4633    0.2993
			    -0.4253    -0.8858    0.1859
			    -0.3512    -0.0278    -0.9359
			    0.8341    -0.4633    -0.2993
			    0.4253    0.8858    -0.1859
		b:
			    146.4126
			    -49.0837
			    -237.9932
			    -14.6882
			    -132.2917
			    202.3632
			    420.7460
			    -50.2804
			    -91.9210
			    -416.7460
			    52.2804
			    96.9210
	==================================================================================
	Q5:
		Shape: Hybrid
		q_c:    237.5000    81.0000    370.5000
		ub :    242.2724    85.0942    373.4089
		lb :    232.7276    76.9058    367.5911
		P^-1: 
			    0.0898    0.0741    -0.0447
			    0.0741    0.2648    -0.1347
			    -0.0447    -0.1347    0.3124
		A:
			    0.5757    0.7731    -0.2662
			    -0.2643    -0.4971    0.8265
			    0.7253    0.6580    0.2023
			    -0.7649    -0.1762    -0.6195
			    0.9297    0.3332    -0.1572
			    -0.4678    -0.4121    0.7819
		b:
			    102.0586
			    203.9923
			    302.4689
			    -423.0655
			    192.0395
			    146.3538
	==================================================================================
	Q6:
		Shape: Ellipse
		q_c:    231.5000    79.0000    360.0000
		ub :    238.7471    85.3605    366.3742
		lb :    224.2529    72.6395    353.6258
		P^-1: 
			    0.0586    -0.0146    -0.0001
			    -0.0146    0.0724    0.0001
			    -0.0001    0.0001    0.0494


===========================================================================================
===========================================================================================
S2:
	q_c:    192.0000    140.5000    130.5000
	ub :    212.0000    168.0000    148.0000
	lb :    172.0000    113.0000    113.0000

	==================================================================================
	Q1:
		Shape: Ellipse
		q_c:    210.5000    120.0000    137.0000
		ub :    220.7257    128.3134    145.5009
		lb :    200.2743    111.6866    128.4991
		P^-1: 
			    0.0280    -0.0125    -0.0045
			    -0.0125    0.0419    -0.0041
			    -0.0045    -0.0041    0.0303
	==================================================================================
	Q2:
		Shape: Polyhedra
		q_c:    181.0000    147.0000    120.0000
		ub :    187.2355    153.6936    125.2615
		lb :    174.7645    140.3064    114.7385
		A:
			    -0.4549    -0.5958    0.6619
			    -0.9113    -0.3944    -0.1183
			    -0.3486    -0.6617    -0.6638
			    -0.5299    -0.7458    -0.4037
			    -0.3627    -0.5798    -0.7295
			    -0.1221    0.0966    -0.9878
			    0.7026    0.5842    0.4062
			    -0.6594    0.7492    0.0631
			    -0.2675    -0.3122    0.9116
			    -0.7026    -0.5842    -0.4062
			    0.6594    -0.7492    -0.0631
			    0.2675    0.3122    -0.9116
		b:
			    -86.2724
			    -234.3956
			    -237.1899
			    -251.6608
			    -235.6141
			    -122.2725
			    263.8007
			    3.8447
			    19.5881
			    -259.8007
			    7.1553
			    -10.5881
	==================================================================================
	Q3:
		Shape: Polyhedra
		q_c:    173.5000    139.5000    127.5000
		ub :    182.8306    146.8365    137.4978
		lb :    164.1694    132.1635    117.5022
		A:
			    0.1695    0.4504    -0.8766
			    0.4693    0.7159    -0.5169
			    -0.0893    0.7876    -0.6097
			    -0.2689    -0.3629    0.8922
			    -0.6129    0.4466    -0.6518
			    -0.7335    -0.1256    0.6680
			    0.5807    0.3474    0.7363
			    -0.7871    0.0086    0.6168
			    0.2079    -0.9377    0.2784
			    -0.5807    -0.3474    -0.7363
			    0.7871    -0.0086    -0.6168
			    -0.2079    0.9377    -0.2784
		b:
			    -14.0650
			    120.4463
			    21.8024
			    21.8863
			    -120.8663
			    -54.6067
			    250.5870
			    -51.7322
			    -54.2361
			    -235.5870
			    61.7322
			    64.2361
	==================================================================================
	Q4:
		Shape: Polyhedra
		q_c:    173.0000    156.5000    143.0000
		ub :    185.7673    167.2295    153.6647
		lb :    160.2327    145.7705    132.3353
		A:
			    -0.3258    0.2912    -0.8995
			    0.3704    -0.1974    0.9077
			    0.3240    0.9452    0.0404
			    0.1729    0.9465    -0.2723
			    0.7879    0.3190    0.5267
			    0.1936    0.9729    -0.1266
			    0.6459    0.6994    0.3059
			    0.7256    -0.4380    -0.5307
			    -0.2372    0.5648    -0.7904
			    -0.6459    -0.6994    -0.3059
			    -0.7256    0.4380    0.5307
			    0.2372    -0.5648    0.7904
		b:
			    -135.5364
			    166.9939
			    214.9848
			    143.6965
			    266.5997
			    172.7494
			    269.9492
			    -6.9041
			    -62.1871
			    -259.9492
			    30.9041
			    69.1871
	==================================================================================
	Q5:
		Shape: Polyhedra
		q_c:    187.5000    156.5000    135.5000
		ub :    202.1513    166.1763    148.6441
		lb :    172.8487    146.8237    122.3559
		A:
			    -0.7769    -0.2331    0.5848
			    -0.2749    0.8229    -0.4972
			    0.1279    -0.9576    0.2583
			    -0.1617    0.9450    0.2842
			    0.2495    -0.5198    0.8170
			    0.4203    -0.8556    0.3023
			    0.1614    0.4866    0.8586
			    -0.3038    0.8523    -0.4259
			    -0.9390    -0.1921    0.2854
			    -0.1614    -0.4866    -0.8586
			    0.3038    -0.8523    0.4259
			    0.9390    0.1921    -0.2854
		b:
			    -90.4065
			    12.9856
			    -86.8633
			    162.9186
			    81.5993
			    -10.5365
			    232.2514
			    21.7186
			    -154.4520
			    -213.2514
			    -15.7186
			    180.4520
	==================================================================================
	Q6:
		Shape: Hybrid
		q_c:    198.5000    149.5000    148.5000
		ub :    207.7788    159.9764    158.9663
		lb :    189.2212    139.0236    138.0337
		P^-1: 
			    0.0218    -0.0022    0.0018
			    -0.0022    0.0256    -0.0013
			    0.0018    -0.0013    0.0245
		A:
			    -0.5503    0.4005    0.7327
			    0.1648    0.4595    -0.8728
			    0.9515    0.2830    -0.1205
			    -0.1536    -0.9850    0.0781
			    -0.6995    -0.3056    -0.6459
			    -0.7817    -0.5591    0.2764
		b:
			    63.1236
			    -24.7968
			    217.2603
			    -162.7801
			    -276.9129
			    -193.7537


===========================================================================================
===========================================================================================
S3:
	q_c:    327.0000    218.5000    17.5000
	ub :    343.0000    236.0000    29.0000
	lb :    311.0000    201.0000    6.0000

	==================================================================================
	Q1:
		Shape: Polyhedra
		q_c:    325.5000    220.5000    25.0000
		ub :    330.5874    225.7015    29.6300
		lb :    320.4126    215.2985    20.3700
		A:
			    0.4992    -0.5404    0.6773
			    0.5284    -0.8197    -0.2211
			    0.6368    0.0712    0.7678
			    -0.3805    0.9243    0.0297
			    0.3549    -0.4963    -0.7923
			    -0.4157    -0.6727    0.6121
			    0.6566    0.7137    0.2438
			    -0.3936    0.6000    -0.6965
			    -0.6434    0.3614    0.6749
			    -0.6566    -0.7137    -0.2438
			    0.3936    -0.6000    0.6965
			    0.6434    -0.3614    -0.6749
		b:
			    63.2592
			    -11.5261
			    245.3651
			    83.6402
			    -11.0826
			    -265.2244
			    380.7048
			    -10.2071
			    -110.3612
			    -373.7048
			    16.2071
			    115.3612
	==================================================================================
	Q2:
		Shape: Ellipse
		q_c:    333.5000    226.0000    16.5000
		ub :    338.1476    229.6459    21.0667
		lb :    328.8524    222.3541    11.9333
		P^-1: 
			    0.2061    0.1601    0.0368
			    0.1601    0.3071    0.0721
			    0.0368    0.0721    0.1240
	==================================================================================
	Q3:
		Shape: Ellipse
		q_c:    327.0000    218.0000    26.5000
		ub :    330.5141    222.3549    30.7179
		lb :    323.4859    213.6451    22.2821
		P^-1: 
			    0.1913    0.0263    0.0351
			    0.0263    0.1670    0.0530
			    0.0351    0.0530    0.1628
	==================================================================================
	Q4:
		Shape: Polyhedra
		q_c:    337.0000    220.5000    11.5000
		ub :    343.3724    225.7519    17.1671
		lb :    330.6276    215.2481    5.8329
		A:
			    0.5262    0.8260    0.2022
			    -0.9408    0.2217    -0.2566
			    -0.5009    -0.8603    0.0944
			    -0.2047    -0.0077    -0.9788
			    -0.2068    0.6536    0.7280
			    0.5061    0.8270    0.2450
			    0.8190    0.2498    0.5166
			    -0.5089    -0.1001    0.8550
			    0.2653    -0.9631    0.0451
			    -0.8190    -0.2498    -0.5166
			    0.5089    0.1001    -0.8550
			    -0.2653    0.9631    -0.0451
		b:
			    365.7827
			    -267.1132
			    -353.4230
			    -77.9529
			    86.8026
			    359.7137
			    341.0054
			    -179.7235
			    -118.4520
			    -333.0054
			    187.7235
			    126.4520
	==================================================================================
	Q5:
		Shape: Ellipse
		q_c:    330.0000    222.5000    24.5000
		ub :    337.0716    230.4574    31.8842
		lb :    322.9284    214.5426    17.1158
		P^-1: 
			    0.0529    -0.0107    -0.0031
			    -0.0107    0.0489    0.0026
			    -0.0031    0.0026    0.0407
	==================================================================================
	Q6:
		Shape: Polyhedra
		q_c:    335.0000    223.5000    12.0000
		ub :    341.6714    228.9960    15.8446
		lb :    328.3286    218.0040    8.1554
		A:
			    -0.3293    0.9378    0.1097
			    0.4587    -0.0750    -0.8854
			    0.6042    -0.7168    -0.3479
			    -0.1098    -0.0822    -0.9906
			    0.0968    0.3113    0.9454
			    -0.4425    0.7232    -0.5302
			    0.9000    0.4157    0.1312
			    0.2428    -0.7279    0.6412
			    0.3620    -0.5452    -0.7561
			    -0.9000    -0.4157    -0.1312
			    -0.2428    0.7279    -0.6412
			    -0.3620    0.5452    0.7561
		b:
			    103.0246
			    128.6801
			    40.2625
			    -64.3824
			    116.0385
			    10.1275
			    401.9834
			    -70.6566
			    -8.1475
			    -389.9834
			    76.6566
			    11.1475


===========================================================================================
===========================================================================================
S4:
	q_c:    232.0000    428.0000    425.0000
	ub :    255.0000    448.0000    432.0000
	lb :    209.0000    408.0000    418.0000

	==================================================================================
	Q1:
		Shape: Hybrid
		q_c:    227.5000    421.5000    431.0000
		ub :    230.6785    424.6586    434.4935
		lb :    224.3215    418.3414    427.5065
		P^-1: 
			    0.3016    0.0930    0.0379
			    0.0930    0.2845    0.1038
			    0.0379    0.1038    0.2684
		A:
			    -0.0919    -0.2610    0.9610
			    0.9372    0.3470    -0.0345
			    -0.0046    0.8753    -0.4835
			    -0.7668    -0.6176    0.1748
			    -0.8020    0.2735    -0.5310
			    -0.9520    0.3049    0.0272
		b:
			    284.7468
			    345.6250
			    161.1607
			    -358.4137
			    -294.5839
			    -75.0115
	==================================================================================
	Q2:
		Shape: Ellipse
		q_c:    231.5000    426.5000    425.0000
		ub :    234.9476    429.8923    427.6151
		lb :    228.0524    423.1077    422.3849
		P^-1: 
			    0.1130    0.0116    -0.0035
			    0.0116    0.2133    -0.1127
			    -0.0035    -0.1127    0.3892
	==================================================================================
	Q3:
		Shape: Hybrid
		q_c:    232.5000    424.0000    428.5000
		ub :    236.1433    427.6854    432.4570
		lb :    228.8567    420.3146    424.5430
		P^-1: 
			    0.2215    -0.0085    -0.0410
			    -0.0085    0.1612    0.0057
			    -0.0410    0.0057    0.1873
		A:
			    0.8092    0.5130    -0.2865
			    0.3653    -0.5619    -0.7421
			    0.5858    -0.3963    -0.7070
			    -0.4543    -0.0868    0.8866
			    -0.4141    -0.7305    0.5430
			    0.5370    -0.7870    -0.3037
		b:
			    284.0809
			    -470.1034
			    -333.6671
			    238.6273
			    -171.9727
			    -337.6937
	==================================================================================
	Q4:
		Shape: Polyhedra
		q_c:    236.0000    422.0000    423.5000
		ub :    239.1154    424.5084    426.7015
		lb :    232.8846    419.4916    420.2985
		A:
			    0.7780    0.3445    -0.5254
			    0.8817    -0.2438    0.4040
			    -0.7444    0.1148    -0.6578
			    -0.7716    0.2655    0.5781
			    0.8378    -0.3495    0.4193
			    -0.4975    -0.7109    0.4971
			    0.4625    0.6273    0.6266
			    0.7824    0.0437    -0.6213
			    -0.4171    0.7776    -0.4705
			    -0.4625    -0.6273    -0.6266
			    -0.7824    -0.0437    0.6213
			    0.4171    -0.7776    0.4705
		b:
			    108.4768
			    278.0154
			    -404.0344
			    176.7453
			    229.4934
			    -205.0691
			    641.2224
			    -58.0125
			    31.9208
			    -637.2224
			    62.0125
			    -28.9208
	==================================================================================
	Q5:
		Shape: Hybrid
		q_c:    232.5000    431.0000    427.5000
		ub :    235.5848    434.5128    430.2240
		lb :    229.4152    427.4872    424.7760
		P^-1: 
			    0.2303    -0.0254    -0.0342
			    -0.0254    0.2380    -0.1078
			    -0.0342    -0.1078    0.3861
		A:
			    -0.3289    0.2801    0.9019
			    0.8008    -0.5405    0.2581
			    -0.9547    0.1580    -0.2520
			    0.3274    -0.8841    0.3335
			    0.7920    -0.0628    0.6073
			    0.2603    -0.2637    0.9288
		b:
			    430.9368
			    64.7219
			    -260.2533
			    -161.2108
			    418.0499
			    344.8694
	==================================================================================
	Q6:
		Shape: Ellipse
		q_c:    226.5000    425.0000    424.5000
		ub :    229.9350    428.5657    427.0333
		lb :    223.0650    421.4343    421.9667
		P^-1: 
			    0.1603    -0.0008    0.0054
			    -0.0008    0.1619    -0.0130
			    0.0054    -0.0130    0.2478


===========================================================================================
===========================================================================================
S5:
	q_c:    155.0000    264.0000    292.0000
	ub :    168.0000    279.0000    313.0000
	lb :    142.0000    249.0000    271.0000

	==================================================================================
	Q1:
		Shape: Hybrid
		q_c:    171.0000    259.0000    290.0000
		ub :    178.1659    265.8773    294.9819
		lb :    163.8341    252.1227    285.0181
		P^-1: 
			    0.0739    0.0314    -0.0706
			    0.0314    0.0691    -0.0654
			    -0.0706    -0.0654    0.1869
		A:
			    0.2240    0.6039    -0.7649
			    -0.5622    -0.1554    0.8123
			    0.5188    0.0906    -0.8501
			    0.5788    0.7105    0.4003
			    0.7212    0.3490    -0.5984
			    -0.7477    0.0172    0.6639
		b:
			    -25.6945
			    100.5224
			    -132.9036
			    403.0182
			    41.8847
			    71.2542
	==================================================================================
	Q2:
		Shape: Ellipse
		q_c:    152.5000    267.5000    286.0000
		ub :    157.0284    273.6344    292.2574
		lb :    147.9716    261.3656    279.7426
		P^-1: 
			    0.0817    0.0008    -0.0072
			    0.0008    0.0865    -0.0355
			    -0.0072    -0.0355    0.0575
	==================================================================================
	Q3:
		Shape: Polyhedra
		q_c:    143.5000    252.0000    306.0000
		ub :    150.6533    260.2949    313.4181
		lb :    136.3467    243.7051    298.5819
		A:
			    0.1222    -0.2065    -0.9708
			    -0.6333    -0.7151    -0.2959
			    0.7501    -0.4453    0.4889
			    -0.8444    -0.4078    -0.3474
			    -0.5224    0.8419    -0.1351
			    -0.7183    -0.2062    -0.6645
			    0.5511    0.3511    0.7570
			    0.1400    0.8554    -0.4987
			    -0.8226    0.3808    0.4223
			    -0.5511    -0.3511    -0.7570
			    -0.1400    -0.8554    0.4987
			    0.8226    -0.3808    -0.4223
		b:
			    -327.1200
			    -357.6631
			    149.9445
			    -326.5671
			    101.8188
			    -355.5503
			    401.6934
			    89.0655
			    113.1308
			    -396.6934
			    -77.0655
			    -101.1308
	==================================================================================
	Q4:
		Shape: Hybrid
		q_c:    149.0000    267.0000    308.0000
		ub :    156.5132    276.5351    317.5590
		lb :    141.4868    257.4649    298.4410
		P^-1: 
			    0.0399    0.0006    -0.0012
			    0.0006    0.0354    0.0083
			    -0.0012    0.0083    0.0251
		A:
			    -0.9901    0.0231    -0.1388
			    -0.9472    -0.0370    0.3185
			    -0.8501    -0.5078    -0.1392
			    0.2406    0.2358    -0.9416
			    -0.1221    0.9903    0.0662
			    0.6747    0.7052    -0.2177
		b:
			    -181.5142
			    -50.2840
			    -302.6325
			    -186.9704
			    269.5389
			    224.8134
	==================================================================================
	Q5:
		Shape: Hybrid
		q_c:    155.0000    273.0000    292.5000
		ub :    164.9407    279.5461    301.8000
		lb :    145.0593    266.4539    283.2000
		P^-1: 
			    0.0259    -0.0058    0.0034
			    -0.0058    0.0480    0.0013
			    0.0034    0.0013    0.0237
		A:
			    0.2754    0.9189    0.2825
			    -0.6015    -0.2607    0.7551
			    0.2805    -0.7204    -0.6343
			    0.9644    0.2489    0.0893
			    0.5868    -0.4246    0.6895
			    0.5983    -0.5437    0.5886
		b:
			    378.9601
			    61.1745
			    -335.4794
			    247.6910
			    180.1260
			    119.6276
	==================================================================================
	Q6:
		Shape: Polyhedra
		q_c:    158.0000    257.5000    307.5000
		ub :    166.7933    266.7265    315.9070
		lb :    149.2067    248.2735    299.0930
		A:
			    -0.0104    -0.1057    0.9943
			    0.5278    0.6184    0.5822
			    0.7413    0.4355    0.5108
			    0.3461    -0.4168    -0.8405
			    -0.1741    0.4848    0.8571
			    -0.5715    -0.7002    0.4279
			    0.3153    0.6108    0.7263
			    -0.5333    0.7471    -0.3968
			    -0.7850    -0.2623    0.5613
			    -0.3153    -0.6108    -0.7263
			    0.5333    -0.7471    0.3968
			    0.7850    0.2623    -0.5613
		b:
			    282.0303
			    425.7178
			    390.7587
			    -306.7780
			    365.0927
			    -134.0049
			    434.4341
			    -6.4061
			    -14.4624
			    -426.4341
			    21.4061
			    23.4624


===========================================================================================
===========================================================================================
