3D_50_13_6_b                l = 3

===========================================================================================
===========================================================================================
S1:
	q_c:	207.0	62.5	312.0
	ub :	224.2746	83.3411	340.1818
	lb :	177.6048	32.7982	290.5469

	==================================================================================
	Q1:
		Shape: Polyhedra
		q_c:	191.0	70.0	297.5
		ub :	195.0105	76.4248	304.4531
		lb :	186.9895	63.5752	290.5469
		A:
			0.5133	0.3114	0.7997
			-0.9281	-0.3671	-0.0628
			0.913	0.3734	-0.1642
			0.6529	-0.009	-0.7574
			-0.6849	0.603	0.4091
			-0.1074	-0.8166	-0.5671
			0.5323	0.683	0.5002
			0.8363	-0.3324	-0.4361
			-0.1316	0.6504	-0.7481
			-0.5323	-0.683	-0.5002
			-0.8363	0.3324	0.4361
			0.1316	-0.6504	0.7481
		b:
			361.2513
			-219.3874
			154.4063
			-97.4402
			35.7921
			-244.2131
			300.2917
			9.2223
			-195.6488
			-296.2917
			-4.2223
			208.6488
	==================================================================================
	Q2:
		Shape: Hybrid
		q_c:	216.0	61.0	300.0
		ub :	224.2746	72.1441	308.9597
		lb :	207.7254	49.8559	291.0403
		P^-1:
			0.0279	0.0005	0.0061
			0.0005	0.03	0.0241
			0.0061	0.0241	0.0435
		A:
			0.8545	0.4305	-0.2907
			0.053	-0.5807	-0.8124
			0.3759	-0.3621	-0.853
			0.6708	-0.1402	0.7282
			-0.1093	-0.8051	-0.5829
			-0.7262	-0.6034	-0.3294
		b:
			129.3751
			-265.5689
			-193.5514
			359.0211
			-244.8919
			-288.6221
	==================================================================================
	Q3:
		Shape: Polyhedra
		q_c:	207.5	49.0	325.0
		ub :	221.7895	65.2018	340.1818
		lb :	193.2105	32.7982	309.8182
		A:
			-0.9078	-0.0066	-0.4194
			0.4694	-0.8635	0.1848
			-0.0238	0.7465	0.665
			0.3212	0.8907	-0.3217
			-0.845	0.2946	0.4463
			-0.9698	-0.1849	0.1589
			0.6856	0.5231	0.5063
			-0.1384	-0.5892	0.7961
			0.7147	-0.6159	-0.3315
			-0.6856	-0.5231	-0.5063
			0.1384	0.5892	-0.7961
			-0.7147	0.6159	0.3315
		b:
			-316.0411
			124.9686
			257.0251
			15.0225
			-5.943
			-149.3803
			340.948
			210.6294
			20.3705
			-323.948
			-191.6294
			-0.3705
	==================================================================================
	Q4:
		Shape: Ellipse
		q_c:	189.5	46.5	323.0
		ub :	201.3952	55.9698	335.6707
		lb :	177.6048	37.0302	310.3293
		P^-1:
			0.017	-0.0089	-0.0003
			-0.0089	0.036	0.0039
			-0.0003	0.0039	0.0108
	==================================================================================
	Q5:
		Shape: Hybrid
		q_c:	213.5	73.0	323.0
		ub :	222.6231	83.3411	333.2887
		lb :	204.3769	62.6589	312.7113
		P^-1:
			0.0324	0.002	-0.0018
			0.002	0.0265	0.006
			-0.0018	0.006	0.0276
		A:
			0.7031	0.0133	0.7109
			-0.6936	-0.2829	-0.6624
			0.3008	0.9473	0.1099
			0.0569	-0.4666	0.8826
			0.66	-0.6979	-0.2782
			-0.3035	-0.9205	-0.2462
		b:
			384.078
			-379.7111
			172.1098
			267.256
			3.1937
			-208.4565
	==================================================================================
	Q6:
		Shape: Hybrid
		q_c:	207.0	59.0	319.5
		ub :	213.6955	67.3879	327.2595
		lb :	200.3045	50.6121	311.7405
		P^-1:
			0.1333	0.0679	0.0848
			0.0679	0.0774	0.0614
			0.0848	0.0614	0.0961
		A:
			-0.0994	-0.9365	-0.3363
			-0.8179	-0.249	0.5187
			0.4479	0.8065	0.386
			-0.5383	-0.762	-0.3599
			0.7194	0.5737	0.3916
			-0.2259	-0.8571	-0.463
		b:
			-179.9492
			-13.5227
			265.786
			-269.4306
			309.2377
			-242.6158


===========================================================================================
===========================================================================================
S2:
	q_c:	341.5	281.5	234.0
	ub :	350.4435	287.4409	243.165
	lb :	333.5071	273.8514	227.7579

	==================================================================================
	Q1:
		Shape: Polyhedra
		q_c:	336.0	282.5	232.0
		ub :	338.4055	285.8472	234.9028
		lb :	333.5945	279.1528	229.0972
		A:
			-0.6664	0.7099	0.2281
			0.2961	-0.0459	-0.954
			0.4222	-0.2114	-0.8815
			0.1059	0.5439	0.8324
			0.9812	-0.0296	-0.1907
			0.8598	-0.2272	-0.4573
			0.6475	0.183	0.7398
			-0.7244	0.4492	0.5229
			-0.2366	-0.8745	0.4234
			-0.6475	-0.183	-0.7398
			0.7244	-0.4492	-0.5229
			0.2366	0.8745	-0.4234
		b:
			31.0112
			-133.1279
			-121.0114
			383.7652
			278.4939
			119.7832
			442.3787
			5.7959
			-225.3182
			-439.3787
			-3.7959
			231.3182
	==================================================================================
	Q2:
		Shape: Ellipse
		q_c:	345.5	279.0	235.0
		ub :	350.4435	284.1486	240.2267
		lb :	340.5565	273.8514	229.7733
		P^-1:
			0.1092	-0.0063	0.0035
			-0.0063	0.0901	0.0118
			0.0035	0.0118	0.1045
	==================================================================================
	Q3:
		Shape: Ellipse
		q_c:	343.0	280.5	239.5
		ub :	346.8925	283.776	243.165
		lb :	339.1075	277.224	235.835
		P^-1:
			0.2063	0.0332	-0.0304
			0.0332	0.1838	-0.0218
			-0.0304	-0.0218	0.1799
	==================================================================================
	Q4:
		Shape: Hybrid
		q_c:	346.0	278.5	235.5
		ub :	349.8679	282.3838	239.3849
		lb :	342.1321	274.6162	231.6151
		P^-1:
			0.1637	0.0126	-0.0127
			0.0126	0.2026	-0.0431
			-0.0127	-0.0431	0.2037
		A:
			-0.815	-0.4767	0.3294
			-0.6147	-0.6301	0.4745
			-0.0953	0.8314	-0.5474
			-0.5922	-0.2777	0.7564
			-0.5696	0.0579	0.8199
			0.1478	-0.9654	-0.2147
		b:
			-335.9421
			-275.3073
			70.7432
			-102.9354
			13.443
			-266.9079
	==================================================================================
	Q5:
		Shape: Polyhedra
		q_c:	341.5	285.0	237.0
		ub :	343.6685	287.4409	238.8442
		lb :	339.3315	282.5591	235.1558
		A:
			0.2666	0.0324	-0.9633
			-0.1349	0.5892	0.7966
			-0.1509	-0.1485	-0.9773
			0.4788	-0.4522	0.7525
			-0.1435	-0.4554	-0.8787
			0.7527	-0.1796	-0.6334
			0.3824	0.1127	0.9171
			-0.8974	0.2816	0.3396
			-0.22	-0.9529	0.2088
			-0.3824	-0.1127	-0.9171
			0.8974	-0.2816	-0.3396
			0.22	0.9529	-0.2088
		b:
			-126.7203
			311.995
			-324.4348
			214.3388
			-385.8631
			57.1911
			381.0695
			-144.2247
			-295.1998
			-379.0695
			147.2247
			299.1998
	==================================================================================
	Q6:
		Shape: Polyhedra
		q_c:	336.5	281.5	231.5
		ub :	339.4929	284.7469	235.2421
		lb :	333.5071	278.2531	227.7579
		A:
			-0.8717	0.4651	0.1544
			-0.7415	0.5086	0.4377
			0.5906	-0.7495	0.299
			0.9407	-0.3388	-0.0175
			0.7399	-0.0651	0.6696
			0.9735	-0.2208	0.0592
			0.2578	0.2647	0.9292
			-0.7741	0.6321	0.0348
			-0.5781	-0.7283	0.3679
			-0.2578	-0.2647	-0.9292
			0.7741	-0.6321	-0.0348
			0.5781	0.7283	-0.3679
		b:
			-125.5026
			-3.5078
			58.3878
			218.4267
			388.1355
			280.6381
			379.3818
			-73.5265
			-311.9031
			-373.3818
			75.5265
			316.9031


===========================================================================================
===========================================================================================
S3:
	q_c:	62.0	259.0	175.0
	ub :	68.3966	274.8283	191.7111
	lb :	46.9896	242.2098	157.1427

	==================================================================================
	Q1:
		Shape: Hybrid
		q_c:	55.0	267.0	173.5
		ub :	63.0104	274.8283	178.5787
		lb :	46.9896	259.1717	168.4213
		P^-1:
			0.0406	0.0173	0.0174
			0.0173	0.0513	0.0198
			0.0174	0.0198	0.0964
		A:
			0.3275	-0.4436	0.8342
			0.2842	0.8273	-0.4845
			-0.2671	0.2775	0.9228
			-0.4739	0.8775	-0.0741
			0.1689	-0.2025	-0.9646
			-0.5103	0.7526	-0.4162
		b:
			47.1847
			155.5491
			221.9193
			199.5513
			-210.0036
			104.6941
	==================================================================================
	Q2:
		Shape: Ellipse
		q_c:	61.0	251.5	174.0
		ub :	68.3966	257.6527	178.288
		lb :	53.6034	245.3473	169.712
		P^-1:
			0.0442	-0.0224	-0.0143
			-0.0224	0.0684	-0.0064
			-0.0143	-0.0064	0.108
	==================================================================================
	Q3:
		Shape: Ellipse
		q_c:	58.5	264.0	177.5
		ub :	64.9828	271.0167	184.0064
		lb :	52.0172	256.9833	170.9936
		P^-1:
			0.1026	0.0153	0.0563
			0.0153	0.0471	0.0083
			0.0563	0.0083	0.0997
	==================================================================================
	Q4:
		Shape: Polyhedra
		q_c:	57.5	249.5	185.0
		ub :	64.2462	256.7902	191.7111
		lb :	50.7538	242.2098	178.2889
		A:
			0.9003	0.4148	-0.1319
			0.8395	0.2604	0.4768
			-0.2004	0.4162	0.8869
			-0.4085	0.4795	-0.7767
			-0.6859	-0.4384	-0.5808
			0.7591	0.5809	-0.2938
			0.6834	0.6695	0.291
			-0.1404	-0.2706	0.9524
			0.7164	-0.6918	-0.0909
			-0.6834	-0.6695	-0.291
			0.1404	0.2706	-0.9524
			-0.7164	0.6918	0.0909
		b:
			134.9226
			205.3752
			261.506
			-42.2487
			-252.4536
			138.4679
			263.6711
			106.1177
			-143.2181
			-256.6711
			-95.1177
			153.2181
	==================================================================================
	Q5:
		Shape: Hybrid
		q_c:	57.5	264.5	163.5
		ub :	62.764	271.1209	169.8573
		lb :	52.236	257.8791	157.1427
		P^-1:
			0.0812	-0.0024	-0.0029
			-0.0024	0.0687	-0.0156
			-0.0029	-0.0156	0.0628
		A:
			0.6812	-0.7034	0.2029
			-0.5944	-0.7843	-0.1777
			-0.4645	-0.4871	0.7396
			-0.5272	0.1352	0.8389
			0.6653	-0.5752	-0.476
			-0.1621	-0.1063	0.981
		b:
			-111.9002
			-268.4036
			-32.8173
			144.8316
			-189.5155
			125.193
	==================================================================================
	Q6:
		Shape: Hybrid
		q_c:	63.5	254.0	177.0
		ub :	66.981	258.4731	181.5678
		lb :	60.019	249.5269	172.4322
		P^-1:
			0.1466	0.074	0.0716
			0.074	0.2342	0.1731
			0.0716	0.1731	0.2372
		A:
			0.4209	-0.8628	-0.2801
			0.7914	0.477	0.3824
			0.6086	0.5496	0.5723
			0.4675	0.7301	0.4983
			0.6153	-0.7403	0.2709
			0.7634	0.5995	-0.2405
		b:
			-239.9727
			240.4231
			280.5056
			304.2657
			-98.1867
			160.5355


===========================================================================================
===========================================================================================
S4:
	q_c:	478.0	123.0	203.5
	ub :	501.4744	153.357	227.3839
	lb :	457.1996	98.0543	178.5822

	==================================================================================
	Q1:
		Shape: Polyhedra
		q_c:	466.5	121.5	210.0
		ub :	475.8004	131.5024	221.1917
		lb :	457.1996	111.4976	198.8083
		A:
			-0.7724	0.0372	0.6341
			0.2648	-0.0548	-0.9628
			-0.7552	0.5638	0.3343
			-0.3093	-0.1941	0.9309
			0.9606	-0.2184	-0.1717
			-0.9332	0.0176	0.3591
			0.6502	0.3504	0.6742
			-0.7562	0.2128	0.6187
			0.0734	-0.9121	0.4033
			-0.6502	-0.3504	-0.6742
			0.7562	-0.2128	-0.6187
			-0.0734	0.9121	-0.4033
		b:
			-218.989
			-79.4397
			-209.3099
			33.1456
			390.8524
			-353.047
			496.952
			-193.5003
			14.6172
			-477.952
			200.5003
			-1.6172
	==================================================================================
	Q2:
		Shape: Ellipse
		q_c:	476.5	120.0	216.0
		ub :	484.6442	131.9015	227.3839
		lb :	468.3558	108.0985	204.6161
		P^-1:
			0.0426	0.0107	-0.0095
			0.0107	0.0204	0.0021
			-0.0095	0.0021	0.0224
	==================================================================================
	Q3:
		Shape: Ellipse
		q_c:	491.0	128.0	194.0
		ub :	501.4744	134.511	203.4202
		lb :	480.5256	121.489	184.5798
		P^-1:
			0.0247	0.011	-0.01
			0.011	0.0582	0.0083
			-0.01	0.0083	0.0335
	==================================================================================
	Q4:
		Shape: Ellipse
		q_c:	478.5	132.0	193.5
		ub :	491.0615	141.8503	207.2527
		lb :	465.9385	122.1497	179.7473
		P^-1:
			0.0249	0.0116	-0.0063
			0.0116	0.0417	0.0111
			-0.0063	0.0111	0.0175
	==================================================================================
	Q5:
		Shape: Hybrid
		q_c:	465.5	106.0	192.5
		ub :	473.4043	113.9457	199.7289
		lb :	457.5957	98.0543	185.2711
		P^-1:
			0.0207	-0.0013	0.0032
			-0.0013	0.0314	-0.0154
			0.0032	-0.0154	0.0545
		A:
			0.3417	0.8049	-0.4851
			0.5528	-0.371	-0.7462
			-0.1736	-0.0037	-0.9848
			-0.6356	-0.3006	-0.7111
			0.078	-0.2058	0.9755
			0.2208	0.9422	-0.2521
		b:
			154.2552
			78.6617
			-268.1687
			-460.5944
			204.5015
			157.7971
	==================================================================================
	Q6:
		Shape: Polyhedra
		q_c:	470.5	140.0	191.5
		ub :	482.4482	153.357	204.4178
		lb :	458.5518	126.643	178.5822
		A:
			-0.963	-0.1806	0.1999
			-0.0214	-0.8542	0.5196
			0.5718	-0.0039	0.8204
			0.3712	0.9181	-0.1392
			0.7237	0.5834	0.3688
			-0.6235	0.4557	-0.6353
			0.6133	0.5607	0.5563
			-0.0623	-0.6678	0.7417
			0.7874	-0.4896	-0.3746
			-0.6133	-0.5607	-0.5563
			0.0623	0.6678	-0.7417
			-0.7874	0.4896	0.3746
		b:
			-432.0305
			-23.0273
			433.6213
			284.2356
			501.2294
			-343.604
			482.0871
			26.2485
			238.1896
			-465.0871
			-12.2485
			-222.1896


===========================================================================================
===========================================================================================
S5:
	q_c:	125.5	113.5	222.0
	ub :	157.38	136.288	246.9415
	lb :	100.3388	89.6424	211.8841

	==================================================================================
	Q1:
		Shape: Polyhedra
		q_c:	132.5	121.5	229.0
		ub :	139.4695	130.7769	238.3507
		lb :	125.5305	112.2231	219.6493
		A:
			0.3502	0.2951	0.889
			-0.7641	-0.6235	0.1656
			-0.0631	0.1174	-0.9911
			0.5596	-0.0678	0.826
			0.1407	-0.0029	0.99
			0.4779	-0.8748	-0.0795
			0.7884	0.3986	0.4686
			0.6148	-0.5368	-0.5778
			0.0212	0.7436	-0.6683
			-0.7884	-0.3986	-0.4686
			-0.6148	0.5368	0.5778
			-0.0212	-0.7436	0.6683
		b:
			290.6146
			-134.1702
			-215.4244
			259.8676
			250.4333
			-55.1703
			264.1929
			-110.0757
			-53.8799
			-256.1929
			122.0757
			65.8799
	==================================================================================
	Q2:
		Shape: Polyhedra
		q_c:	109.0	99.0	231.0
		ub :	117.6612	108.3576	239.6173
		lb :	100.3388	89.6424	222.3827
		A:
			-0.9367	-0.3071	0.168
			-0.072	-0.9184	0.389
			0.4221	0.832	0.3601
			0.1716	-0.9563	0.2368
			0.9555	0.2706	-0.117
			0.724	0.6815	-0.1067
			0.3024	0.6476	0.6994
			-0.6443	0.6796	-0.3507
			-0.7024	-0.3446	0.6228
			-0.3024	-0.6476	-0.6994
			0.6443	-0.6796	0.3507
			0.7024	0.3446	-0.6228
		b:
			-89.1264
			-3.3305
			216.9218
			-15.1906
			108.6227
			126.3104
			264.1338
			-77.4607
			37.199
			-253.1338
			90.4607
			-29.199
	==================================================================================
	Q3:
		Shape: Ellipse
		q_c:	145.0	106.0	231.5
		ub :	152.7826	117.3855	239.7396
		lb :	137.2174	94.6145	223.2604
		P^-1:
			0.037	-0.0061	0.0236
			-0.0061	0.012	-0.0127
			0.0236	-0.0127	0.0654
	==================================================================================
	Q4:
		Shape: Ellipse
		q_c:	146.0	126.5	220.5
		ub :	157.38	136.288	229.1159
		lb :	134.62	116.712	211.8841
		P^-1:
			0.0195	0.0031	-0.0179
			0.0031	0.0699	-0.0655
			-0.0179	-0.0655	0.1095
	==================================================================================
	Q5:
		Shape: Ellipse
		q_c:	136.5	103.5	232.0
		ub :	150.2996	115.9597	246.9415
		lb :	122.7004	91.0403	217.0585
		P^-1:
			0.0118	0.0002	0.001
			0.0002	0.0123	-0.0003
			0.001	-0.0003	0.0106
	==================================================================================
	Q6:
		Shape: Ellipse
		q_c:	110.0	116.5	227.5
		ub :	115.8255	121.6189	234.2428
		lb :	104.1745	111.3811	220.7572
		P^-1:
			0.0731	0.0035	0.0165
			0.0035	0.0802	-0.0068
			0.0165	-0.0068	0.05


===========================================================================================
===========================================================================================
S6:
	q_c:	363.0	151.0	173.5
	ub :	389.3337	181.1283	201.4721
	lb :	346.3481	128.5862	148.2972

	==================================================================================
	Q1:
		Shape: Polyhedra
		q_c:	369.0	171.0	161.0
		ub :	381.1794	181.1283	173.7028
		lb :	356.8206	160.8717	148.2972
		A:
			-0.4225	0.576	0.6998
			-0.3287	0.9098	-0.2536
			-0.0015	0.8595	-0.5111
			-0.2873	0.9485	-0.1331
			-0.4284	0.7396	-0.5191
			0.1873	0.7766	-0.6015
			0.5613	0.3221	0.7624
			-0.7987	0.452	0.3971
			-0.2167	-0.8318	0.511
			-0.5613	-0.3221	-0.7624
			0.7987	-0.452	-0.3971
			0.2167	0.8318	-0.511
		b:
			63.0666
			-1.0371
			68.8664
			40.3201
			-108.9134
			109.6655
			394.9424
			-146.4996
			-135.4293
			-374.9424
			160.4996
			144.4293
	==================================================================================
	Q2:
		Shape: Hybrid
		q_c:	370.5	143.0	174.0
		ub :	374.2396	154.2499	185.6435
		lb :	366.7604	131.7501	162.3565
		P^-1:
			0.1585	-0.01	-0.0106
			-0.01	0.013	0.0004
			-0.0106	0.0004	0.0119
		A:
			0.9286	-0.2716	0.2529
			-0.9543	0.0431	0.2958
			0.7829	-0.528	-0.3291
			0.2336	0.9488	0.2128
			-0.997	0.0245	0.0728
			-0.7784	0.2881	0.5578
		b:
			352.1638
			-293.916
			161.4935
			267.0172
			-351.9563
			-145.737
	==================================================================================
	Q3:
		Shape: Hybrid
		q_c:	356.5	162.5	183.0
		ub :	366.6519	174.5813	194.5031
		lb :	346.3481	150.4187	171.4969
		P^-1:
			0.033	0.0056	-0.015
			0.0056	0.0179	-0.0077
			-0.015	-0.0077	0.0301
		A:
			-0.8022	0.3229	0.5021
			-0.6187	-0.5153	0.593
			-0.2248	0.9743	-0.0108
			0.4951	0.6235	-0.6051
			-0.8627	-0.1389	-0.4863
			0.2764	-0.8338	0.4779
		b:
			-137.9299
			-193.2423
			81.9467
			170.0282
			-413.7433
			55.5294
	==================================================================================
	Q4:
		Shape: Polyhedra
		q_c:	357.0	137.5	162.5
		ub :	364.7979	146.4138	171.1415
		lb :	349.2021	128.5862	153.8585
		A:
			0.3727	0.9189	0.1293
			0.0927	-0.9946	0.0471
			0.3564	-0.1458	-0.9229
			-0.114	-0.9431	0.3125
			-0.5168	0.1863	-0.8356
			-0.4175	-0.8903	-0.1818
			0.624	0.5414	0.5635
			-0.7508	0.6152	0.2404
			-0.2165	-0.5731	0.7904
			-0.624	-0.5414	-0.5635
			0.7508	-0.6152	-0.2404
			0.2165	0.5731	-0.7904
		b:
			285.6385
			-90.8272
			-37.3996
			-113.9927
			-289.2443
			-295.825
			393.7843
			-139.8719
			-21.6591
			-383.7843
			148.8719
			33.6591
	==================================================================================
	Q5:
		Shape: Hybrid
		q_c:	363.5	143.5	159.5
		ub :	371.5419	155.5022	170.1948
		lb :	355.4581	131.4978	148.8052
		P^-1:
			0.0318	0.0021	0.0042
			0.0021	0.0094	0.0015
			0.0042	0.0015	0.0166
		A:
			0.3341	0.5192	0.7867
			0.9518	-0.3065	0.0143
			0.3316	-0.8487	-0.4121
			-0.7497	0.5644	0.3456
			-0.8466	-0.5287	-0.0617
			0.5797	-0.302	0.7568
		b:
			326.3635
			308.0993
			-60.1088
			-130.9977
			-389.307
			292.8269
	==================================================================================
	Q6:
		Shape: Ellipse
		q_c:	380.5	164.0	191.0
		ub :	389.3337	172.6526	201.4721
		lb :	371.6663	155.3474	180.5279
		P^-1:
			0.031	-0.0009	0.0049
			-0.0009	0.0266	0.0032
			0.0049	0.0032	0.021


===========================================================================================
===========================================================================================
S7:
	q_c:	61.0	400.5	376.0
	ub :	70.083	412.3367	397.4504
	lb :	43.9667	388.2546	359.5928

	==================================================================================
	Q1:
		Shape: Ellipse
		q_c:	59.0	402.5	367.5
		ub :	67.1916	410.3122	375.4072
		lb :	50.8084	394.6878	359.5928
		P^-1:
			0.0413	0.0026	-0.002
			0.0026	0.0452	-0.0039
			-0.002	-0.0039	0.0429
	==================================================================================
	Q2:
		Shape: Hybrid
		q_c:	62.5	399.5	388.5
		ub :	70.083	408.2332	397.4504
		lb :	54.917	390.7668	379.5496
		P^-1:
			0.0342	0.0065	0.0074
			0.0065	0.0375	0.005
			0.0074	0.005	0.0385
		A:
			0.5765	0.6824	-0.4495
			0.1918	0.6498	-0.7355
			-0.2055	0.0075	-0.9786
			0.6703	0.3656	0.6457
			-0.6804	-0.6578	0.323
			-0.6941	-0.5676	-0.4428
		b:
			137.225
			-10.8496
			-387.2643
			441.1484
			-176.7054
			-439.8043
	==================================================================================
	Q3:
		Shape: Ellipse
		q_c:	57.0	404.0	389.0
		ub :	64.2872	409.0622	393.9543
		lb :	49.7128	398.9378	384.0457
		P^-1:
			0.0396	-0.0245	-0.0126
			-0.0245	0.1027	-0.0036
			-0.0126	-0.0036	0.0783
	==================================================================================
	Q4:
		Shape: Ellipse
		q_c:	50.5	395.0	381.5
		ub :	57.0333	401.7454	386.478
		lb :	43.9667	388.2546	376.522
		P^-1:
			0.0861	0.0524	0.03
			0.0524	0.0869	0.0194
			0.03	0.0194	0.1018
	==================================================================================
	Q5:
		Shape: Polyhedra
		q_c:	54.5	400.0	388.0
		ub :	56.0364	405.2701	392.8387
		lb :	52.9636	394.7299	383.1613
		A:
			0.6783	-0.5033	-0.5353
			-0.975	0.0357	-0.2194
			-0.1443	0.9541	0.2625
			0.7798	0.3788	0.4984
			-0.519	-0.3367	-0.7857
			0.0887	-0.0749	-0.9932
			0.2004	0.6343	0.7466
			0.0468	0.755	-0.654
			-0.9786	0.166	0.1216
			-0.2004	-0.6343	-0.7466
			-0.0468	-0.755	0.654
			0.9786	-0.166	-0.1216
		b:
			-370.8662
			-122.6979
			478.849
			388.7106
			-465.9117
			-407.0263
			555.8504
			56.3023
			61.2414
			-552.8504
			-45.3023
			-59.2414
	==================================================================================
	Q6:
		Shape: Hybrid
		q_c:	56.5	406.5	367.0
		ub :	59.1135	412.3367	371.9438
		lb :	53.8865	400.6633	362.0562
		P^-1:
			0.16	0.0016	0.0013
			0.0016	0.0539	-0.0282
			0.0013	-0.0282	0.0972
		A:
			-0.4608	0.0203	-0.8873
			-0.6314	-0.7703	-0.0891
			0.391	0.8614	-0.3241
			0.0981	0.2884	0.9525
			-0.5231	-0.5658	-0.6374
			0.5999	-0.418	0.6822
		b:
			-341.4299
			-378.7201
			255.913
			475.1325
			-490.4912
			115.9227


===========================================================================================
===========================================================================================
S8:
	q_c:	237.0	246.0	54.5
	ub :	248.5721	258.924	65.9686
	lb :	228.4245	240.3066	49.8341

	==================================================================================
	Q1:
		Shape: Hybrid
		q_c:	244.0	253.5	55.5
		ub :	248.5721	257.7963	60.3813
		lb :	239.4279	249.2037	50.6187
		P^-1:
			0.1415	0.0009	-0.0237
			0.0009	0.1111	-0.0007
			-0.0237	-0.0007	0.1296
		A:
			0.1019	-0.0877	-0.9909
			0.8686	-0.0425	0.4938
			0.7887	0.1294	0.601
			-0.4003	-0.0194	0.9162
			0.4493	0.7355	-0.5071
			-0.5361	-0.3101	-0.7851
		b:
			-50.8529
			230.2345
			260.3211
			-50.3599
			269.4664
			-251.2423
	==================================================================================
	Q2:
		Shape: Polyhedra
		q_c:	243.0	254.0	54.5
		ub :	248.2192	258.924	57.2038
		lb :	237.7808	249.076	51.7962
		A:
			-0.5224	0.3334	0.7848
			0.6903	0.01	-0.7235
			0.7468	-0.3853	0.5421
			0.0391	-0.5259	-0.8497
			-0.5944	0.3357	0.7307
			0.9673	-0.2143	0.1355
			0.7395	0.663	0.1168
			0.6575	-0.7485	0.0859
			0.1444	0.0133	-0.9894
			-0.7395	-0.663	-0.1168
			-0.6575	0.7485	-0.0859
			-0.1444	-0.0133	0.9894
		b:
			2.8471
			133.4863
			116.1397
			-167.788
			-16.9238
			191.3824
			358.4535
			-22.6665
			-13.466
			-350.4535
			28.6665
			17.466
	==================================================================================
	Q3:
		Shape: Ellipse
		q_c:	244.0	252.5	54.0
		ub :	247.8833	256.6099	57.3186
		lb :	240.1167	248.3901	50.6814
		P^-1:
			0.2539	0.1155	-0.0434
			0.1155	0.1858	-0.1097
			-0.0434	-0.1097	0.3365
	==================================================================================
	Q4:
		Shape: Ellipse
		q_c:	233.0	254.0	59.5
		ub :	236.2328	257.0857	63.0331
		lb :	229.7672	250.9143	55.9669
		P^-1:
			0.1133	-0.0167	0.0047
			-0.0167	0.2377	-0.0357
			0.0047	-0.0357	0.1212
	==================================================================================
	Q5:
		Shape: Polyhedra
		q_c:	236.5	253.5	55.5
		ub :	242.2221	258.5353	61.1659
		lb :	230.7779	248.4647	49.8341
		A:
			-0.7709	0.4501	-0.4507
			-0.5311	0.7573	0.38
			-0.2407	0.0405	0.9698
			-0.1819	0.1274	0.975
			0.7963	-0.3278	0.5084
			0.071	-0.8867	0.4569
			0.5437	0.4921	0.6799
			0.5138	-0.8357	0.1939
			0.6636	0.2439	-0.7072
			-0.5437	-0.4921	-0.6799
			-0.5138	0.8357	-0.1939
			-0.6636	-0.2439	0.7072
		b:
			-90.0816
			90.3516
			10.6868
			47.0541
			136.8346
			-179.958
			295.5625
			-77.0639
			182.5187
			-286.5625
			82.0639
			-176.5187
	==================================================================================
	Q6:
		Shape: Hybrid
		q_c:	234.0	246.0	60.0
		ub :	239.5755	251.6934	65.9686
		lb :	228.4245	240.3066	54.0314
		P^-1:
			0.0757	-0.01	-0.0032
			-0.01	0.0907	-0.0206
			-0.0032	-0.0206	0.0889
		A:
			-0.6514	-0.565	0.5064
			0.0032	0.7109	-0.7033
			-0.9097	-0.2617	0.3225
			-0.9332	0.1963	0.3009
			0.444	0.034	-0.8954
			0.8351	-0.2723	0.478
		b:
			-259.1291
			134.9386
			-255.7875
			-149.9953
			60.4226
			159.1004


===========================================================================================
===========================================================================================
S9:
	q_c:	142.5	504.5	403.0
	ub :	169.3958	526.0807	421.1709
	lb :	117.5075	482.9031	380.322

	==================================================================================
	Q1:
		Shape: Ellipse
		q_c:	142.0	516.5	391.0
		ub :	149.9598	526.0807	401.678
		lb :	134.0402	506.9193	380.322
		P^-1:
			0.0296	-0.0044	0.0008
			-0.0044	0.0348	-0.0083
			0.0008	-0.0083	0.0172
	==================================================================================
	Q2:
		Shape: Polyhedra
		q_c:	157.0	492.5	396.0
		ub :	169.3958	502.0969	408.46
		lb :	144.6042	482.9031	383.54
		A:
			0.9898	0.1378	0.0363
			-0.1209	-0.2745	0.954
			0.2171	-0.8618	-0.4585
			0.0832	0.9965	0.0091
			-0.1801	0.5537	0.813
			0.3028	-0.5721	-0.7622
			0.806	0.1171	0.5803
			-0.3224	-0.7353	0.5962
			0.4964	-0.6676	-0.5549
			-0.806	-0.1171	-0.5803
			0.3224	0.7353	-0.5962
			-0.4964	0.6676	0.5549
		b:
			246.2385
			230.8627
			-566.481
			513.8384
			572.3189
			-530.5738
			423.4687
			-169.6659
			-465.5745
			-404.4687
			183.6659
			475.5745
	==================================================================================
	Q3:
		Shape: Polyhedra
		q_c:	127.5	511.0	395.0
		ub :	137.4925	517.198	405.5064
		lb :	117.5075	504.802	384.4936
		A:
			-0.3496	0.834	-0.4269
			-0.2242	-0.4392	-0.87
			0.0605	0.9254	-0.3741
			-0.418	-0.7967	0.4365
			-0.4985	0.8412	-0.2094
			-0.2034	0.9674	-0.151
			0.8558	0.4409	0.2706
			0.3427	-0.875	0.342
			0.3875	-0.1999	-0.8999
			-0.8558	-0.4409	-0.2706
			-0.3427	0.875	-0.342
			-0.3875	0.1999	0.8999
		b:
			214.6439
			-588.3692
			336.0644
			-282.4572
			285.8665
			411.1585
			448.294
			-266.874
			-399.2123
			-434.294
			269.874
			417.2123
	==================================================================================
	Q4:
		Shape: Polyhedra
		q_c:	149.5	504.5	409.0
		ub :	161.4473	514.7717	421.1709
		lb :	137.5527	494.2283	396.8291
		A:
			-0.7998	0.384	0.4614
			-0.6587	-0.5782	-0.4815
			0.5182	-0.8437	0.14
			0.0277	0.3822	0.9237
			-0.1437	-0.3433	0.9282
			-0.6353	-0.7535	-0.1692
			0.6886	0.1437	0.7107
			-0.6027	0.6584	0.4509
			-0.4031	-0.7389	0.54
			-0.6886	-0.1437	-0.7107
			0.6027	-0.6584	-0.4509
			0.4031	0.7389	-0.54
		b:
			269.0594
			-579.345
			-284.438
			581.9044
			192.1472
			-536.8735
			474.1352
			432.4371
			-205.1812
			-458.1352
			-420.4371
			219.1812
	==================================================================================
	Q5:
		Shape: Ellipse
		q_c:	130.5	512.0	400.5
		ub :	134.1753	521.5664	410.1445
		lb :	126.8247	502.4336	390.8555
		P^-1:
			0.4068	-0.103	0.0617
			-0.103	0.05	-0.0182
			0.0617	-0.0182	0.0317
	==================================================================================
	Q6:
		Shape: Hybrid
		q_c:	140.5	491.0	410.0
		ub :	146.8561	498.3895	417.0201
		lb :	134.1439	483.6105	402.9799
		P^-1:
			0.1195	0.0417	-0.0457
			0.0417	0.0739	0.0259
			-0.0457	0.0259	0.0981
		A:
			0.8717	0.3466	-0.3463
			0.4904	0.7704	-0.4075
			-0.472	-0.8705	-0.1391
			0.6234	0.7673	-0.1507
			0.8264	-0.4272	-0.3668
			0.5549	0.2952	-0.7778
		b:
			151.9554
			282.8259
			-548.7498
			404.4648
			-241.0029
			-93.9449


===========================================================================================
===========================================================================================
S10:
	q_c:	120.0	378.0	454.0
	ub :	124.7861	384.0314	458.9666
	lb :	116.0483	375.0297	449.9924

	==================================================================================
	Q1:
		Shape: Hybrid
		q_c:	118.5	379.5	452.5
		ub :	120.9517	381.6038	455.0076
		lb :	116.0483	377.3962	449.9924
		P^-1:
			0.4444	0.0	-0.0
			0.0	0.4444	0.0
			-0.0	0.0	0.4444
		A:
			0.4638	0.3732	-0.8035
			-0.2494	-0.9641	0.0908
			-0.3947	-0.6533	-0.6461
			-0.2334	-0.5738	0.7851
			-0.1324	-0.676	-0.7249
			-0.6952	0.4864	0.5293
		b:
			-166.2318
			-353.5894
			-586.3022
			110.5883
			-599.5027
			342.4758
	==================================================================================
	Q2:
		Shape: Hybrid
		q_c:	122.0	379.5	453.5
		ub :	124.1992	381.2563	455.5393
		lb :	119.8008	377.7437	451.4607
		P^-1:
			0.669	0.2588	0.0859
			0.2588	0.7426	0.0989
			0.0859	0.0989	0.4773
		A:
			0.0811	-0.0685	0.9944
			-0.6418	0.5006	0.5809
			0.7691	0.2065	0.6048
			-0.8889	0.1409	0.4359
			-0.6759	-0.1799	-0.7147
			0.4614	0.4735	0.7503
		b:
			435.8025
			376.1568
			447.208
			143.658
			-474.1116
			576.9281
	==================================================================================
	Q3:
		Shape: Hybrid
		q_c:	118.5	379.0	453.5
		ub :	120.3481	381.0302	455.6907
		lb :	116.6519	376.9698	451.3093
		P^-1:
			0.6911	-0.1145	-0.2512
			-0.1145	0.4976	0.1166
			-0.2512	0.1166	0.7002
		A:
			-0.0988	0.2031	0.9742
			0.9619	-0.2454	0.1203
			-0.1013	0.5934	0.7985
			-0.6717	0.4485	-0.5897
			-0.0776	0.2127	0.974
			0.8931	0.244	-0.3779
		b:
			507.7495
			76.3984
			575.7288
			-176.0703
			513.8559
			27.6382
	==================================================================================
	Q4:
		Shape: Ellipse
		q_c:	119.5	378.5	455.5
		ub :	121.3473	380.7819	457.7219
		lb :	117.6527	376.2181	453.2781
		P^-1:
			0.4444	-0.0	-0.0
			-0.0	0.4444	-0.0
			-0.0	-0.0	0.4444
	==================================================================================
	Q5:
		Shape: Hybrid
		q_c:	123.0	377.0	454.5
		ub :	124.7861	378.9703	456.5243
		lb :	121.2139	375.0297	452.4757
		P^-1:
			0.952	-0.1203	0.0995
			-0.1203	0.6986	0.2493
			0.0995	0.2493	0.7939
		A:
			0.3592	0.7811	0.5108
			-0.9125	-0.2923	0.2861
			0.735	0.0402	-0.6769
			0.3784	0.7119	0.5916
			0.5958	-0.7315	0.3315
			0.9961	-0.0325	-0.0818
		b:
			571.3738
			-91.6781
			-201.3582
			584.3725
			-51.1755
			73.6471
	==================================================================================
	Q6:
		Shape: Ellipse
		q_c:	121.5	381.0	456.0
		ub :	124.3405	384.0314	458.9666
		lb :	118.6595	377.9686	453.0334
		P^-1:
			0.2508	0.008	0.0092
			0.008	0.3334	0.0959
			0.0092	0.0959	0.3602


===========================================================================================
===========================================================================================
S11:
	q_c:	485.5	196.0	102.5
	ub :	499.027	218.5109	132.6156
	lb :	463.2234	164.7223	71.4478

	==================================================================================
	Q1:
		Shape: Polyhedra
		q_c:	479.5	182.5	111.5
		ub :	492.1996	194.6212	119.5331
		lb :	466.8004	170.3788	103.4669
		A:
			-0.0707	0.1287	-0.9892
			-0.9809	0.0176	-0.1935
			0.4926	0.3235	-0.8079
			0.8375	-0.0998	0.5373
			-0.7427	0.0176	0.6694
			0.0051	0.4352	-0.9003
			0.7967	0.4043	0.4492
			0.4741	-0.8791	-0.0497
			0.3748	0.2525	-0.892
			-0.7967	-0.4043	-0.4492
			-0.4741	0.8791	0.0497
			-0.3748	-0.2525	0.892
		b:
			-115.2647
			-479.9761
			209.3706
			452.0241
			-272.7734
			-13.4592
			514.894
			69.8844
			130.3407
			-496.894
			-52.8844
			-122.3407
	==================================================================================
	Q2:
		Shape: Ellipse
		q_c:	485.0	206.0	102.5
		ub :	495.7064	217.3128	112.7222
		lb :	474.2936	194.6872	92.2778
		P^-1:
			0.0241	0.0093	0.0048
			0.0093	0.0276	-0.0086
			0.0048	-0.0086	0.0337
	==================================================================================
	Q3:
		Shape: Hybrid
		q_c:	482.0	204.5	123.5
		ub :	493.7865	218.5109	132.6156
		lb :	470.2135	190.4891	114.3844
		P^-1:
			0.0188	0.0063	0.0028
			0.0063	0.0142	0.0123
			0.0028	0.0123	0.0443
		A:
			-0.5523	0.0721	0.8305
			-0.7265	-0.3605	-0.585
			0.994	0.0834	-0.071
			-0.2798	0.2863	-0.9164
			-0.2325	-0.6307	-0.7404
			0.4315	0.7978	0.4211
		b:
			-145.2059
			-492.6303
			492.7235
			-183.878
			-329.307
			427.7481
	==================================================================================
	Q4:
		Shape: Ellipse
		q_c:	478.5	176.0	115.0
		ub :	487.6996	184.9091	123.0357
		lb :	469.3004	167.0909	106.9643
		P^-1:
			0.0342	-0.0012	-0.0216
			-0.0012	0.0157	0.0012
			-0.0216	0.0012	0.046
	==================================================================================
	Q5:
		Shape: Ellipse
		q_c:	483.5	178.5	87.5
		ub :	499.027	192.2777	103.5522
		lb :	467.973	164.7223	71.4478
		P^-1:
			0.0126	-0.0028	-0.0034
			-0.0028	0.0144	0.0009
			-0.0034	0.0009	0.0113
	==================================================================================
	Q6:
		Shape: Ellipse
		q_c:	469.0	183.5	94.0
		ub :	474.7766	190.2719	99.4024
		lb :	463.2234	176.7281	88.5976
		P^-1:
			0.1197	0.054	-0.023
			0.054	0.0668	-0.0127
			-0.023	-0.0127	0.0559


===========================================================================================
===========================================================================================
S12:
	q_c:	189.5	494.0	225.5
	ub :	203.8171	509.4784	246.6558
	lb :	168.9103	472.8826	212.9497

	==================================================================================
	Q1:
		Shape: Hybrid
		q_c:	175.0	491.0	228.0
		ub :	180.8213	496.7095	234.5612
		lb :	169.1787	485.2905	221.4388
		P^-1:
			0.0992	-0.0416	-0.0006
			-0.0416	0.1188	0.0346
			-0.0006	0.0346	0.0635
		A:
			0.5303	-0.5669	0.6303
			-0.6085	-0.6246	-0.4896
			0.1795	0.9299	0.321
			-0.0909	0.9929	-0.0766
			0.6156	-0.2385	0.7511
			0.9329	-0.299	-0.2009
		b:
			-39.2361
			-522.5395
			563.1464
			456.3666
			164.438
			-27.4939
	==================================================================================
	Q2:
		Shape: Hybrid
		q_c:	184.5	489.0	241.0
		ub :	189.3165	493.1009	246.6558
		lb :	179.6835	484.8991	235.3442
		P^-1:
			0.1896	-0.0128	0.0907
			-0.0128	0.1489	0.0344
			0.0907	0.0344	0.1114
		A:
			-0.6959	0.1589	-0.7003
			-0.4595	-0.4479	-0.767
			0.7197	-0.6717	-0.1756
			-0.0005	-0.6786	-0.7345
			-0.6384	0.7545	0.1522
			-0.1542	0.9822	-0.1075
		b:
			-218.1223
			-487.2392
			-236.2831
			-507.052
			289.4657
			427.7608
	==================================================================================
	Q3:
		Shape: Polyhedra
		q_c:	190.0	504.0	236.5
		ub :	195.6241	509.4784	241.1241
		lb :	184.3759	498.5216	231.8759
		A:
			0.6194	0.5746	0.535
			0.5755	0.2286	-0.7852
			-0.1453	-0.8385	0.5251
			0.1204	-0.0982	-0.9879
			-0.9279	0.234	-0.2903
			0.2359	-0.4677	0.8518
			0.6985	0.4601	0.5482
			-0.2448	-0.5662	0.7871
			0.6725	-0.684	-0.2828
			-0.6985	-0.4601	-0.5482
			0.2448	0.5662	-0.7871
			-0.6725	0.684	0.2828
		b:
			537.3035
			41.4243
			-323.6586
			-257.3442
			-123.2707
			13.0488
			497.7242
			-143.7122
			-279.8286
			-490.7242
			147.7122
			287.8286
	==================================================================================
	Q4:
		Shape: Polyhedra
		q_c:	192.5	498.0	229.0
		ub :	201.8896	507.624	236.9947
		lb :	183.1104	488.376	221.0053
		A:
			0.1086	0.5668	0.8166
			-0.136	-0.3748	-0.9171
			0.7723	0.5023	0.3889
			-0.5043	-0.4972	-0.7061
			-0.4122	-0.6884	-0.5968
			-0.7151	0.49	-0.4985
			0.5924	0.3394	0.7307
			-0.608	0.7833	0.1291
			-0.5286	-0.5208	0.6704
			-0.5924	-0.3394	-0.7307
			0.608	-0.7833	-0.1291
			0.5286	0.5208	-0.6704
		b:
			494.3461
			-418.6623
			492.0034
			-503.1932
			-555.099
			-2.6171
			453.3614
			308.6324
			-200.0801
			-447.3614
			-296.6324
			215.0801
	==================================================================================
	Q5:
		Shape: Ellipse
		q_c:	179.0	483.5	226.0
		ub :	189.0897	494.1174	234.8823
		lb :	168.9103	472.8826	217.1177
		P^-1:
			0.0179	0.0011	-0.0019
			0.0011	0.025	-0.0132
			-0.0019	-0.0132	0.042
	==================================================================================
	Q6:
		Shape: Polyhedra
		q_c:	198.0	488.5	221.5
		ub :	203.8171	497.7681	230.0503
		lb :	192.1829	479.2319	212.9497
		A:
			0.526	0.8197	0.2267
			-0.5946	-0.7942	-0.1252
			0.8794	0.0601	-0.4723
			-0.4243	-0.6038	0.6748
			-0.4303	-0.1731	-0.8859
			0.0057	-0.0263	-0.9996
			0.9194	0.392	0.0328
			0.298	-0.7484	0.5925
			0.2568	-0.535	-0.8049
			-0.9194	-0.392	-0.0328
			-0.298	0.7484	-0.5925
			-0.2568	0.535	0.8049
		b:
			558.7826
			-529.5912
			102.3974
			-223.6303
			-360.5884
			-227.1973
			383.2787
			-167.8634
			-383.7849
			-378.2787
			182.8634
			393.7849


===========================================================================================
===========================================================================================
S13:
	q_c:	26.0	36.0	27.5
	ub :	36.1831	46.1286	35.2586
	lb :	13.0232	27.2051	13.9389

	==================================================================================
	Q1:
		Shape: Hybrid
		q_c:	20.0	33.0	23.5
		ub :	25.0458	37.5206	26.6621
		lb :	14.9542	28.4794	20.3379
		P^-1:
			0.1361	0.1582	-0.1701
			0.1582	0.4118	-0.4054
			-0.1701	-0.4054	0.6257
		A:
			-0.1076	0.1466	0.9833
			0.2444	0.2971	0.923
			0.1934	0.7555	-0.6259
			-0.5361	0.8407	0.0767
			-0.4252	-0.6184	0.6609
			-0.4531	0.8035	0.3861
		b:
			27.7001
			38.5877
			14.839
			22.0613
			-12.6967
			29.7711
	==================================================================================
	Q2:
		Shape: Hybrid
		q_c:	21.5	34.5	31.0
		ub :	25.5054	39.0521	35.2586
		lb :	17.4946	29.9479	26.7414
		P^-1:
			0.1569	-0.0143	-0.005
			-0.0143	0.093	-0.0236
			-0.005	-0.0236	0.1517
		A:
			0.6092	0.7373	0.292
			-0.6799	-0.7288	0.0814
			0.4462	0.0503	0.8935
			0.3159	0.7525	0.5779
			-0.2808	0.5705	0.7718
			-0.4635	0.0171	0.8859
		b:
			49.6663
			-35.3388
			40.488
			52.8268
			39.3852
			19.3909
	==================================================================================
	Q3:
		Shape: Ellipse
		q_c:	19.5	41.5	29.0
		ub :	25.9768	46.1286	34.4884
		lb :	13.0232	36.8714	23.5116
		P^-1:
			0.0342	-0.0078	0.0007
			-0.0078	0.3087	-0.1879
			0.0007	-0.1879	0.184
	==================================================================================
	Q4:
		Shape: Hybrid
		q_c:	33.0	35.5	21.0
		ub :	36.1831	39.8539	25.0
		lb :	29.8169	31.1461	17.0
		P^-1:
			0.4117	-0.0828	-0.0677
			-0.0828	0.2351	-0.1711
			-0.0677	-0.1711	0.3046
		A:
			0.6413	0.4529	-0.6194
			-0.5815	-0.6023	0.5469
			0.9374	0.0403	-0.3459
			-0.1259	0.8162	-0.5638
			-0.1126	0.7683	-0.6301
			-0.7761	0.3855	-0.4991
		b:
			25.0804
			-28.0015
			25.8898
			13.9475
			11.1823
			-21.4044
	==================================================================================
	Q5:
		Shape: Ellipse
		q_c:	27.0	33.0	20.0
		ub :	33.4149	38.7949	26.0611
		lb :	20.5851	27.2051	13.9389
		P^-1:
			0.0816	-0.0281	-0.0058
			-0.0281	0.0776	0.0122
			-0.0058	0.0122	0.0637
	==================================================================================
	Q6:
		Shape: Polyhedra
		q_c:	28.0	33.0	24.0
		ub :	30.2251	38.0524	29.1708
		lb :	25.7749	27.9476	18.8292
		A:
			-0.7088	0.3468	0.6143
			-0.3332	-0.3584	-0.8721
			0.4389	-0.3622	-0.8223
			0.6129	0.7387	-0.2805
			-0.9444	0.2367	0.2281
			-0.1445	-0.7181	-0.6808
			0.2531	0.7607	0.5977
			0.0037	0.617	-0.7869
			-0.9674	0.2013	0.1534
			-0.2531	-0.7607	-0.5977
			-0.0037	-0.617	0.7869
			0.9674	-0.2013	-0.1534
		b:
			8.4957
			-38.8592
			-16.6325
			38.0645
			-11.6412
			-41.0851
