3D_50_20_6_a                l = 3

===========================================================================================
===========================================================================================
S1:
	q_c:    266.5000    68.0000    84.0000
	ub :    285.0000    90.0000    100.0000
	lb :    248.0000    46.0000    68.0000

	==================================================================================
	Q1:
		Shape: Ellipse
		q_c:    282.0000    64.5000    71.5000
		ub :    291.4742    74.3144    79.5094
		lb :    272.5258    54.6856    63.4906
		P^-1: 
			    0.0458    0.0135    -0.0253
			    0.0135    0.0270    -0.0049
			    -0.0253    -0.0049    0.0597
	==================================================================================
	Q2:
		Shape: Ellipse
		q_c:    270.0000    58.0000    96.5000
		ub :    282.1537    66.8917    109.2684
		lb :    257.8463    49.1083    83.7316
		P^-1: 
			    0.0146    0.0006    -0.0010
			    0.0006    0.0231    -0.0020
			    -0.0010    -0.0020    0.0155
	==================================================================================
	Q3:
		Shape: Ellipse
		q_c:    274.5000    58.5000    85.5000
		ub :    277.3690    69.4892    96.5441
		lb :    271.6310    47.5108    74.4559
		P^-1: 
			    0.1598    0.0024    -0.0048
			    0.0024    0.0168    -0.0012
			    -0.0048    -0.0012    0.0168
	==================================================================================
	Q4:
		Shape: Hybrid
		q_c:    267.5000    73.5000    68.5000
		ub :    277.6406    82.4832    79.3553
		lb :    257.3594    64.5168    57.6447
		P^-1: 
			    0.0190    0.0009    0.0030
			    0.0009    0.0251    0.0017
			    0.0030    0.0017    0.0251
		A:
			    0.0099    0.0808    0.9967
			    -0.3612    0.5302    0.7671
			    -0.1041    0.8554    -0.5074
			    -0.6814    -0.6944    0.2315
			    0.8849    -0.3859    0.2607
			    0.8988    -0.0628    0.4339
		b:
			    80.2046
			    -1.4484
			    3.7823
			    -213.5237
			    230.2404
			    269.3511
	==================================================================================
	Q5:
		Shape: Ellipse
		q_c:    273.0000    77.0000    88.0000
		ub :    284.2476    90.1517    98.9196
		lb :    261.7524    63.8483    77.0804
		P^-1: 
			    0.0414    -0.0105    -0.0218
			    -0.0105    0.0146    0.0021
			    -0.0218    0.0021    0.0360
	==================================================================================
	Q6:
		Shape: Ellipse
		q_c:    271.0000    53.0000    98.0000
		ub :    277.2080    60.6399    105.0433
		lb :    264.7920    45.3601    90.9567
		P^-1: 
			    0.1567    -0.0268    -0.0997
			    -0.0268    0.0492    0.0369
			    -0.0997    0.0369    0.1213


===========================================================================================
===========================================================================================
S2:
	q_c:    37.5000    246.5000    438.5000
	ub :    57.0000    261.0000    454.0000
	lb :    18.0000    232.0000    423.0000

	==================================================================================
	Q1:
		Shape: Polyhedra
		q_c:    37.5000    258.5000    435.0000
		ub :    47.4932    268.6572    445.1163
		lb :    27.5068    248.3428    424.8837
		A:
			    0.4593    -0.0599    -0.8863
			    0.0536    -0.7886    -0.6126
			    -0.4038    0.1091    0.9083
			    -0.1181    -0.5536    -0.8243
			    0.0791    0.5811    0.8100
			    -0.6684    -0.1181    0.7343
			    0.5296    0.2383    0.8141
			    -0.7393    0.6002    0.3053
			    -0.4159    -0.7635    0.4940
			    -0.5296    -0.2383    -0.8141
			    0.7393    -0.6002    -0.3053
			    0.4159    0.7635    -0.4940
		b:
			    -377.5961
			    -462.6414
			    414.2748
			    -500.3552
			    511.2608
			    270.3390
			    441.5802
			    265.2299
			    9.4446
			    -429.5802
			    -255.2299
			    5.5554
	==================================================================================
	Q2:
		Shape: Polyhedra
		q_c:    29.5000    244.0000    434.5000
		ub :    37.3341    251.9220    441.1789
		lb :    21.6659    236.0780    427.8211
		A:
			    -0.7931    0.1210    -0.5969
			    0.1179    0.1159    0.9862
			    0.0608    -0.1577    0.9856
			    -0.0539    -0.9904    0.1275
			    0.6796    0.3614    0.6384
			    -0.5940    -0.4453    -0.6700
			    0.6172    0.3303    0.7141
			    -0.7033    0.6386    0.3124
			    -0.3528    -0.6950    0.6264
			    -0.6172    -0.3303    -0.7141
			    0.7033    -0.6386    -0.3124
			    0.3528    0.6950    -0.6264
		b:
			    -249.2462
			    463.9824
			    395.2239
			    -183.0023
			    388.6461
			    -414.2479
			    412.0880
			    277.3228
			    96.1876
			    -406.0880
			    -264.3228
			    -88.1876
	==================================================================================
	Q3:
		Shape: Ellipse
		q_c:    38.0000    261.5000    439.5000
		ub :    44.2287    267.1966    445.9809
		lb :    31.7713    255.8034    433.0191
		P^-1: 
			    0.0730    0.0008    0.0095
			    0.0008    0.0626    0.0007
			    0.0095    0.0007    0.0710
	==================================================================================
	Q4:
		Shape: Hybrid
		q_c:    27.0000    259.5000    443.0000
		ub :    32.1415    264.3916    447.3715
		lb :    21.8585    254.6084    438.6285
		P^-1: 
			    0.1581    -0.0901    -0.0178
			    -0.0901    0.1566    -0.0400
			    -0.0178    -0.0400    0.1447
		A:
			    0.1266    -0.9382    0.3221
			    -0.7671    0.5802    0.2737
			    0.4407    -0.6664    0.6014
			    0.0072    0.8177    -0.5756
			    -0.4871    0.4554    -0.7452
			    -0.5176    0.1232    0.8467
		b:
			    -95.6770
			    252.2213
			    106.5098
			    -41.0153
			    -223.6448
			    394.5889
	==================================================================================
	Q5:
		Shape: Polyhedra
		q_c:    27.5000    257.0000    455.5000
		ub :    31.9122    262.2077    459.9803
		lb :    23.0878    251.7923    451.0197
		A:
			    0.8782    -0.0968    0.4684
			    0.7778    0.1730    0.6042
			    0.7893    -0.3098    0.5302
			    0.5278    -0.0875    -0.8448
			    0.4454    -0.2088    0.8707
			    -0.2277    -0.0783    0.9706
			    0.7178    0.0387    0.6952
			    -0.4269    0.8132    0.3955
			    -0.5500    -0.5807    0.6002
			    -0.7178    -0.0387    -0.6952
			    0.4269    -0.8132    -0.3955
			    0.5500    0.5807    -0.6002
		b:
			    214.0954
			    342.2630
			    185.2120
			    -389.0775
			    356.9952
			    419.1013
			    347.3568
			    380.9089
			    113.0184
			    -345.3568
			    -373.9089
			    -105.0184
	==================================================================================
	Q6:
		Shape: Ellipse
		q_c:    30.0000    245.0000    443.0000
		ub :    34.1857    250.8651    448.2875
		lb :    25.8143    239.1349    437.7125
		P^-1: 
			    0.3458    0.0688    0.1529
			    0.0688    0.0726    0.0211
			    0.1529    0.0211    0.1570


===========================================================================================
===========================================================================================
S3:
	q_c:    89.5000    417.0000    173.5000
	ub :    94.0000    438.0000    197.0000
	lb :    85.0000    396.0000    150.0000

	==================================================================================
	Q1:
		Shape: Ellipse
		q_c:    92.0000    420.0000    177.0000
		ub :    96.1398    423.5487    180.7968
		lb :    87.8602    416.4513    173.2032
		P^-1: 
			    0.1564    -0.0005    0.0128
			    -0.0005    0.1599    0.0016
			    0.0128    0.0016    0.1148
	==================================================================================
	Q2:
		Shape: Polyhedra
		q_c:    92.5000    421.5000    171.5000
		ub :    95.0858    424.5443    174.4793
		lb :    89.9142    418.4557    168.5207
		A:
			    0.3886    -0.8126    -0.4344
			    -0.8945    0.4400    0.0797
			    0.9126    -0.2212    0.3438
			    -0.0134    -0.9959    0.0898
			    0.9607    0.0697    -0.2688
			    -0.9515    0.3055    0.0349
			    0.8267    0.4558    0.3299
			    0.5608    -0.7150    -0.4174
			    0.0456    0.5300    -0.8467
			    -0.8267    -0.4558    -0.3299
			    -0.5608    0.7150    0.4174
			    -0.0456    -0.5300    0.8467
		b:
			    -379.5405
			    118.0366
			    52.0066
			    -403.8033
			    73.9801
			    48.4616
			    327.1745
			    -319.5921
			    84.4145
			    -323.1745
			    322.5921
			    -80.4145
	==================================================================================
	Q3:
		Shape: Polyhedra
		q_c:    95.0000    418.5000    175.5000
		ub :    97.3122    420.2533    177.8171
		lb :    92.6878    416.7467    173.1829
		A:
			    0.6079    0.7815    0.1407
			    -0.1979    0.9322    -0.3030
			    -0.3461    -0.7858    0.5126
			    0.7067    0.6773    0.2044
			    0.9632    -0.2240    -0.1486
			    -0.8366    0.5170    0.1811
			    0.6500    0.1256    0.7495
			    -0.7088    0.4558    0.5384
			    -0.2740    -0.8812    0.3853
			    -0.6500    -0.1256    -0.7495
			    0.7088    -0.4558    -0.5384
			    0.2740    0.8812    -0.3853
		b:
			    410.6947
			    319.2721
			    -270.7446
			    387.7385
			    -26.8425
			    170.1323
			    247.3454
			    219.3981
			    -326.1818
			    -244.3454
			    -216.3981
			    328.1818
	==================================================================================
	Q4:
		Shape: Ellipse
		q_c:    92.0000    415.5000    176.5000
		ub :    95.8428    419.4200    180.3685
		lb :    88.1572    411.5800    172.6315
		P^-1: 
			    0.2046    -0.0431    0.0130
			    -0.0431    0.2016    -0.0126
			    0.0130    -0.0126    0.1638
	==================================================================================
	Q5:
		Shape: Hybrid
		q_c:    86.5000    416.0000    172.5000
		ub :    90.4880    419.7728    176.0833
		lb :    82.5120    412.2272    168.9167
		P^-1: 
			    0.2110    -0.0579    -0.0233
			    -0.0579    0.1640    -0.0345
			    -0.0233    -0.0345    0.2361
		A:
			    0.5994    -0.5769    0.5549
			    0.3815    -0.4708    0.7955
			    0.4939    0.5187    0.6979
			    0.1990    0.6262    -0.7538
			    0.0841    0.6156    -0.7835
			    -0.4456    0.8893    0.1026
		b:
			    -91.4397
			    -24.6356
			    380.7099
			    148.8481
			    129.3155
			    350.3970
	==================================================================================
	Q6:
		Shape: Ellipse
		q_c:    91.0000    414.0000    176.0000
		ub :    94.0504    418.2517    180.6584
		lb :    87.9496    409.7483    171.3416
		P^-1: 
			    0.2395    -0.0162    -0.0359
			    -0.0162    0.1291    -0.0353
			    -0.0359    -0.0353    0.1230


===========================================================================================
===========================================================================================
S4:
	q_c:    269.0000    256.5000    233.5000
	ub :    274.0000    282.0000    248.0000
	lb :    264.0000    231.0000    219.0000

	==================================================================================
	Q1:
		Shape: Ellipse
		q_c:    269.5000    257.0000    230.0000
		ub :    272.0541    259.2273    232.2367
		lb :    266.9459    254.7727    227.7633
		P^-1: 
			    0.4444    0.0000    0.0000
			    0.0000    0.4444    -0.0000
			    0.0000    -0.0000    0.4444
	==================================================================================
	Q2:
		Shape: Polyhedra
		q_c:    274.5000    256.0000    230.0000
		ub :    276.8351    258.3225    232.4804
		lb :    272.1649    253.6775    227.5196
		A:
			    -0.1258    0.9266    0.3544
			    0.0158    0.5682    0.8228
			    -0.4153    -0.8950    0.1630
			    0.7381    -0.4635    0.4904
			    -0.8997    0.1861    -0.3949
			    0.4757    0.7824    -0.4020
			    0.8170    0.3959    0.4192
			    -0.5414    0.2768    0.7939
			    0.1983    -0.8756    0.4405
			    -0.8170    -0.3959    -0.4192
			    0.5414    -0.2768    -0.7939
			    -0.1983    0.8756    -0.4405
		b:
			    285.6782
			    340.5302
			    -304.1155
			    198.2343
			    -288.6439
			    239.9185
			    423.5418
			    106.3246
			    -66.9015
			    -420.5418
			    -103.3246
			    69.9015
	==================================================================================
	Q3:
		Shape: Polyhedra
		q_c:    271.5000    258.0000    230.0000
		ub :    273.6730    260.1540    232.2973
		lb :    269.3270    255.8460    227.7027
		A:
			    -0.7036    0.2288    -0.6727
			    -0.7578    0.2483    0.6034
			    0.1756    -0.8984    0.4025
			    -0.1673    -0.4002    -0.9010
			    0.2122    0.1882    0.9589
			    0.4859    0.5422    0.6855
			    0.9304    0.1490    0.3348
			    -0.2616    -0.3700    0.8915
			    0.2567    -0.9170    -0.3053
			    -0.9304    -0.1490    -0.3348
			    0.2616    0.3700    -0.8915
			    -0.2567    0.9170    0.3053
		b:
			    -285.2468
			    -1.3932
			    -90.0484
			    -354.4030
			    328.2316
			    430.9752
			    369.5646
			    40.0718
			    -235.6011
			    -366.5646
			    -37.0718
			    238.6011
	==================================================================================
	Q4:
		Shape: Polyhedra
		q_c:    272.0000    255.5000    232.5000
		ub :    274.9673    257.9227    235.3627
		lb :    269.0327    253.0773    229.6373
		A:
			    -0.1752    0.4830    -0.8579
			    -0.0311    0.9755    -0.2178
			    0.2784    -0.6208    -0.7329
			    0.4927    0.7447    0.4502
			    -0.9614    -0.2692    0.0564
			    0.3331    -0.9199    0.2070
			    0.6404    0.3097    0.7028
			    -0.7394    0.4961    0.4552
			    -0.2077    -0.8112    0.5467
			    -0.6404    -0.3097    -0.7028
			    0.7394    -0.4961    -0.4552
			    0.2077    0.8112    -0.5467
		b:
			    -122.2993
			    191.3932
			    -251.2897
			    430.7871
			    -315.3426
			    -94.8152
			    418.7283
			    33.4456
			    -135.6352
			    -414.7283
			    -29.4456
			    137.6352
	==================================================================================
	Q5:
		Shape: Ellipse
		q_c:    270.0000    261.5000    236.0000
		ub :    272.5020    264.8283    239.4382
		lb :    267.4980    258.1717    232.5618
		P^-1: 
			    0.2477    0.0105    -0.0096
			    0.0105    0.2023    0.0437
			    -0.0096    0.0437    0.2100
	==================================================================================
	Q6:
		Shape: Polyhedra
		q_c:    268.0000    257.0000    231.5000
		ub :    269.9526    259.4877    233.0652
		lb :    266.0474    254.5123    229.9348
		A:
			    0.9275    0.2417    0.2851
			    0.8705    -0.1508    0.4686
			    0.5429    0.1374    0.8285
			    -0.4582    -0.5600    -0.6902
			    0.4840    -0.3115    -0.8177
			    -0.0546    -0.6995    -0.7125
			    0.0568    0.2920    0.9547
			    -0.9745    0.2241    -0.0106
			    -0.2170    -0.9298    0.2973
			    -0.0568    -0.2920    -0.9547
			    0.9745    -0.2241    0.0106
			    0.2170    0.9298    -0.2973
		b:
			    378.2097
			    304.4063
			    373.7625
			    -425.2333
			    -138.4710
			    -358.0947
			    312.2935
			    -204.5202
			    -226.2921
			    -310.2935
			    207.5202
			    230.2921


===========================================================================================
===========================================================================================
S5:
	q_c:    437.0000    507.5000    403.5000
	ub :    455.0000    517.0000    418.0000
	lb :    419.0000    498.0000    389.0000

	==================================================================================
	Q1:
		Shape: Ellipse
		q_c:    435.0000    513.5000    410.0000
		ub :    442.4100    520.8217    413.5142
		lb :    427.5900    506.1783    406.4858
		P^-1: 
			    0.0483    0.0192    -0.0176
			    0.0192    0.0462    -0.0096
			    -0.0176    -0.0096    0.1558
	==================================================================================
	Q2:
		Shape: Ellipse
		q_c:    435.0000    508.5000    398.0000
		ub :    440.2352    512.6991    402.4688
		lb :    429.7648    504.3009    393.5312
		P^-1: 
			    0.0911    0.0071    -0.0118
			    0.0071    0.1086    0.0042
			    -0.0118    0.0042    0.1042
	==================================================================================
	Q3:
		Shape: Polyhedra
		q_c:    432.5000    497.0000    397.0000
		ub :    439.2849    502.2321    404.2869
		lb :    425.7151    491.7679    389.7131
		A:
			    0.7529    -0.6243    -0.2082
			    0.5123    0.8577    0.0442
			    -0.0120    -0.7784    -0.6276
			    0.0793    0.7224    0.6869
			    -0.5909    0.6188    -0.5176
			    0.3857    0.0193    -0.9224
			    0.6432    0.1389    0.7530
			    -0.7431    0.3504    0.5701
			    -0.1847    -0.9262    0.3286
			    -0.6432    -0.1389    -0.7530
			    0.7431    -0.3504    -0.5701
			    0.1847    0.9262    -0.3286
		b:
			    -63.6370
			    669.4366
			    -636.9546
			    670.5215
			    -148.9438
			    -185.8135
			    651.6402
			    82.6103
			    -406.2788
			    -640.6402
			    -75.6103
			    413.2788
	==================================================================================
	Q4:
		Shape: Polyhedra
		q_c:    439.0000    497.5000    399.0000
		ub :    444.7487    504.9095    405.7459
		lb :    433.2513    490.0905    392.2541
		A:
			    0.9978    0.0597    0.0296
			    0.7454    -0.2084    -0.6333
			    0.8259    -0.0716    -0.5593
			    -0.9291    -0.3475    -0.1266
			    0.6728    -0.7092    0.2104
			    -0.1800    0.5514    -0.8146
			    0.1036    0.0443    0.9936
			    -0.9767    0.1931    0.0932
			    -0.1878    -0.9802    0.0633
			    -0.1036    -0.0443    -0.9936
			    0.9767    -0.1931    -0.0932
			    0.1878    0.9802    -0.0633
		b:
			    483.7785
			    -24.4009
			    108.3192
			    -626.3791
			    31.6119
			    -123.6528
			    469.9721
			    -291.5361
			    -538.3087
			    -457.9721
			    299.5361
			    551.3087
	==================================================================================
	Q5:
		Shape: Ellipse
		q_c:    442.0000    497.5000    412.0000
		ub :    447.1834    501.6388    417.5227
		lb :    436.8166    493.3612    406.4773
		P^-1: 
			    0.0791    0.0029    0.0078
			    0.0029    0.1091    0.0079
			    0.0078    0.0079    0.0670
	==================================================================================
	Q6:
		Shape: Polyhedra
		q_c:    445.0000    514.5000    396.0000
		ub :    448.6651    517.2556    400.9909
		lb :    441.3349    511.7444    391.0091
		A:
			    -0.0054    -0.8405    0.5418
			    0.6756    0.7029    -0.2222
			    -0.8689    -0.4328    -0.2403
			    -0.5585    0.6801    -0.4749
			    0.0413    -0.9720    0.2312
			    -0.4685    -0.7085    -0.5279
			    0.4987    0.8598    0.1097
			    0.8383    -0.5106    0.1910
			    0.2202    -0.0033    -0.9754
			    -0.4987    -0.8598    -0.1097
			    -0.8383    0.5106    -0.1910
			    -0.2202    0.0033    0.9754
		b:
			    -217.3928
			    576.8276
			    -702.4684
			    -84.2446
			    -387.9916
			    -779.3921
			    709.7323
			    187.9860
			    -285.4576
			    -705.7323
			    -183.9860
			    294.4576


===========================================================================================
===========================================================================================
S6:
	q_c:    324.0000    420.0000    397.0000
	ub :    337.0000    443.0000    421.0000
	lb :    311.0000    397.0000    373.0000

	==================================================================================
	Q1:
		Shape: Hybrid
		q_c:    332.0000    419.5000    405.5000
		ub :    334.9925    423.6395    409.7788
		lb :    329.0075    415.3605    401.2212
		P^-1: 
			    0.6135    0.3420    0.2462
			    0.3420    0.3579    0.2232
			    0.2462    0.2232    0.2702
		A:
			    -0.9338    -0.2633    -0.2422
			    -0.7221    -0.5811    -0.3753
			    -0.4103    -0.6069    -0.6806
			    0.7942    -0.2710    -0.5439
			    0.3653    0.7763    0.5137
			    0.7550    0.3972    0.5217
		b:
			    -517.8195
			    -635.1819
			    -665.9390
			    -68.6079
			    656.2388
			    629.5052
	==================================================================================
	Q2:
		Shape: Ellipse
		q_c:    333.5000    419.5000    408.5000
		ub :    341.1858    425.8518    415.9027
		lb :    325.8142    413.1482    401.0973
		P^-1: 
			    0.0494    -0.0000    0.0000
			    -0.0000    0.0494    -0.0000
			    0.0000    -0.0000    0.0494
	==================================================================================
	Q3:
		Shape: Polyhedra
		q_c:    333.0000    430.5000    396.0000
		ub :    338.6017    437.0936    402.6286
		lb :    327.3983    423.9064    389.3714
		A:
			    0.8306    0.5077    -0.2289
			    -0.6202    -0.5078    -0.5980
			    -0.7466    -0.3466    -0.5679
			    0.9852    -0.0134    0.1708
			    -0.2665    0.8927    0.3635
			    -0.8607    -0.0401    0.5076
			    0.7530    0.6317    0.1841
			    0.2840    -0.5644    0.7751
			    0.5935    -0.5314    -0.6044
			    -0.7530    -0.6317    -0.1841
			    -0.2840    0.5644    -0.7751
			    -0.5935    0.5314    0.6044
		b:
			    407.6868
			    -658.4929
			    -619.0392
			    393.5173
			    442.7679
			    -99.7554
			    598.6074
			    164.0209
			    -267.4776
			    -592.6074
			    -153.0209
			    273.4776
	==================================================================================
	Q4:
		Shape: Ellipse
		q_c:    327.0000    410.5000    392.5000
		ub :    334.8745    416.2371    400.2602
		lb :    319.1255    404.7629    384.7398
		P^-1: 
			    0.0428    0.0072    -0.0063
			    0.0072    0.0588    0.0066
			    -0.0063    0.0066    0.0434
	==================================================================================
	Q5:
		Shape: Hybrid
		q_c:    334.0000    416.5000    389.5000
		ub :    339.0558    421.6548    395.2262
		lb :    328.9442    411.3452    383.7738
		P^-1: 
			    0.1064    0.0263    0.0049
			    0.0263    0.1047    -0.0485
			    0.0049    -0.0485    0.1095
		A:
			    0.7655    0.6271    -0.1442
			    -0.5055    0.1898    -0.8417
			    -0.6425    -0.7613    -0.0879
			    0.0579    0.1839    -0.9812
			    -0.4720    -0.1080    -0.8750
			    0.9684    0.2217    -0.1145
		b:
			    462.1743
			    -415.9448
			    -564.0969
			    -284.3473
			    -541.4017
			    372.9236
	==================================================================================
	Q6:
		Shape: Ellipse
		q_c:    333.0000    424.0000    412.5000
		ub :    340.0377    430.8372    418.6016
		lb :    325.9623    417.1628    406.3984
		P^-1: 
			    0.0630    0.0137    -0.0055
			    0.0137    0.0495    -0.0096
			    -0.0055    -0.0096    0.0716


===========================================================================================
===========================================================================================
S7:
	q_c:    383.0000    384.5000    180.0000
	ub :    402.0000    396.0000    188.0000
	lb :    364.0000    373.0000    172.0000

	==================================================================================
	Q1:
		Shape: Hybrid
		q_c:    383.5000    384.5000    177.5000
		ub :    386.7301    388.5413    183.5558
		lb :    380.2699    380.4587    171.4442
		P^-1: 
			    0.2373    -0.0253    -0.0237
			    -0.0253    0.1648    0.0287
			    -0.0237    0.0287    0.0410
		A:
			    0.7434    0.5659    0.3565
			    0.9954    -0.0370    0.0881
			    -0.2605    -0.3855    -0.8852
			    0.8945    0.1539    -0.4196
			    0.8746    -0.4793    0.0734
			    -0.6396    0.7547    0.1465
		b:
			    567.7926
			    384.4055
			    -401.5445
			    329.5437
			    165.4911
			    72.0586
	==================================================================================
	Q2:
		Shape: Ellipse
		q_c:    384.0000    383.0000    180.0000
		ub :    388.4879    387.5344    184.5469
		lb :    379.5121    378.4656    175.4531
		P^-1: 
			    0.1272    0.1521    0.1828
			    0.1521    0.4075    0.4347
			    0.1828    0.4347    0.5772
	==================================================================================
	Q3:
		Shape: Hybrid
		q_c:    382.5000    379.5000    189.5000
		ub :    387.4547    383.8772    194.7280
		lb :    377.5453    375.1228    184.2720
		P^-1: 
			    0.1367    0.0084    -0.0398
			    0.0084    0.1138    -0.0164
			    -0.0398    -0.0164    0.0700
		A:
			    -0.7725    0.5036    0.3868
			    0.1084    -0.4387    0.8921
			    0.4579    0.4390    -0.7731
			    0.2992    0.8495    -0.4345
			    0.4299    -0.4291    -0.7944
			    0.5689    0.7551    0.3259
		b:
			    -29.4956
			    46.6642
			    197.0096
			    356.0228
			    -146.6716
			    568.2544
	==================================================================================
	Q4:
		Shape: Ellipse
		q_c:    387.0000    389.5000    180.0000
		ub :    393.7653    395.7292    186.4963
		lb :    380.2347    383.2708    173.5037
		P^-1: 
			    0.0610    0.0056    -0.0011
			    0.0056    0.0423    0.0040
			    -0.0011    0.0040    0.0617
	==================================================================================
	Q5:
		Shape: Polyhedra
		q_c:    388.0000    381.0000    188.5000
		ub :    393.8159    385.3580    193.3109
		lb :    382.1841    376.6420    183.6891
		A:
			    -0.3317    -0.9006    -0.2808
			    0.2874    0.6379    -0.7145
			    0.4309    0.6611    -0.6142
			    0.1939    0.7391    -0.6450
			    -0.3410    -0.7449    0.5735
			    0.3829    0.6853    -0.6195
			    0.7270    0.2556    0.6373
			    -0.6115    0.6631    0.4317
			    -0.3123    -0.7035    0.6384
			    -0.7270    -0.2556    -0.6373
			    0.6115    -0.6631    -0.4317
			    0.3123    0.7035    -0.6384
		b:
			    -521.2742
			    220.5333
			    304.0641
			    235.9885
			    -307.4084
			    293.4840
			    503.5798
			    101.2652
			    -268.3751
			    -495.5798
			    -92.2652
			    269.3751
	==================================================================================
	Q6:
		Shape: Ellipse
		q_c:    379.5000    388.5000    186.5000
		ub :    383.0939    390.4604    190.1972
		lb :    375.9061    386.5396    182.8028
		P^-1: 
			    0.4844    -0.1760    0.3701
			    -0.1760    0.6182    -0.1899
			    0.3701    -0.1899    0.4234


===========================================================================================
===========================================================================================
S8:
	q_c:    211.0000    314.5000    15.5000
	ub :    228.0000    333.0000    31.0000
	lb :    194.0000    296.0000    0.0000

	==================================================================================
	Q1:
		Shape: Ellipse
		q_c:    230.0000    307.5000    20.5000
		ub :    238.9285    317.6503    30.7287
		lb :    221.0715    297.3497    10.2713
		P^-1: 
			    0.0295    -0.0072    -0.0066
			    -0.0072    0.0301    0.0015
			    -0.0066    0.0015    0.0286
	==================================================================================
	Q2:
		Shape: Hybrid
		q_c:    196.5000    313.0000    25.5000
		ub :    205.5635    324.7691    38.4740
		lb :    187.4365    301.2309    12.5260
		P^-1: 
			    0.1066    -0.0487    -0.0531
			    -0.0487    0.0385    0.0237
			    -0.0531    0.0237    0.0396
		A:
			    0.2085    -0.2940    0.9328
			    0.6266    -0.4859    -0.6093
			    0.8719    -0.4653    -0.1528
			    0.7028    -0.1681    -0.6912
			    -0.0798    0.9130    0.4001
			    -0.8437    0.5301    0.0852
		b:
			    -19.3781
			    -42.1130
			    24.1955
			    70.4347
			    286.7423
			    5.0923
	==================================================================================
	Q3:
		Shape: Ellipse
		q_c:    216.0000    306.0000    16.0000
		ub :    226.1229    315.8318    28.9293
		lb :    205.8771    296.1682    3.0707
		P^-1: 
			    0.0286    -0.0024    -0.0087
			    -0.0024    0.0219    -0.0039
			    -0.0087    -0.0039    0.0163
	==================================================================================
	Q4:
		Shape: Hybrid
		q_c:    214.5000    322.0000    6.0000
		ub :    216.5408    323.7686    11.5099
		lb :    212.4592    320.2314    0.4901
		P^-1: 
			    3.7005    0.2057    1.0262
			    0.2057    0.4559    0.0386
			    1.0262    0.0386    0.3211
		A:
			    -0.6331    -0.7162    -0.2937
			    0.4887    0.8430    0.2247
			    0.3171    0.9441    -0.0898
			    0.6892    0.6283    0.3608
			    0.9266    -0.1466    0.3463
			    -0.9459    -0.2116    0.2459
		b:
			    -367.1089
			    378.7859
			    372.8200
			    353.4800
			    154.0861
			    -267.0849
	==================================================================================
	Q5:
		Shape: Hybrid
		q_c:    215.0000    332.0000    24.5000
		ub :    229.0896    344.5691    37.4190
		lb :    200.9104    319.4309    11.5810
		P^-1: 
			    0.0154    -0.0004    0.0022
			    -0.0004    0.0162    -0.0013
			    0.0022    -0.0013    0.0141
		A:
			    -0.0981    0.9542    0.2827
			    0.9947    -0.1013    0.0179
			    -0.9507    -0.1078    0.2907
			    0.9033    0.1817    -0.3887
			    0.0674    -0.8040    0.5908
			    0.9914    0.1135    -0.0651
		b:
			    307.0290
			    185.0350
			    -228.3239
			    249.8471
			    -233.9769
			    253.7138
	==================================================================================
	Q6:
		Shape: Ellipse
		q_c:    203.5000    304.5000    12.0000
		ub :    215.7322    315.1219    21.8470
		lb :    191.2678    293.8781    2.1530
		P^-1: 
			    0.0244    0.0038    0.0174
			    0.0038    0.0172    0.0067
			    0.0174    0.0067    0.0345


===========================================================================================
===========================================================================================
S9:
	q_c:    102.5000    149.0000    26.0000
	ub :    115.0000    173.0000    43.0000
	lb :    90.0000    125.0000    9.0000

	==================================================================================
	Q1:
		Shape: Polyhedra
		q_c:    104.0000    152.0000    29.5000
		ub :    113.8125    159.0220    40.7087
		lb :    94.1875    144.9780    18.2913
		A:
			    -0.0524    0.9787    0.1985
			    -0.0173    -0.5157    0.8566
			    -0.8026    0.5004    0.3248
			    0.9882    0.0269    0.1506
			    0.5544    -0.3144    -0.7706
			    0.7350    -0.3806    0.5612
			    0.4514    0.3232    0.8318
			    -0.8785    -0.0027    0.4778
			    0.1567    -0.9463    0.2827
			    -0.4514    -0.3232    -0.8318
			    0.8785    0.0027    -0.4778
			    -0.1567    0.9463    -0.2827
		b:
			    154.7720
			    -48.7315
			    7.8365
			    118.2115
			    -6.2124
			    41.9409
			    129.1043
			    -71.6807
			    -114.7080
			    -112.1043
			    83.6807
			    123.7080
	==================================================================================
	Q2:
		Shape: Hybrid
		q_c:    101.5000    135.0000    19.5000
		ub :    109.8555    141.2354    27.2708
		lb :    93.1445    128.7646    11.7292
		P^-1: 
			    0.0392    0.0090    -0.0020
			    0.0090    0.0585    0.0042
			    -0.0020    0.0042    0.0378
		A:
			    -0.6325    -0.4623    0.6214
			    0.3615    0.8241    0.4362
			    -0.9210    -0.3700    -0.1217
			    0.1170    -0.9379    0.3267
			    -0.4120    -0.2332    -0.8808
			    -0.6844    -0.5948    0.4216
		b:
			    -111.7899
			    158.5901
			    -143.0346
			    -105.7427
			    -87.3853
			    -139.0646
	==================================================================================
	Q3:
		Shape: Ellipse
		q_c:    112.0000    161.0000    18.5000
		ub :    119.1219    166.3671    26.4666
		lb :    104.8781    155.6329    10.5334
		P^-1: 
			    0.0612    0.0064    -0.0146
			    0.0064    0.0770    -0.0058
			    -0.0146    -0.0058    0.0295
	==================================================================================
	Q4:
		Shape: Polyhedra
		q_c:    97.5000    148.5000    20.0000
		ub :    103.5413    154.8219    24.8164
		lb :    91.4587    142.1781    15.1836
		A:
			    -0.6895    -0.7211    -0.0684
			    -0.1795    0.5372    0.8241
			    0.3232    0.4332    0.8414
			    -0.3162    0.2893    0.9035
			    0.7969    -0.0997    -0.5958
			    -0.1025    0.0758    -0.9918
			    0.5079    0.2586    0.8217
			    -0.7855    -0.2527    0.5650
			    0.3537    -0.9324    0.0748
			    -0.5079    -0.2586    -0.8217
			    0.7855    0.2527    -0.5650
			    -0.3537    0.9324    -0.0748
		b:
			    -172.0123
			    82.4660
			    115.8107
			    33.6883
			    54.6611
			    -15.3586
			    107.3512
			    -99.3049
			    -97.4719
			    -101.3512
			    106.3049
			    107.4719
	==================================================================================
	Q5:
		Shape: Polyhedra
		q_c:    101.0000    137.0000    13.5000
		ub :    108.5305    144.2981    20.2674
		lb :    93.4695    129.7019    6.7326
		A:
			    -0.3278    -0.9404    -0.0905
			    -0.9998    -0.0209    -0.0078
			    -0.7585    -0.5859    0.2853
			    -0.6238    0.5664    0.5386
			    -0.0440    -0.8321    -0.5529
			    0.7387    0.5135    -0.4366
			    0.6554    0.3685    0.6593
			    0.6630    -0.6988    -0.2685
			    0.3617    0.6131    -0.7023
			    -0.6554    -0.3685    -0.6593
			    -0.6630    0.6988    0.2685
			    -0.3617    -0.6131    0.7023
		b:
			    -158.9110
			    -99.3422
			    -149.1770
			    26.7721
			    -121.1732
			    142.8328
			    130.0828
			    -27.3900
			    114.5500
			    -121.0828
			    37.3900
			    -107.5500
	==================================================================================
	Q6:
		Shape: Hybrid
		q_c:    96.5000    139.0000    34.0000
		ub :    109.2137    149.6914    46.3846
		lb :    83.7863    128.3086    21.6154
		P^-1: 
			    0.0183    -0.0004    0.0023
			    -0.0004    0.0203    0.0004
			    0.0023    0.0004    0.0178
		A:
			    -0.3644    0.6657    -0.6512
			    -0.6970    -0.5696    -0.4357
			    0.6667    -0.1112    0.7370
			    0.6764    0.3980    0.6198
			    0.9114    0.3861    -0.1420
			    -0.6103    0.4042    -0.6813
		b:
			    38.8287
			    -157.6965
			    77.4471
			    145.1639
			    140.8860
			    -22.3542


===========================================================================================
===========================================================================================
S10:
	q_c:    46.5000    214.5000    179.5000
	ub :    61.0000    230.0000    198.0000
	lb :    32.0000    199.0000    161.0000

	==================================================================================
	Q1:
		Shape: Ellipse
		q_c:    44.0000    208.0000    173.5000
		ub :    50.9907    214.5859    179.5868
		lb :    37.0093    201.4141    167.4132
		P^-1: 
			    0.0617    -0.0248    -0.0258
			    -0.0248    0.0707    -0.0021
			    -0.0258    -0.0021    0.0935
	==================================================================================
	Q2:
		Shape: Polyhedra
		q_c:    33.5000    207.5000    183.5000
		ub :    44.1143    217.4485    194.8014
		lb :    22.8857    197.5515    172.1986
		A:
			    -0.8292    0.0926    0.5513
			    -0.0555    -0.6108    -0.7898
			    0.9520    -0.2729    -0.1389
			    -0.9701    0.0749    0.2310
			    -0.3883    0.9211    -0.0291
			    -0.8888    0.2907    0.3543
			    0.8964    0.0937    0.4332
			    -0.3562    -0.4291    0.8300
			    0.2637    -0.8984    -0.3513
			    -0.8964    -0.0937    -0.4332
			    0.3562    0.4291    -0.8300
			    -0.2637    0.8984    0.3513
		b:
			    99.5900
			    -266.5379
			    -43.2070
			    32.4350
			    179.7843
			    102.5617
			    135.9670
			    58.3414
			    -235.0379
			    -121.9670
			    -44.3414
			    249.0379
	==================================================================================
	Q3:
		Shape: Hybrid
		q_c:    61.0000    220.5000    170.0000
		ub :    68.9793    226.0566    178.3395
		lb :    53.0207    214.9434    161.6605
		P^-1: 
			    0.0577    0.0092    0.0214
			    0.0092    0.0729    0.0033
			    0.0214    0.0033    0.0372
		A:
			    0.3366    -0.8600    -0.3835
			    -0.4420    0.8358    -0.3258
			    0.1766    0.9214    -0.3463
			    0.2575    0.9193    -0.2977
			    -0.0329    0.7802    -0.6247
			    -0.6472    -0.7578    -0.0830
		b:
			    -231.2943
			    104.1551
			    157.5017
			    170.1992
			    66.7156
			    -218.6768
	==================================================================================
	Q4:
		Shape: Ellipse
		q_c:    57.0000    206.5000    190.5000
		ub :    60.2632    217.5626    201.4093
		lb :    53.7368    195.4374    179.5907
		P^-1: 
			    0.2465    -0.0259    -0.0116
			    -0.0259    0.0193    0.0024
			    -0.0116    0.0024    0.0176
	==================================================================================
	Q5:
		Shape: Hybrid
		q_c:    35.0000    214.5000    191.5000
		ub :    42.8852    221.7700    196.4881
		lb :    27.1148    207.2300    186.5119
		P^-1: 
			    0.0468    0.0395    -0.0082
			    0.0395    0.1071    -0.0819
			    -0.0082    -0.0819    0.1981
		A:
			    0.0520    -0.3474    0.9363
			    0.5232    0.8206    -0.2300
			    -0.3723    -0.8753    0.3086
			    0.3918    0.9197    -0.0259
			    -0.2782    -0.6409    0.7154
			    0.2156    0.9462    -0.2413
		b:
			    107.7567
			    152.1752
			    -139.8419
			    208.4115
			    -9.1044
			    166.7053
	==================================================================================
	Q6:
		Shape: Polyhedra
		q_c:    32.5000    213.5000    190.5000
		ub :    41.1910    219.6231    199.7262
		lb :    23.8090    207.3769    181.2738
		A:
			    -0.6604    0.2668    -0.7019
			    -0.4681    0.7674    -0.4383
			    -0.0096    -0.9498    0.3127
			    -0.4925    0.5633    -0.6634
			    0.5423    -0.7865    0.2956
			    0.2722    -0.9570    0.0998
			    0.5062    0.5354    0.6761
			    0.2920    -0.8440    0.4498
			    0.8115    -0.0303    -0.5836
			    -0.5062    -0.5354    -0.6761
			    -0.2920    0.8440    -0.4498
			    -0.8115    0.0303    0.5836
		b:
			    -92.6388
			    67.4460
			    -140.3616
			    -18.4497
			    -91.5559
			    -173.2363
			    267.5568
			    -83.0176
			    -86.2744
			    -251.5568
			    87.0176
			    96.2744


===========================================================================================
===========================================================================================
S11:
	q_c:    277.5000    127.5000    290.5000
	ub :    295.0000    136.0000    306.0000
	lb :    260.0000    119.0000    275.0000

	==================================================================================
	Q1:
		Shape: Hybrid
		q_c:    284.0000    136.0000    287.5000
		ub :    290.3016    142.3250    294.9618
		lb :    277.6984    129.6750    280.0382
		P^-1: 
			    0.0664    -0.0032    -0.0223
			    -0.0032    0.0399    0.0004
			    -0.0223    0.0004    0.0484
		A:
			    0.6950    0.0546    -0.7170
			    -0.0102    0.9622    -0.2721
			    0.9643    0.0265    -0.2636
			    0.7996    -0.5732    0.1790
			    0.9227    -0.3724    0.0994
			    -0.5609    -0.0503    -0.8264
		b:
			    0.5328
			    52.9831
			    203.7157
			    203.4980
			    242.6481
			    -399.9772
	==================================================================================
	Q2:
		Shape: Polyhedra
		q_c:    282.0000    129.0000    289.5000
		ub :    287.6678    135.3872    295.1300
		lb :    276.3322    122.6128    283.8700
		A:
			    0.7812    0.5270    0.3347
			    0.1801    -0.7732    0.6081
			    0.3251    0.0765    -0.9426
			    0.1231    0.9803    -0.1546
			    0.5876    0.5695    0.5747
			    0.7264    0.1595    -0.6685
			    0.8476    0.4172    0.3279
			    -0.0200    -0.5924    0.8054
			    0.5302    -0.6892    -0.4938
			    -0.8476    -0.4172    -0.3279
			    0.0200    0.5924    -0.8054
			    -0.5302    0.6892    0.4938
		b:
			    388.6913
			    129.9718
			    -167.7547
