3D_50_13_6_f                l = 3

===========================================================================================
===========================================================================================
S1:
	q_c:	111.5	286.5	89.0
	ub :	125.303	299.8586	99.8069
	lb :	99.2472	277.7859	76.971

	==================================================================================
	Q1:
		Shape: Ellipse
		q_c:	114.5	284.0	83.0
		ub :	119.0759	289.9286	89.029
		lb :	109.9241	278.0714	76.971
		P^-1:
			0.1263	-0.0642	-0.0614
			-0.0642	0.1198	0.0683
			-0.0614	0.0683	0.1157
	==================================================================================
	Q2:
		Shape: Hybrid
		q_c:	119.5	284.0	88.5
		ub :	125.303	290.2141	93.6029
		lb :	113.697	277.7859	83.3971
		P^-1:
			0.0802	-0.0082	0.0142
			-0.0082	0.0608	0.0167
			0.0142	0.0167	0.1011
		A:
			-0.9406	-0.0772	0.3307
			0.4111	-0.5915	0.6937
			0.461	0.5282	0.7131
			-0.5715	0.3999	-0.7165
			0.6302	0.0515	0.7747
			-0.22	0.1717	-0.9603
		b:
			-102.6986
			-55.2489
			269.9278
			-16.2342
			160.0543
			-60.6989
	==================================================================================
	Q3:
		Shape: Ellipse
		q_c:	112.5	287.5	94.5
		ub :	116.626	292.1776	99.8069
		lb :	108.374	282.8224	89.1931
		P^-1:
			0.6071	-0.3861	0.2604
			-0.3861	0.3617	-0.1497
			0.2604	-0.1497	0.1917
	==================================================================================
	Q4:
		Shape: Hybrid
		q_c:	105.0	284.5	86.0
		ub :	108.2967	289.789	89.7195
		lb :	101.7033	279.211	82.2805
		P^-1:
			0.2327	-0.0517	-0.0223
			-0.0517	0.0955	-0.0668
			-0.0223	-0.0668	0.2211
		A:
			0.5388	0.1194	-0.8339
			-0.6163	-0.5402	0.573
			0.9973	-0.0674	0.0282
			-0.0874	-0.5763	0.8126
			-0.6561	0.0835	0.75
			-0.5969	0.7008	-0.3906
		b:
			19.8392
			-167.4502
			89.1886
			-102.056
			20.476
			104.431
	==================================================================================
	Q5:
		Shape: Ellipse
		q_c:	110.5	288.5	85.5
		ub :	116.0743	294.859	92.5598
		lb :	104.9257	282.141	78.4402
		P^-1:
			0.1056	-0.089	-0.0396
			-0.089	0.1587	0.0567
			-0.0396	0.0567	0.0587
	==================================================================================
	Q6:
		Shape: Polyhedra
		q_c:	105.0	294.0	95.5
		ub :	110.7528	299.8586	98.4415
		lb :	99.2472	288.1414	92.5585
		A:
			-0.5288	0.0808	0.8449
			0.8869	0.0162	-0.4616
			-0.3957	-0.3375	0.8541
			0.3356	-0.4977	0.7998
			0.6258	0.1637	0.7626
			0.0024	-0.0899	0.9959
			0.7534	0.6534	0.0731
			0.6139	-0.739	0.2775
			0.2353	-0.1642	-0.9579
			-0.7534	-0.6534	-0.0731
			-0.6139	0.739	-0.2775
			-0.2353	0.1642	0.9579
		b:
			50.7713
			56.8639
			-56.8916
			-31.0256
			189.8792
			71.0234
			281.704
			-121.7963
			-113.5349
			-274.704
			130.7963
			116.5349


===========================================================================================
===========================================================================================
S2:
	q_c:	502.0	171.5	454.0
	ub :	514.9225	183.3547	464.3327
	lb :	497.7205	163.8044	442.5942

	==================================================================================
	Q1:
		Shape: Hybrid
		q_c:	508.5	170.0	457.5
		ub :	512.461	173.2088	461.2745
		lb :	504.539	166.7912	453.7255
		P^-1:
			0.1244	0.1148	0.0226
			0.1148	0.3898	0.0606
			0.0226	0.0606	0.0935
		A:
			-0.0171	0.434	-0.9008
			-0.4243	0.8211	-0.3818
			-0.1428	-0.8809	-0.4513
			0.8026	0.4198	0.4238
			-0.2928	0.5383	-0.7902
			0.1419	-0.9892	0.0366
		b:
			-344.3556
			-248.57
			-427.7376
			675.2309
			-416.2469
			-77.7816
	==================================================================================
	Q2:
		Shape: Ellipse
		q_c:	502.0	168.0	447.0
		ub :	504.5741	172.1956	451.4058
		lb :	499.4259	163.8044	442.5942
		P^-1:
			0.4205	0.0075	-0.0857
			0.0075	0.1113	-0.0021
			-0.0857	-0.0021	0.1348
	==================================================================================
	Q3:
		Shape: Ellipse
		q_c:	509.0	173.0	459.0
		ub :	514.9225	178.7958	464.3327
		lb :	503.0775	167.2042	453.6673
		P^-1:
			0.0877	-0.0207	-0.0079
			-0.0207	0.0926	-0.0049
			-0.0079	-0.0049	0.0749
	==================================================================================
	Q4:
		Shape: Hybrid
		q_c:	502.5	178.0	451.0
		ub :	507.2795	183.3547	455.5122
		lb :	497.7205	172.6453	446.4878
		P^-1:
			0.1294	-0.0328	-0.0414
			-0.0328	0.1383	-0.0786
			-0.0414	-0.0786	0.1917
		A:
			-0.7547	0.5398	-0.3729
			-0.3919	-0.1418	0.909
			0.7597	0.5597	0.3309
			0.4493	-0.4872	0.7488
			0.9875	-0.0874	-0.131
			0.8298	0.1799	-0.5283
		b:
			-449.7631
			189.0411
			634.0017
			478.2508
			423.4818
			212.2717
	==================================================================================
	Q5:
		Shape: Ellipse
		q_c:	502.0	177.5	458.5
		ub :	505.9834	182.0642	462.5304
		lb :	498.0166	172.9358	454.4696
		P^-1:
			0.1111	0.0005	0.0
			0.0005	0.0494	-0.0012
			0.0	-0.0012	0.1111
	==================================================================================
	Q6:
		Shape: Ellipse
		q_c:	509.0	175.0	453.5
		ub :	514.1385	180.7656	458.9021
		lb :	503.8615	169.2344	448.0979
		P^-1:
			0.0914	0.0092	0.0104
			0.0092	0.0903	0.0098
			0.0104	0.0098	0.0927


===========================================================================================
===========================================================================================
S3:
	q_c:	233.0	129.5	505.0
	ub :	250.9649	145.8307	522.9139
	lb :	212.33	112.9286	488.4866

	==================================================================================
	Q1:
		Shape: Ellipse
		q_c:	231.5	133.5	515.0
		ub :	239.7765	141.7091	521.9967
		lb :	223.2235	125.2909	508.0033
		P^-1:
			0.045	0.0065	-0.0109
			0.0065	0.0409	0.0102
			-0.0109	0.0102	0.0538
	==================================================================================
	Q2:
		Shape: Ellipse
		q_c:	236.5	138.0	512.5
		ub :	245.4668	145.8307	521.3816
		lb :	227.5332	130.1693	503.6184
		P^-1:
			0.0312	0.0057	-0.01
			0.0057	0.0616	-0.0246
			-0.01	-0.0246	0.0456
	==================================================================================
	Q3:
		Shape: Polyhedra
		q_c:	218.5	136.0	516.0
		ub :	224.67	142.1864	522.9139
		lb :	212.33	129.8136	509.0861
		A:
			-0.6254	0.5468	-0.5567
			-0.6375	-0.6958	0.3307
			-0.7282	0.2721	-0.6291
			0.5534	0.3314	-0.7641
			0.4679	0.8831	-0.0359
			0.3262	-0.9427	0.0696
			0.5984	0.3847	0.7028
			0.0828	0.8428	-0.5318
			-0.7969	0.3764	0.4725
			-0.5984	-0.3847	-0.7028
			-0.0828	-0.8428	0.5318
			0.7969	-0.3764	-0.4725
		b:
			-345.6231
			-59.4886
			-442.5001
			-224.5443
			207.6865
			-17.3196
			550.2248
			-138.1784
			124.8547
			-541.2248
			145.1784
			-116.8547
	==================================================================================
	Q4:
		Shape: Ellipse
		q_c:	227.5	137.0	513.0
		ub :	233.4595	141.5538	519.7553
		lb :	221.5405	132.4462	506.2447
		P^-1:
			0.0419	-0.0148	0.004
			-0.0148	0.1456	-0.0374
			0.004	-0.0374	0.0456
	==================================================================================
	Q5:
		Shape: Hybrid
		q_c:	221.5	132.0	492.5
		ub :	227.0	137.66	496.5134
		lb :	216.0	126.34	488.4866
		P^-1:
			0.1221	-0.052	-0.0074
			-0.052	0.0887	-0.0101
			-0.0074	-0.0101	0.1586
		A:
			-0.6623	0.1794	-0.7274
			-0.985	-0.0528	0.1644
			0.2242	0.4456	-0.8667
			-0.1378	0.9605	0.2417
			0.2342	0.5178	0.8228
			-0.0941	-0.2445	-0.9651
		b:
			-479.7421
			-142.0793
			-316.7178
			217.7326
			527.7029
			-526.8223
	==================================================================================
	Q6:
		Shape: Polyhedra
		q_c:	244.0	120.5	507.5
		ub :	250.9649	128.0714	515.366
		lb :	237.0351	112.9286	499.634
		A:
			-0.7347	-0.1572	0.66
			-0.9329	-0.1633	0.3211
			0.4872	-0.137	-0.8625
			0.9673	0.1462	-0.2072
			-0.5107	0.1917	-0.8381
			-0.7732	-0.0398	0.6329
			0.5364	0.5197	0.6649
			-0.8152	0.5229	0.2489
			-0.2184	-0.6756	0.7042
			-0.5364	-0.5197	-0.6649
			0.8152	-0.5229	-0.2489
			0.2184	0.6756	-0.7042
		b:
			140.0172
			-80.3963
			-331.3407
			152.7332
			-521.2347
			130.9658
			537.972
			-6.5719
			226.1871
			-523.972
			12.5719
			-219.1871


===========================================================================================
===========================================================================================
S4:
	q_c:	189.0	195.5	348.5
	ub :	197.4017	202.798	360.5404
	lb :	177.0771	182.1745	337.5564

	==================================================================================
	Q1:
		Shape: Polyhedra
		q_c:	186.0	196.5	356.0
		ub :	190.5279	199.4779	360.5404
		lb :	181.4721	193.5221	351.4596
		A:
			-0.1386	-0.9753	0.1718
			-0.3112	0.616	-0.7237
			0.0209	-0.8885	0.4584
			-0.2929	0.3317	-0.8967
			-0.8446	0.2755	-0.4591
			-0.0199	-0.943	0.3323
			0.5593	0.7354	0.3826
			0.6685	-0.1272	-0.7328
			-0.4902	0.6656	-0.5627
			-0.5593	-0.7354	-0.3826
			-0.6685	0.1272	0.7328
			0.4902	-0.6656	0.5627
		b:
			-154.4331
			-192.7326
			-5.7066
			-306.3551
			-264.5025
			-68.9259
			386.7452
			-157.5112
			-159.2155
			-382.7452
			165.5112
			162.2155
	==================================================================================
	Q2:
		Shape: Ellipse
		q_c:	184.0	191.0	354.0
		ub :	186.6322	196.5822	359.182
		lb :	181.3678	185.4178	348.818
		P^-1:
			0.8084	0.1845	0.3244
			0.1845	0.1019	0.0947
			0.3244	0.0947	0.2207
	==================================================================================
	Q3:
		Shape: Polyhedra
		q_c:	182.5	185.5	353.0
		ub :	185.4444	188.8255	356.0621
		lb :	179.5556	182.1745	349.9379
		A:
			0.838	0.5024	-0.2129
			0.6191	0.4085	-0.6707
			-0.8299	-0.3078	0.4653
			0.6584	0.6904	-0.2998
			-0.4761	-0.5634	0.6752
			0.5247	0.7031	-0.4799
			0.1237	0.4955	0.8597
			-0.7751	0.5892	-0.2281
			-0.6196	-0.6382	0.457
			-0.1237	-0.4955	-0.8597
			0.7751	-0.5892	0.2281
			0.6196	0.6382	-0.457
		b:
			172.1074
			-47.0812
			-43.0864
			143.0397
			47.8159
			57.3812
			420.4808
			-109.6815
			-69.6456
			-415.4808
			115.6815
			70.6456
	==================================================================================
	Q4:
		Shape: Polyhedra
		q_c:	188.5	190.0	346.0
		ub :	193.8429	195.0604	351.367
		lb :	183.1571	184.9396	340.633
		A:
			-0.6157	0.7468	0.2513
			0.3174	0.1432	0.9374
			0.8945	0.2028	-0.3985
			-0.6663	0.6542	0.3579
			-0.4625	0.8819	-0.0911
			-0.9861	-0.1594	-0.048
			0.6575	0.5887	0.4703
			0.1995	-0.7379	0.6448
			0.7266	-0.3301	-0.6026
			-0.6575	-0.5887	-0.4703
			-0.1995	0.7379	-0.6448
			-0.7266	0.3301	0.6026
		b:
			116.0408
			414.6021
			72.701
			125.8982
			51.7548
			-229.2713
			402.0122
			122.9826
			-130.7395
			-395.0122
			-117.9826
			137.7395
	==================================================================================
	Q5:
		Shape: Polyhedra
		q_c:	183.5	198.5	354.5
		ub :	189.9229	202.798	358.6185
		lb :	177.0771	194.202	350.3815
		A:
			0.3248	-0.5149	-0.7933
			0.2357	-0.3595	0.9029
			0.4033	-0.2162	-0.8891
			0.0151	0.8713	-0.4904
			0.5691	-0.7689	-0.2916
			-0.1231	-0.8993	-0.4196
			0.9645	0.2124	0.1568
			0.1979	-0.9748	0.1031
			0.1748	-0.0684	-0.9822
			-0.9645	-0.2124	-0.1568
			-0.1979	0.9748	-0.1031
			-0.1748	0.0684	0.9822
		b:
			-320.8289
			295.2531
			-280.9611
			4.9317
			-148.1764
			-346.3928
			280.2432
			-117.6172
			-326.7156
			-269.2432
			123.6172
			332.7156
	==================================================================================
	Q6:
		Shape: Hybrid
		q_c:	192.5	192.0	343.0
		ub :	197.4017	196.6813	348.4436
		lb :	187.5983	187.3187	337.5564
		P^-1:
			0.0817	0.0011	-0.0007
			0.0011	0.1387	-0.0349
			-0.0007	-0.0349	0.1029
		A:
			0.371	0.922	-0.1111
			0.3148	0.9095	-0.2713
			-0.7364	-0.5657	0.3711
			0.6941	0.2895	-0.6591
			0.9257	0.2914	-0.2413
			-0.3191	0.7075	-0.6305
		b:
			211.8912
			143.5889
			-121.2863
			-34.9334
			153.5026
			-140.4514


===========================================================================================
===========================================================================================
S5:
	q_c:	79.0	112.0	431.0
	ub :	90.4349	128.843	446.323
	lb :	66.7878	97.5582	418.7426

	==================================================================================
	Q1:
		Shape: Polyhedra
		q_c:	74.5	115.0	425.5
		ub :	80.537	121.6728	432.2574
		lb :	68.463	108.3272	418.7426
		A:
			0.4362	-0.845	0.3093
			-0.9104	-0.4128	-0.0273
			0.5413	0.6828	0.4907
			-0.7607	0.3225	0.5634
			0.2201	0.0687	-0.9731
			0.3609	0.5225	-0.7725
			0.468	0.7453	0.4748
			0.2381	-0.6238	0.7445
			0.8511	-0.2353	-0.4694
			-0.468	-0.7453	-0.4748
			-0.2381	0.6238	-0.7445
			-0.8511	0.2353	0.4694
		b:
			70.897
			-122.8221
			332.1456
			223.6571
			-385.8715
			-237.823
			327.119
			266.7765
			-159.8738
			-318.119
			-258.7765
			166.8738
	==================================================================================
	Q2:
		Shape: Hybrid
		q_c:	82.0	104.5	427.0
		ub :	88.108	111.4418	433.9366
		lb :	75.892	97.5582	420.0634
		P^-1:
			0.0667	-0.0288	-0.0189
			-0.0288	0.075	0.0156
			-0.0189	0.0156	0.0587
		A:
			0.5208	-0.232	-0.8215
			0.1052	-0.3478	-0.9317
			-0.9356	0.2961	0.1925
			-0.1539	-0.9729	-0.1726
			0.4994	0.078	-0.8628
			0.9175	-0.3815	0.112
		b:
			-330.2642
			-423.0412
			38.5691
			-185.2593
			-316.8193
			85.572
	==================================================================================
	Q3:
		Shape: Hybrid
		q_c:	80.5	111.0	435.0
		ub :	86.9756	117.1483	443.3652
		lb :	74.0244	104.8517	426.6348
		P^-1:
			0.0486	-0.0011	0.0062
			-0.0011	0.0603	-0.0082
			0.0062	-0.0082	0.0234
		A:
			0.826	0.4699	-0.3113
			-0.1493	0.9395	0.3084
			0.803	0.5632	-0.1951
			-0.6774	0.3771	-0.6317
			0.4778	0.8768	-0.0538
			-0.6437	0.7648	0.0269
		b:
			-13.8929
			229.3612
			44.8818
			-284.641
			114.5956
			47.2617
	==================================================================================
	Q4:
		Shape: Polyhedra
		q_c:	82.0	121.0	426.5
		ub :	90.4349	128.843	433.5321
		lb :	73.5651	113.157	419.4679
		A:
			0.8059	-0.4498	-0.3849
			0.2207	0.1111	0.969
			-0.3019	-0.9533	-0.0124
			0.0024	-0.4138	0.9103
			-0.5233	0.5697	-0.6337
			-0.6652	-0.7462	-0.0253
			0.663	0.5088	0.5492
			0.5038	-0.8458	0.1754
			0.5538	0.1604	-0.8171
			-0.663	-0.5088	-0.5492
			-0.5038	0.8458	-0.1754
			-0.5538	-0.1604	0.8171
		b:
			-148.1381
			449.8696
			-140.0072
			342.5775
			-239.1919
			-150.1807
			356.1615
			18.7837
			-280.162
			-344.1615
			-8.7837
			287.162
	==================================================================================
	Q5:
		Shape: Polyhedra
		q_c:	72.5	103.5	439.5
		ub :	78.2122	107.1196	446.323
		lb :	66.7878	99.8804	432.677
		A:
			0.0233	-0.9609	0.2759
			-0.1083	0.9595	-0.26
			0.1356	0.8623	-0.488
			-0.5921	0.7579	0.274
			-0.1194	-0.8924	-0.4352
			0.5126	-0.6124	0.6018
			0.0266	0.3224	0.9462
			-0.0291	0.9464	-0.3216
			-0.9992	-0.019	0.0346
			-0.0266	-0.3224	-0.9462
			0.0291	-0.9464	0.3216
			0.9992	0.019	-0.0346
		b:
			25.0264
			-21.2096
			-113.3119
			160.5732
			-287.5679
			242.0774
			457.6649
			-44.014
			-53.724
			-444.6649
			47.014
			64.724
	==================================================================================
	Q6:
		Shape: Hybrid
		q_c:	82.0	119.5	437.5
		ub :	88.5601	126.9146	444.7381
		lb :	75.4399	112.0854	430.2619
		P^-1:
			0.0672	0.0211	-0.0144
			0.0211	0.0706	0.036
			-0.0144	0.036	0.0786
		A:
			0.3933	0.8489	0.3532
			0.8145	0.5147	-0.2679
			0.7705	-0.3286	-0.5462
			-0.4878	0.4934	0.7201
			-0.4379	0.3789	0.8153
			0.9511	-0.1319	0.2794
		b:
			289.962
			13.0907
			-212.8103
			335.8171
			367.7309
			188.2461


===========================================================================================
===========================================================================================
S6:
	q_c:	103.0	36.5	117.5
	ub :	117.7168	56.0937	134.2932
	lb :	85.0951	13.114	100.1524

	==================================================================================
	Q1:
		Shape: Hybrid
		q_c:	93.0	29.5	109.0
		ub :	100.9049	38.3703	117.4232
		lb :	85.0951	20.6297	100.5768
		P^-1:
			0.0205	0.0008	0.0001
			0.0008	0.027	0.0015
			0.0001	0.0015	0.0243
		A:
			-0.4143	0.6022	0.6824
			0.1266	-0.9911	0.0403
			-0.4591	0.2929	-0.8387
			0.4676	0.458	0.756
			0.0307	-0.9357	-0.3514
			0.9885	0.1347	0.0685
		b:
			56.9356
			-9.9143
			-121.8527
			142.7064
			-60.0311
			107.3104
	==================================================================================
	Q2:
		Shape: Hybrid
		q_c:	111.0	24.0	127.5
		ub :	117.7168	34.886	134.2932
		lb :	104.2832	13.114	120.7068
		P^-1:
			0.2062	0.0781	0.0483
			0.0781	0.0413	0.0166
			0.0483	0.0166	0.0455
		A:
			-0.8804	-0.4743	0.0002
			-0.7307	-0.4226	-0.5362
			0.5903	0.2548	0.7659
			-0.8628	-0.1478	-0.4834
			-0.8098	-0.5866	-0.0036
			0.916	0.3938	-0.0762
		b:
			-107.5418
			-157.6515
			171.9701
			-159.0844
			-102.1984
			102.9933
	==================================================================================
	Q3:
		Shape: Polyhedra
		q_c:	97.0	47.0	116.0
		ub :	106.0467	56.0937	120.9244
		lb :	87.9533	37.9063	111.0756
		A:
			-0.8449	-0.4156	-0.3367
			0.6779	0.2975	0.6723
			-0.5749	0.1034	0.8117
			-0.9051	-0.418	-0.0783
			-0.435	-0.4388	0.7863
			0.1355	-0.0141	-0.9907
			0.9099	0.2401	0.3382
			-0.2455	0.969	-0.0274
			-0.3343	-0.0581	0.9407
			-0.9099	-0.2401	-0.3382
			0.2455	-0.969	0.0274
			0.3343	0.0581	-0.9407
		b:
			-133.5316
			164.2508
			46.5329
			-109.7027
			32.1803
			-99.5608
			145.7762
			26.0462
			76.4676
			-131.7762
			-11.0462
			-71.4676
	==================================================================================
	Q4:
		Shape: Polyhedra
		q_c:	105.5	48.5	107.5
		ub :	111.1871	55.6073	113.4453
		lb :	99.8129	41.3927	101.5547
		A:
			-0.5584	0.2984	-0.7741
			-0.5983	-0.6	-0.531
			-0.4476	-0.1228	-0.8857
			-0.5422	-0.5496	-0.6355
			-0.5606	0.4538	0.6927
			0.8561	-0.0553	0.5139
			0.3991	0.2834	0.872
			-0.9168	0.1416	0.3735
			-0.0176	-0.9485	0.3163
			-0.3991	-0.2834	-0.872
			0.9168	-0.1416	-0.3735
			0.0176	0.9485	-0.3163
		b:
			-123.7023
			-145.7578
			-145.7454
			-149.0017
			41.867
			146.6467
			152.088
			-44.6991
			-7.8628
			-147.088
			54.6991
			19.8628
	==================================================================================
	Q5:
		Shape: Polyhedra
		q_c:	101.0	36.0	109.5
		ub :	110.7842	43.6251	118.8476
		lb :	91.2158	28.3749	100.1524
		A:
			0.4042	0.5069	0.7614
			-0.6963	-0.032	-0.717
			-0.1665	0.75	0.6401
			0.9812	-0.1073	0.1606
			0.4076	0.7392	0.5361
			-0.101	0.8182	0.5659
			0.5632	0.4615	0.6855
			-0.624	-0.3064	0.7189
			0.5418	-0.8326	0.1154
			-0.5632	-0.4615	-0.6855
			0.624	0.3064	-0.7189
			-0.5418	0.8326	-0.1154
		b:
			145.7129
			-146.7174
			84.8546
			118.2362
			129.7228
			85.2263
			151.5533
			14.1715
			41.3809
			-145.5533
			4.8285
			-33.3809
	==================================================================================
	Q6:
		Shape: Ellipse
		q_c:	91.0	26.5	125.5
		ub :	95.4357	31.3051	130.6749
		lb :	86.5643	21.6949	120.3251
		P^-1:
			0.1111	0.0	0.0
			0.0	0.1111	0.0
			0.0	0.0	0.1111


===========================================================================================
===========================================================================================
S7:
	q_c:	407.5	206.0	319.5
	ub :	435.6406	228.5578	345.2919
	lb :	385.0439	178.7863	290.0686

	==================================================================================
	Q1:
		Shape: Ellipse
		q_c:	418.5	190.5	310.5
		ub :	424.4358	199.9283	320.3277
		lb :	412.5642	181.0717	300.6723
		P^-1:
			0.0945	0.0152	0.0317
			0.0152	0.0259	0.005
			0.0317	0.005	0.0348
	==================================================================================
	Q2:
		Shape: Polyhedra
		q_c:	408.0	195.5	322.0
		ub :	412.4347	206.1045	329.991
		lb :	403.5653	184.8955	314.009
		A:
			0.8233	-0.0823	-0.5616
			-0.9707	-0.2368	-0.0408
			-0.9718	0.1491	0.1827
			-0.2492	-0.1631	-0.9546
			0.6759	-0.2468	-0.6945
			0.7464	-0.2461	-0.6182
			0.4752	0.3929	0.7873
			-0.8737	0.1052	0.4749
			0.1037	-0.9136	0.3933
			-0.4752	-0.3929	-0.7873
			0.8737	-0.1052	-0.4749
			-0.1037	0.9136	-0.3933
		b:
			140.654
			-452.427
			-306.1153
			-436.0921
			5.9486
			59.2257
			528.7044
			-181.4889
			-0.1466
			-519.7044
			184.4889
			19.1466
	==================================================================================
	Q3:
		Shape: Ellipse
		q_c:	398.0	191.0	328.5
		ub :	410.9561	203.2137	339.4633
		lb :	385.0439	178.7863	317.5367
		P^-1:
			0.0159	-0.0051	-0.0006
			-0.0051	0.0145	0.0006
			-0.0006	0.0006	0.0112
	==================================================================================
	Q4:
		Shape: Hybrid
		q_c:	422.0	215.5	332.0
		ub :	434.6747	228.5578	345.2919
		lb :	409.3253	202.4422	318.7081
		P^-1:
			0.0121	-0.0022	-0.0055
			-0.0022	0.0123	0.0032
			-0.0055	0.0032	0.0194
		A:
			0.5033	-0.2203	-0.8356
			0.8115	0.1094	-0.574
			-0.2826	-0.252	-0.9255
			0.5534	-0.7521	0.358
			-0.5526	-0.7706	0.3176
			-0.7623	-0.6397	0.0983
		b:
			-109.184
			180.2636
			-475.4776
			196.698
			-287.4363
			-420.1465
	==================================================================================
	Q5:
		Shape: Ellipse
		q_c:	406.0	201.0	301.5
		ub :	418.4649	208.1753	312.9314
		lb :	393.5351	193.8247	290.0686
		P^-1:
			0.0107	0.0033	0.0006
			0.0033	0.0391	-0.0036
			0.0006	-0.0036	0.014
	==================================================================================
	Q6:
		Shape: Polyhedra
		q_c:	425.0	208.5	313.5
		ub :	435.6406	219.6594	324.7043
		lb :	414.3594	197.3406	302.2957
		A:
			-0.1049	0.0556	0.9929
			-0.4465	0.8812	0.1554
			0.8118	0.0615	0.5807
			-0.2362	0.4723	-0.8492
			0.3365	-0.5405	0.7711
			-0.6071	-0.7839	0.1301
			0.1014	0.4698	0.8769
			-0.5822	0.7428	-0.3306
			-0.8067	-0.477	0.3488
			-0.1014	-0.4698	-0.8769
			0.5822	-0.7428	0.3306
			0.8067	0.477	-0.3488
		b:
			285.9513
			48.0966
			546.8194
			-261.987
			277.7092
			-372.0449
			423.4654
			-191.7216
			-323.9405
			-408.4654
			200.7216
			341.9405


===========================================================================================
===========================================================================================
S8:
	q_c:	39.5	48.5	413.5
	ub :	48.7955	62.4435	424.2443
	lb :	25.079	43.1185	401.6896

	==================================================================================
	Q1:
		Shape: Hybrid
		q_c:	46.5	47.0	415.0
		ub :	48.7955	49.7492	417.705
		lb :	44.2045	44.2508	412.295
		P^-1:
			0.4139	-0.0437	0.0831
			-0.0437	0.598	0.4034
			0.0831	0.4034	0.5925
		A:
			0.4808	0.6696	0.5661
			0.3347	-0.4627	-0.8209
			-0.3661	0.6752	0.6404
			0.5061	-0.6935	-0.5127
			-0.7034	0.0436	0.7095
			0.1908	0.2661	0.9449
		b:
			289.456
			-346.0215
			281.108
			-221.1283
			265.2403
			414.3988
	==================================================================================
	Q2:
		Shape: Polyhedra
		q_c:	34.0	56.5	420.0
		ub :	39.2119	62.4435	424.2443
		lb :	28.7881	50.5565	415.7557
		A:
			-0.7148	-0.5715	-0.403
			0.6638	0.4274	-0.6137
			0.9151	-0.1031	0.3897
			-0.5436	0.3416	0.7666
			-0.7186	-0.1055	0.6874
			0.8838	0.1472	0.4441
			0.5274	0.7655	0.3685
			0.84	-0.5349	-0.0911
			0.1274	0.3576	-0.9252
			-0.5274	-0.7655	-0.3685
			-0.84	0.5349	0.0911
			-0.1274	-0.3576	0.9252
		b:
			-221.429
			-207.9649
			192.4726
			325.7368
			261.1011
			228.7575
			220.453
			-36.9052
			-361.5331
			-211.453
			42.9052
			366.5331
	==================================================================================
	Q3:
		Shape: Hybrid
		q_c:	42.0	54.0	416.0
		ub :	44.8977	60.156	422.6606
		lb :	39.1023	47.844	409.3394
		P^-1:
			0.1594	-0.0033	-0.006
			-0.0033	0.0656	0.0232
			-0.006	0.0232	0.0496
		A:
			-0.0124	-0.9995	0.0276
			0.8709	0.0449	0.4893
			0.2773	0.6573	0.7007
			-0.6395	0.7674	-0.0472
			-0.9293	-0.2802	-0.2404
			-0.9552	0.263	-0.1358
		b:
			-39.9291
			244.6066
			340.9712
			-2.5743
			-152.6983
			-80.8026
	==================================================================================
	Q4:
		Shape: Polyhedra
		q_c:	38.5	49.0	417.5
		ub :	44.1414	54.8815	422.0595
		lb :	32.8586	43.1185	412.9405
		A:
			-0.2835	-0.9396	-0.1919
			-0.8462	-0.1685	-0.5055
			0.7058	0.478	0.5228
			0.7696	-0.4945	0.404
			0.8789	0.4728	-0.0633
			-0.6243	0.15	0.7666
			0.7808	0.5946	0.1919
			0.6218	-0.7095	-0.3316
			-0.061	0.3782	-0.9237
			-0.7808	-0.5946	-0.1919
			-0.6218	0.7095	0.3316
			0.061	-0.3782	0.9237
		b:
			-132.7279
			-247.3438
			273.6625
			177.2181
			35.4156
			306.286
			144.3122
			-146.7482
			-366.468
			-134.3122
			151.7482
			372.468
	==================================================================================
	Q5:
		Shape: Hybrid
		q_c:	32.5	47.5	405.0
		ub :	36.0602	50.7522	408.3104
		lb :	28.9398	44.2478	401.6896
		P^-1:
			0.181	0.1322	-0.0305
			0.1322	0.3612	-0.0577
			-0.0305	-0.0577	0.1244
		A:
			-0.9403	0.3401	0.0108
			0.3051	-0.8636	0.4014
			-0.5893	-0.8012	-0.1037
			0.9606	0.0519	-0.273
			0.1262	0.88	-0.4578
			0.5509	0.5548	-0.6235
		b:
			-7.791
			133.1098
			-98.2143
			-74.9952
			-138.4287
			-206.99
	==================================================================================
	Q6:
		Shape: Ellipse
		q_c:	32.0	55.0	417.0
		ub :	38.921	59.8042	423.7519
		lb :	25.079	50.1958	410.2481
		P^-1:
			0.058	-0.008	-0.0229
			-0.008	0.0789	-0.0078
			-0.0229	-0.0078	0.0594


===========================================================================================
===========================================================================================
S9:
	q_c:	82.0	271.5	133.0
	ub :	96.0005	287.1945	150.7153
	lb :	71.5716	264.9468	117.5113

	==================================================================================
	Q1:
		Shape: Polyhedra
		q_c:	86.5	280.5	145.0
		ub :	91.7203	283.8712	150.7153
		lb :	81.2797	277.1288	139.2847
		A:
			-0.4788	-0.8056	0.3488
			0.9298	-0.3661	0.0383
			-0.4178	-0.8901	0.1821
			0.5242	0.4835	-0.7011
			-0.088	-0.1757	-0.9805
			0.7812	0.3031	0.5457
			0.3137	0.0624	0.9475
			-0.9495	0.0243	0.3128
			-0.0035	-0.9978	0.0669
			-0.3137	-0.0624	-0.9475
			0.9495	-0.0243	-0.3128
			0.0035	0.9978	-0.0669
		b:
			-213.4596
			-12.7845
			-256.1974
			83.161
			-194.6182
			235.9856
			186.5172
			-25.9603
			-267.4804
			-177.5172
			33.9603
			273.4804
	==================================================================================
	Q2:
		Shape: Ellipse
		q_c:	85.0	279.0	142.0
		ub :	91.457	284.028	148.5364
		lb :	78.543	273.972	135.4636
		P^-1:
			0.0716	-0.0173	-0.0157
			-0.0173	0.1016	-0.0162
			-0.0157	-0.0162	0.0596
	==================================================================================
	Q3:
		Shape: Ellipse
		q_c:	87.0	269.5	132.0
		ub :	92.1226	274.0532	136.6082
		lb :	81.8774	264.9468	127.3918
		P^-1:
			0.1111	-0.0	-0.0
			-0.0	0.1111	0.0
			-0.0	0.0	0.1111
	==================================================================================
	Q4:
		Shape: Polyhedra
		q_c:	75.5	273.0	136.0
		ub :	79.4284	278.2306	139.9194
		lb :	71.5716	267.7694	132.0806
		A:
			0.2241	-0.1572	-0.9618
			-0.0233	-0.8071	-0.59
			0.0647	-0.8137	0.5777
			-0.3749	0.9081	0.1865
			0.6329	0.393	-0.6671
			-0.6823	-0.5749	-0.4517
			0.9156	0.3751	0.1448
			-0.0127	-0.3329	0.9429
			0.4019	-0.8651	-0.3001
			-0.9156	-0.3751	-0.1448
			0.0127	0.3329	-0.9429
			-0.4019	0.8651	0.3001
		b:
			-153.831
			-298.6464
			-135.6417
			248.9541
			66.8831
			-267.1389
			193.731
			38.8774
			-242.6427
			-188.731
			-33.8774
			250.6427
	==================================================================================
	Q5:
		Shape: Polyhedra
		q_c:	87.5	277.5	124.0
		ub :	91.9362	285.671	130.4887
		lb :	83.0638	269.329	117.5113
		A:
			-0.9396	-0.1455	-0.31
			0.7806	0.0141	0.6248
			0.9669	0.207	-0.149
			-0.8502	0.0604	-0.5229
			-0.8195	0.477	-0.3175
			-0.137	-0.0185	0.9904
			0.9186	0.1334	0.3719
			-0.2842	-0.4308	0.8565
			0.2745	-0.8925	-0.3578
			-0.9186	-0.1334	-0.3719
			0.2842	0.4308	-0.8565
			-0.2745	0.8925	0.3578
		b:
			-159.4871
			151.5851
			126.1021
			-120.6238
			25.3607
			110.1276
			165.0154
			-34.204
			-261.033
			-162.0154
			42.204
			275.033
	==================================================================================
	Q6:
		Shape: Polyhedra
		q_c:	88.0	282.0	139.0
		ub :	96.0005	287.1945	145.4386
		lb :	79.9995	276.8055	132.5614
		A:
			-0.1094	-0.9785	-0.1749
			-0.1961	0.706	0.6805
			-0.6293	-0.7447	-0.2224
			-0.485	-0.8274	0.2833
			0.122	-0.7975	0.5908
			0.068	0.9579	-0.2789
			0.2122	0.0634	0.9752
			-0.932	0.313	0.1825
			-0.2937	-0.9476	0.1255
			-0.2122	-0.0634	-0.9752
			0.932	-0.313	-0.1825
			0.2937	0.9476	-0.1255
		b:
			-306.4181
			281.4578
			-292.4424
			-233.274
			-128.0413
			240.6367
			177.096
			38.1235
			-272.6301
			-167.096
			-25.1235
			278.6301


===========================================================================================
===========================================================================================
S10:
	q_c:	534.5	60.0	66.5
	ub :	568.6323	79.8434	91.1288
	lb :	508.661	32.6843	41.4065

	==================================================================================
	Q1:
		Shape: Hybrid
		q_c:	546.5	52.5	49.0
		ub :	552.947	59.3128	52.7624
		lb :	540.053	45.6872	45.2376
		P^-1:
			0.1443	0.0772	-0.1487
			0.0772	0.0867	-0.1062
			-0.1487	-0.1062	0.309
		A:
			-0.2858	-0.131	0.9493
			-0.7209	0.6387	0.2691
			-0.7436	-0.1924	0.6403
			-0.4582	-0.4388	0.773
			-0.4071	-0.3926	0.8247
			-0.6174	-0.2745	0.7372
		b:
			-115.3686
			-342.8122
			-383.6871
			-234.7039
			-201.8415
			-314.7676
	==================================================================================
	Q2:
		Shape: Polyhedra
		q_c:	540.0	41.5	81.5
		ub :	548.5386	47.2094	91.1288
		lb :	531.4614	35.7906	71.8712
		A:
			-0.0973	0.9829	0.1561
			0.4129	0.8134	-0.4098
			-0.549	-0.781	0.2978
			0.4809	0.7676	-0.4236
			0.0618	0.9722	-0.2258
			-0.1689	-0.9686	-0.1826
			0.1768	0.0023	0.9843
			-0.8704	0.4672	0.1552
			-0.4595	-0.8841	0.0846
			-0.1768	-0.0023	-0.9843
			0.8704	-0.4672	-0.1552
			0.4595	0.8841	-0.0846
		b:
			5.5529
			227.3177
			-301.1105
			261.0991
			59.3411
			-142.3688
			184.2594
			-431.4779
			-274.9361
			-167.2594
			444.4779
			280.9361
	==================================================================================
	Q3:
		Shape: Hybrid
		q_c:	524.0	52.5	76.5
		ub :	539.339	65.9078	89.1523
		lb :	508.661	39.0922	63.8477
		P^-1:
			0.0123	-0.0031	-0.0004
			-0.0031	0.0125	-0.0011
			-0.0004	-0.0011	0.0137
		A:
			-0.4712	-0.0691	0.8793
			0.5504	0.3038	0.7776
			-0.986	0.0722	-0.1503
			0.0281	-0.692	0.7214
			0.4674	-0.8828	0.0468
			0.044	-0.5603	0.8271
		b:
			-178.705
			369.5494
			-519.186
			38.0413
			206.3703
			61.2549
	==================================================================================
	Q4:
		Shape: Hybrid
		q_c:	553.0	64.0	72.0
		ub :	563.8228	77.3799	84.9998
		lb :	542.1772	50.6201	59.0002
		P^-1:
			0.0299	0.0145	0.014
			0.0145	0.0219	0.0065
			0.014	0.0065	0.0223
		A:
			0.2894	-0.6585	-0.6947
			0.3846	0.8794	0.2807
			0.1638	-0.5494	0.8194
			-0.2763	-0.9174	-0.2863
			0.5269	0.746	0.4073
			0.2367	-0.9547	-0.1802
		b:
			75.2006
			293.1012
			119.9869
			-227.6162
			371.4337
			63.7943
	==================================================================================
	Q5:
		Shape: Hybrid
		q_c:	549.5	64.0	53.0
		ub :	564.3424	79.8434	64.5935
		lb :	534.6576	48.1566	41.4065
		P^-1:
			0.0112	-0.0002	0.0028
			-0.0002	0.0102	0.0036
			0.0028	0.0036	0.0183
		A:
			0.731	0.5134	-0.4495
			-0.9955	-0.0946	-0.0094
			-0.7942	-0.2571	-0.5506
			0.0064	0.8018	0.5976
			0.659	-0.6448	0.3873
			0.452	-0.1185	-0.8841
		b:
			417.9904
			-547.3526
			-477.3396
			91.3006
			347.3744
			199.12
	==================================================================================
	Q6:
		Shape: Ellipse
		q_c:	555.0	44.0	68.0
		ub :	568.6323	55.3157	80.3702
		lb :	541.3677	32.6843	55.6298
		P^-1:
			0.0153	0.0046	-0.0012
			0.0046	0.0198	-0.0028
			-0.0012	-0.0028	0.0147


===========================================================================================
===========================================================================================
S11:
	q_c:	439.5	405.5	251.0
	ub :	446.0019	419.3011	258.7884
	lb :	427.2302	395.5822	239.2069

	==================================================================================
	Q1:
		Shape: Ellipse
		q_c:	433.0	398.0	245.0
		ub :	438.7698	400.4178	250.7931
		lb :	427.2302	395.5822	239.2069
		P^-1:
			0.46	1.1992	0.0546
			1.1992	3.5872	0.1425
			0.0546	0.1425	0.0647
	==================================================================================
	Q2:
		Shape: Polyhedra
		q_c:	443.5	403.5	251.5
		ub :	446.0019	407.0908	254.8275
		lb :	440.9981	399.9092	248.1725
		A:
			0.6084	0.2819	-0.7419
			-0.8142	-0.3143	-0.4882
			-0.0195	0.9434	0.331
			-0.2885	0.6582	0.6954
			0.5509	0.7608	0.343
			0.9713	-0.152	-0.1827
			0.4324	0.3417	0.8344
			-0.0975	0.9377	-0.3335
			-0.8964	0.0628	0.4387
			-0.4324	-0.3417	-0.8344
			0.0975	-0.9377	0.3335
			0.8964	-0.0628	-0.4387
		b:
			198.9089
			-608.7922
			457.9185
			314.5688
			639.9009
			325.0784
			541.5027
			254.2285
			-260.3737
			-537.5027
			-248.2285
			263.3737
	==================================================================================
	Q3:
		Shape: Ellipse
		q_c:	437.0	404.5	251.5
		ub :	440.9655	407.5136	255.5333
		lb :	433.0345	401.4864	247.4667
		P^-1:
			0.1697	-0.0254	0.0114
			-0.0254	0.2269	-0.03
			0.0114	-0.03	0.1734
	==================================================================================
	Q4:
		Shape: Ellipse
		q_c:	437.5	413.0	254.0
		ub :	441.9609	416.9578	258.7884
		lb :	433.0391	409.0422	249.2116
		P^-1:
			0.1128	0.0366	-0.0419
			0.0366	0.3385	-0.162
			-0.0419	-0.162	0.1667
	==================================================================================
	Q5:
		Shape: Ellipse
		q_c:	437.0	402.0	254.5
		ub :	440.5412	405.8147	257.2913
		lb :	433.4588	398.1853	251.7087
		P^-1:
			0.1601	0.0023	-0.0053
			0.0023	0.2059	-0.1046
			-0.0053	-0.1046	0.3985
	==================================================================================
	Q6:
		Shape: Ellipse
		q_c:	437.0	414.0	250.0
		ub :	442.3528	419.3011	254.6659
		lb :	431.6472	408.6989	245.3341
		P^-1:
			0.0684	0.0088	0.0007
			0.0088	0.0757	0.0012
			0.0007	0.0012	0.0494


===========================================================================================
===========================================================================================
S12:
	q_c:	203.0	277.5	58.5
	ub :	208.7108	281.2574	65.3819
	lb :	196.1346	271.9791	52.5534

	==================================================================================
	Q1:
		Shape: Hybrid
		q_c:	199.5	275.0	59.5
		ub :	202.8654	278.0209	63.0961
		lb :	196.1346	271.9791	55.9039
		P^-1:
			0.221	0.0007	-0.0421
			0.0007	0.16	-0.0005
			-0.0421	-0.0005	0.189
		A:
			-0.2429	0.3412	-0.9081
			-0.1855	0.4958	-0.8484
			-0.8972	-0.3785	-0.2276
			0.2759	0.5721	-0.7724
			-0.9874	0.0363	-0.1543
			0.1792	-0.5832	-0.7923
		b:
			-7.2022
			50.2933
			-295.2846
			167.7129
			-194.9219
			-170.417
	==================================================================================
	Q2:
		Shape: Polyhedra
		q_c:	200.5	275.0	62.0
		ub :	202.5206	277.8139	65.1409
		lb :	198.4794	272.1861	58.8591
		A:
			0.7274	-0.4023	-0.5559
			0.7993	-0.5748	-0.1754
			-0.1327	0.2278	-0.9646
			-0.8362	-0.1791	-0.5184
			-0.7413	-0.2233	-0.6329
			0.5455	0.5245	-0.6537
			0.1768	0.7899	0.5872
			-0.1157	0.6092	-0.7846
			-0.9774	0.0708	0.1991
			-0.1768	-0.7899	-0.5872
			0.1157	-0.6092	0.7846
			0.9774	-0.0708	-0.1991
		b:
			2.251
			-7.0638
			-21.4029
			-247.3451
			-247.5501
			215.2479
			290.5728
			98.1829
			-162.6674
			-287.5728
			-93.1829
			165.6674
	==================================================================================
	Q3:
		Shape: Ellipse
		q_c:	206.0	278.5	62.5
		ub :	208.7108	281.1698	65.3819
		lb :	203.2892	275.8302	59.6181
		P^-1:
			0.6221	-0.3724	0.0441
			-0.3724	0.6227	-0.0441
			0.0441	-0.0441	0.2552
	==================================================================================
	Q4:
		Shape: Polyhedra
		q_c:	202.0	278.0	56.0
		ub :	205.4426	280.5819	59.4466
		lb :	198.5574	275.4181	52.5534
		A:
			-0.1146	-0.1279	0.9852
			0.6237	0.6456	-0.4407
			0.3563	-0.8741	-0.3301
			-0.2222	0.6104	0.7603
			0.4011	-0.911	-0.0963
			-0.9269	0.3708	-0.0578
			0.4692	0.5932	0.6542
			-0.266	0.8013	-0.5359
			-0.8421	0.0774	0.5338
			-0.4692	-0.5932	-0.6542
			0.266	-0.8013	0.5359
			0.8421	-0.0774	-0.5338
		b:
			-1.464
			282.904
			-187.5188
			169.5968
			-175.7873
			-85.2124
			298.3312
			140.5116
			-116.1911
			-294.3312
			-137.5116
			121.1911
	==================================================================================
	Q5:
		Shape: Hybrid
		q_c:	201.0	278.5	59.0
		ub :	202.6376	281.2574	61.4134
		lb :	199.3624	275.7426	56.5866
		P^-1:
			0.9862	-0.0928	0.053
			-0.0928	0.3769	0.3557
			0.053	0.3557	0.7969
		A:
			0.2631	0.4528	-0.8519
			0.966	-0.2514	0.0605
			0.375	0.2704	0.8867
			-0.5417	0.8373	0.0738
			0.3577	0.039	0.933
			-0.9109	-0.3697	-0.1829
		b:
			130.3962
			128.2591
			203.5591
			129.8935
			138.6193
			-296.0918
	==================================================================================
	Q6:
		Shape: Ellipse
		q_c:	206.0	278.5	60.5
		ub :	208.3879	280.7689	62.6405
		lb :	203.6121	276.2311	58.3595
		P^-1:
			0.2873	0.0653	-0.1493
			0.0653	0.3643	-0.2616
			-0.1493	-0.2616	0.8484


===========================================================================================
===========================================================================================
S13:
	q_c:	360.5	18.0	37.0
	ub :	380.5471	40.2988	54.7992
	lb :	352.8082	-3.324	18.8816

	==================================================================================
	Q1:
		Shape: Polyhedra
		q_c:	371.0	23.0	34.0
		ub :	378.9664	29.8367	42.5125
		lb :	363.0336	16.1633	25.4875
		A:
			0.589	-0.1659	0.7909
			-0.4671	-0.7672	-0.4396
			-0.8347	-0.5496	-0.0359
			0.2488	-0.7064	0.6627
			-0.6384	0.6795	-0.3615
			0.9266	-0.2075	0.3137
			0.4432	0.8879	0.1235
			0.7399	-0.4401	0.5089
			0.5062	-0.1341	-0.8519
			-0.4432	-0.8879	-0.1235
			-0.7399	0.4401	-0.5089
			-0.5062	0.1341	0.8519
		b:
			245.1527
			-200.3426
			-318.086
			102.6061
			-230.9168
			352.6546
			194.5336
			283.6719
			163.7344
			-183.5336
			-279.6719
			-147.7344
	==================================================================================
	Q2:
		Shape: Ellipse
		q_c:	357.0	31.5	31.0
		ub :	361.1918	40.2988	39.0138
		lb :	352.8082	22.7012	22.9862
		P^-1:
			0.4019	0.0303	-0.1224
			0.0303	0.0251	-0.0047
			-0.1224	-0.0047	0.0709
	==================================================================================
	Q3:
		Shape: Hybrid
		q_c:	371.0	22.5	46.5
		ub :	380.5471	31.2179	54.7992
		lb :	361.4529	13.7821	38.2008
		P^-1:
			0.0272	-0.0119	-0.0083
			-0.0119	0.043	-0.0044
			-0.0083	-0.0044	0.0463
		A:
			0.5547	-0.7342	-0.3915
			-0.6615	0.5813	-0.4739
			0.1326	-0.9612	-0.242
			-0.244	-0.0335	-0.9692
			0.5558	0.0399	-0.8303
			0.4224	-0.825	0.3754
		b:
			173.3177
			-251.3889
			19.1482
			-133.1244
			170.9387
			157.9091
	==================================================================================
	Q4:
		Shape: Ellipse
		q_c:	372.0	6.5	25.5
		ub :	380.5167	14.0166	32.0409
		lb :	363.4833	-1.0166	18.9591
		P^-1:
			0.073	0.0623	0.0193
			0.0623	0.0915	0.0333
			0.0193	0.0333	0.0626
	==================================================================================
	Q5:
		Shape: Hybrid
		q_c:	361.5	27.0	25.5
		ub :	367.5684	31.8602	30.9753
		lb :	355.4316	22.1398	20.0247
		P^-1:
			0.08	0.0203	-0.0015
			0.0203	0.0948	0.0108
			-0.0015	0.0108	0.0804
		A:
			-0.9537	-0.1823	-0.2393
			-0.6449	-0.076	-0.7604
