3D_50_9_6_d                l = 3

===========================================================================================
===========================================================================================
S1:
	q_c:	177.5	307.5	324.5
	ub :	190.0161	316.9497	332.3778
	lb :	167.9157	296.0069	315.0138

	==================================================================================
	Q1:
		Shape: Hybrid
		q_c:	179.5	303.0	324.0
		ub :	184.5592	308.25	329.6553
		lb :	174.4408	297.75	318.3447
		P^-1:
			0.1038	0.0035	0.0122
			0.0035	0.0822	0.002
			0.0122	0.002	0.0884
		A:
			-0.9323	0.3093	0.1874
			-0.4651	0.6251	-0.6268
			0.5895	-0.2896	0.7541
			-0.9738	-0.1365	-0.182
			-0.8094	-0.5077	-0.2952
			-0.6231	-0.7742	-0.1109
		b:
			-11.1332
			-95.3326
			264.0374
			-273.5542
			-393.1832
			-380.6128
	==================================================================================
	Q2:
		Shape: Hybrid
		q_c:	171.5	306.5	327.5
		ub :	175.0843	309.3037	331.0152
		lb :	167.9157	303.6963	323.9848
		P^-1:
			0.279	0.1602	0.1984
			0.1602	0.672	0.3515
			0.1984	0.3515	0.4101
		A:
			0.1399	0.9586	0.2481
			0.9144	0.0631	0.3998
			0.275	0.7613	0.5872
			0.1564	0.681	0.7154
			0.6748	-0.5886	0.4453
			-0.0662	0.8675	0.4929
		b:
			399.8269
			308.4416
			473.3174
			470.5404
			82.6476
			416.7402
	==================================================================================
	Q3:
		Shape: Polyhedra
		q_c:	174.5	312.5	319.5
		ub :	177.9468	316.9497	323.9862
		lb :	171.0532	308.0503	315.0138
		A:
			-0.9867	0.1616	-0.02
			-0.0299	-0.3254	0.9451
			-0.4065	-0.307	0.8605
			-0.8748	0.0329	0.4834
			0.6601	-0.5703	-0.489
			0.4615	-0.5772	0.6737
			0.1932	0.5167	0.8341
			-0.3428	0.8321	-0.436
			-0.9193	-0.2017	0.3379
			-0.1932	-0.5167	-0.8341
			0.3428	-0.8321	0.436
			0.9193	0.2017	-0.3379
		b:
			-125.7679
			197.8973
			110.5944
			14.2004
			-216.6222
			118.4023
			464.6754
			63.8874
			-113.4786
			-458.6754
			-57.8874
			117.4786
	==================================================================================
	Q4:
		Shape: Polyhedra
		q_c:	184.0	308.0	324.5
		ub :	190.0161	313.7282	328.8943
		lb :	177.9839	302.2718	320.1057
		A:
			0.9654	-0.0472	0.2566
			-0.7592	-0.1297	-0.6377
			0.2264	-0.4607	-0.8582
			0.0732	0.997	0.0243
			-0.9344	-0.1482	-0.3241
			0.238	-0.9252	-0.2957
			0.4879	0.8635	0.1277
			0.8608	-0.4517	-0.2347
			-0.145	0.2245	-0.9636
			-0.4879	-0.8635	-0.1277
			-0.8608	0.4517	0.2347
			0.145	-0.2245	0.9636
		b:
			250.4348
			-383.1037
			-375.042
			332.0778
			-318.8315
			-333.1005
			400.6869
			-52.4034
			-267.231
			-393.6869
			61.4034
			273.231
	==================================================================================
	Q5:
		Shape: Ellipse
		q_c:	172.5	306.5	323.0
		ub :	175.8241	308.892	324.3997
		lb :	169.1759	304.108	321.6003
		P^-1:
			0.1326	-0.0878	0.0353
			-0.0878	0.4702	-0.1509
			0.0353	-0.1509	0.9528
	==================================================================================
	Q6:
		Shape: Hybrid
		q_c:	174.0	302.0	326.5
		ub :	178.0428	307.9931	332.3778
		lb :	169.9572	296.0069	320.6222
		P^-1:
			0.2553	0.1255	-0.144
			0.1255	0.1377	-0.1003
			-0.144	-0.1003	0.1633
		A:
			-0.9632	-0.1456	-0.226
			0.3124	-0.9379	-0.151
			0.1435	0.9187	0.3679
			0.9104	-0.1233	-0.395
			-0.5481	-0.4176	0.7247
			-0.9953	-0.0952	-0.0163
		b:
			-282.7956
			-274.6701
			426.0392
			-5.7609
			16.1982
			-205.0878


===========================================================================================
===========================================================================================
S2:
	q_c:	286.0	179.0	224.5
	ub :	297.9438	194.9941	242.0194
	lb :	273.6961	165.7338	210.4312

	==================================================================================
	Q1:
		Shape: Polyhedra
		q_c:	285.5	174.0	231.0
		ub :	291.6707	180.6104	236.0439
		lb :	279.3293	167.3896	225.9561
		A:
			-0.0541	0.9024	-0.4275
			0.419	-0.5447	0.7265
			0.2213	-0.8325	0.5079
			0.3395	-0.8708	0.3556
			0.9442	0.1004	-0.3137
			0.2557	0.1621	-0.9531
			0.5719	0.6809	0.4575
			0.0847	0.5057	-0.8585
			-0.8159	0.5298	0.2315
			-0.5719	-0.6809	-0.4575
			-0.0847	-0.5057	0.8585
			0.8159	-0.5298	-0.2315
		b:
			45.88
			195.2911
			38.3417
			30.5688
			218.4126
			-116.5442
			392.9427
			-84.1235
			-83.7819
			-381.9427
			88.1235
			90.7819
	==================================================================================
	Q2:
		Shape: Ellipse
		q_c:	284.0	188.0	221.5
		ub :	290.0598	194.9941	227.5334
		lb :	277.9402	181.0059	215.4666
		P^-1:
			0.0865	0.0268	0.0194
			0.0268	0.0578	0.0042
			0.0194	0.0042	0.0694
	==================================================================================
	Q3:
		Shape: Polyhedra
		q_c:	286.0	174.5	235.5
		ub :	291.1976	180.2094	242.0194
		lb :	280.8024	168.7906	228.9806
		A:
			0.3385	-0.5946	-0.7293
			0.3255	-0.8922	-0.313
			-0.8479	0.3661	0.3835
			-0.0056	-0.64	0.7683
			-0.8997	0.3297	0.286
			0.2713	-0.4587	-0.8461
			0.6533	0.2744	0.7056
			0.7571	-0.2486	-0.6042
			0.0097	0.9289	-0.3702
			-0.6533	-0.2744	-0.7056
			-0.7571	0.2486	0.6042
			-0.0097	-0.9289	0.3702
		b:
			-175.4029
			-132.8067
			-85.5906
			71.6889
			-129.5647
			-198.271
			405.9009
			33.3466
			81.6751
			-395.9009
			-28.3466
			-73.6751
	==================================================================================
	Q4:
		Shape: Hybrid
		q_c:	293.0	170.5	216.0
		ub :	297.9438	175.2662	221.5688
		lb :	288.0562	165.7338	210.4312
		P^-1:
			0.0844	0.0061	0.0061
			0.0061	0.0951	0.0133
			0.0061	0.0133	0.0949
		A:
			-0.4823	0.4653	-0.7422
			0.3204	-0.3691	-0.8724
			-0.2507	-0.7101	-0.658
			0.861	0.0057	0.5086
			0.1691	0.9851	-0.0308
			-0.5298	0.846	0.0607
		b:
			-220.349
			-155.7556
			-335.1405
			364.9267
			212.6315
			4.0259
	==================================================================================
	Q5:
		Shape: Polyhedra
		q_c:	281.5	179.0	221.0
		ub :	289.0421	185.0118	224.4545
		lb :	273.9579	172.9882	217.5455
		A:
			0.4197	-0.068	0.9051
			0.0087	0.9312	-0.3644
			-0.0908	0.8203	0.5646
			0.9891	-0.147	0.0058
			0.0005	0.6179	-0.7863
			-0.2613	-0.7095	-0.6545
			0.9027	0.4279	0.0457
			-0.0613	0.0227	0.9979
			0.4259	-0.9036	0.0468
			-0.9027	-0.4279	-0.0457
			0.0613	-0.0227	-0.9979
			-0.4259	0.9036	-0.0468
		b:
			309.7894
			92.6456
			249.7752
			259.1323
			-59.5878
			-340.6678
			347.3008
			210.3323
			-28.0028
			-334.3008
			-204.3323
			35.0028
	==================================================================================
	Q6:
		Shape: Hybrid
		q_c:	280.0	182.0	224.5
		ub :	286.3039	187.3015	225.9406
		lb :	273.6961	176.6985	223.0594
		P^-1:
			0.0329	-0.0005	0.0703
			-0.0005	0.04	0.0021
			0.0703	0.0021	0.9949
		A:
			-0.0187	0.2034	-0.9789
			-0.1275	-0.0273	-0.9915
			0.0719	-0.1067	-0.9917
			0.0733	0.1373	0.9878
			0.0293	0.095	-0.995
			0.2089	-0.0539	0.9764
		b:
			-187.0363
			-262.6868
			-221.0057
			267.9761
			-197.1445
			268.7096


===========================================================================================
===========================================================================================
S3:
	q_c:	320.0	300.0	55.0
	ub :	349.6902	329.9283	77.9604
	lb :	298.9184	272.1726	27.2477

	==================================================================================
	Q1:
		Shape: Polyhedra
		q_c:	316.0	290.0	39.5
		ub :	328.3733	304.6621	51.7523
		lb :	303.6267	275.3379	27.2477
		A:
			-0.4183	-0.8757	-0.2412
			0.0864	-0.8833	0.4608
			-0.307	0.5622	0.7679
			0.525	0.7441	0.4131
			-0.5472	0.837	0.001
			-0.8197	-0.108	0.5626
			0.1934	0.6504	0.7346
			0.955	-0.2964	0.011
			0.2249	0.6994	-0.6784
			-0.1934	-0.6504	-0.7346
			-0.955	0.2964	-0.011
			-0.2249	-0.6994	0.6784
		b:
			-387.6179
			-198.7924
			102.7914
			404.8264
			79.1404
			-257.6101
			283.7437
			225.2473
			259.5937
			-273.7437
			-207.2473
			-234.5937
	==================================================================================
	Q2:
		Shape: Ellipse
		q_c:	321.0	318.5	69.0
		ub :	331.3717	326.9746	77.9604
		lb :	310.6283	310.0254	60.0396
		P^-1:
			0.0335	0.0097	-0.0254
			0.0097	0.0378	-0.0196
			-0.0254	-0.0196	0.0537
	==================================================================================
	Q3:
		Shape: Hybrid
		q_c:	312.5	287.0	56.5
		ub :	326.0816	301.8274	69.7057
		lb :	298.9184	272.1726	43.2943
		P^-1:
			0.0096	0.0026	-0.0034
			0.0026	0.0136	-0.0063
			-0.0034	-0.0063	0.0179
		A:
			-0.1948	-0.9805	0.027
			-0.5151	0.7378	0.4362
			-0.6081	-0.7228	0.3283
			0.2817	-0.3067	0.9091
			0.7306	-0.2418	-0.6385
			0.0913	0.2447	0.9653
		b:
			-334.843
			82.8646
			-374.1818
			56.4784
			129.2175
			159.4005
	==================================================================================
	Q4:
		Shape: Hybrid
		q_c:	332.5	306.5	49.5
		ub :	349.6902	322.9718	58.9873
		lb :	315.3098	290.0282	40.0127
		P^-1:
			0.0092	0.0017	-0.0062
			0.0017	0.008	-0.0013
			-0.0062	-0.0013	0.0313
		A:
			-0.0311	0.3172	-0.9479
			-0.6482	0.0192	0.7612
			-0.0506	0.4833	0.874
			0.5761	0.2617	-0.7744
			0.0521	0.4269	0.9028
			0.5982	0.3203	-0.7345
		b:
			44.1274
			-167.5097
			179.4623
			237.3533
			197.5706
			264.9294
	==================================================================================
	Q5:
		Shape: Polyhedra
		q_c:	321.5	320.0	59.5
		ub :	334.0033	329.9283	71.746
		lb :	308.9967	310.0717	47.254
		A:
			-0.0675	-0.7757	0.6274
			0.0296	-0.9203	-0.3901
			-0.3126	0.7112	0.6297
			0.7392	0.5641	-0.3679
			0.8712	-0.4495	0.1971
			0.3056	-0.3497	0.8856
			0.5758	0.5641	0.5918
			0.6956	0.0423	-0.7172
			-0.4296	0.8246	-0.3681
			-0.5758	-0.5641	-0.5918
			-0.6956	-0.0423	0.7172
			0.4296	-0.8246	0.3681
		b:
			-223.9874
			-301.5008
			172.1448
			404.2477
			156.1759
			46.8539
			405.3544
			203.5011
			112.3634
			-396.3544
			-185.5011
			-95.3634
	==================================================================================
	Q6:
		Shape: Ellipse
		q_c:	338.0	290.5	56.5
		ub :	346.9439	298.5689	66.4504
		lb :	329.0561	282.4311	46.5496
		P^-1:
			0.0288	-0.0011	-0.0062
			-0.0011	0.0446	-0.0096
			-0.0062	-0.0096	0.0295


===========================================================================================
===========================================================================================
S4:
	q_c:	114.0	258.0	18.0
	ub :	130.1714	278.5574	38.0968
	lb :	95.1487	246.6048	1.7619

	==================================================================================
	Q1:
		Shape: Ellipse
		q_c:	112.5	256.5	31.5
		ub :	121.6034	265.2873	38.0968
		lb :	103.3966	247.7127	24.9032
		P^-1:
			0.0465	0.0279	0.0063
			0.0279	0.0461	0.0131
			0.0063	0.0131	0.0562
	==================================================================================
	Q2:
		Shape: Ellipse
		q_c:	118.0	263.0	22.0
		ub :	121.8771	269.0408	27.3303
		lb :	114.1229	256.9592	16.6697
		P^-1:
			0.1976	0.0137	0.067
			0.0137	0.0573	0.0412
			0.067	0.0412	0.1461
	==================================================================================
	Q3:
		Shape: Ellipse
		q_c:	101.5	273.5	30.0
		ub :	107.8513	278.5574	36.6336
		lb :	95.1487	268.4426	23.3664
		P^-1:
			0.0866	0.0001	0.0443
			0.0001	0.136	0.0351
			0.0443	0.0351	0.0816
	==================================================================================
	Q4:
		Shape: Polyhedra
		q_c:	116.5	260.5	18.5
		ub :	122.2937	262.9218	23.1896
		lb :	110.7063	258.0782	13.8104
		A:
			-0.049	0.9523	-0.3013
			0.4758	0.8794	-0.0145
			-0.1008	0.863	-0.495
			-0.2333	0.91	-0.3427
			-0.027	-0.8797	0.4747
			-0.0167	-0.93	0.3671
			0.0643	0.4256	0.9026
			-0.9971	-0.0099	0.0756
			0.0411	-0.9049	0.4237
			-0.0643	-0.4256	-0.9026
			0.9971	0.0099	-0.0756
			-0.0411	0.9049	-0.4237
		b:
			237.5486
			287.4728
			204.6156
			204.7652
			-222.8547
			-236.7752
			139.5553
			-111.8276
			-222.5898
			-130.5553
			122.8276
			223.5898
	==================================================================================
	Q5:
		Shape: Polyhedra
		q_c:	118.5	254.5	18.0
		ub :	126.0301	262.3952	26.685
		lb :	110.9699	246.6048	9.315
		A:
			-0.8165	0.0595	0.5743
			-0.7922	-0.5879	0.1635
			0.2112	-0.2233	0.9516
			0.7392	-0.2736	0.6155
			-0.3162	-0.9214	0.2258
			-0.2159	-0.9429	-0.2537
			0.465	0.6232	0.6288
			-0.8566	0.1373	0.4973
			0.2236	-0.7699	0.5977
			-0.465	-0.6232	-0.6288
			0.8566	-0.1373	-0.4973
			-0.2236	0.7699	-0.5977
		b:
			-66.7643
			-235.5653
			-9.5531
			34.1415
			-262.7677
			-264.7575
			230.5295
			-53.1044
			-153.682
			-219.5295
			62.1044
			163.682
	==================================================================================
	Q6:
		Shape: Hybrid
		q_c:	125.0	258.5	8.0
		ub :	130.1714	264.9699	14.2381
		lb :	119.8286	252.0301	1.7619
		P^-1:
			0.0775	-0.0061	-0.005
			-0.0061	0.0649	0.002
			-0.005	0.002	0.0642
		A:
			-0.9593	-0.0366	0.2798
			-0.6694	-0.7056	0.2323
			0.9676	-0.2305	-0.1029
			-0.447	0.0538	0.8929
			-0.1528	0.6019	0.7838
			-0.0431	-0.2114	-0.9765
		b:
			-125.3218
			-262.0472
			62.3133
			-32.7798
			144.8337
			-65.6392


===========================================================================================
===========================================================================================
S5:
	q_c:	177.5	464.0	75.0
	ub :	192.0735	467.8886	90.5266
	lb :	161.6429	452.9743	67.8582

	==================================================================================
	Q1:
		Shape: Polyhedra
		q_c:	187.0	462.5	78.5
		ub :	192.0735	467.8886	83.7032
		lb :	181.9265	457.1114	73.2968
		A:
			0.2197	-0.5354	0.8155
			-0.6607	-0.4602	0.593
			-0.1016	-0.8334	0.5433
			0.5393	-0.5063	-0.6728
			-0.0997	-0.8848	0.4552
			-0.8667	-0.4263	0.2592
			0.3709	0.567	0.7355
			-0.538	0.7768	-0.3275
			-0.757	-0.2742	0.5931
			-0.3709	-0.567	-0.7355
			0.538	-0.7768	0.3275
			0.757	0.2742	-0.5931
		b:
			-139.1971
			-287.3223
			-358.63
			-183.0542
			-388.9472
			-336.1984
			392.8148
			236.4464
			-219.3276
			-385.8148
			-229.4464
			224.3276
	==================================================================================
	Q2:
		Shape: Polyhedra
		q_c:	169.5	458.0	80.0
		ub :	172.1712	463.0257	85.0917
		lb :	166.8288	452.9743	74.9083
		A:
			-0.6482	-0.1462	-0.7473
			-0.4406	0.8943	-0.0783
			-0.7635	-0.5682	0.307
			0.9044	0.2861	-0.3165
			-0.1867	-0.1408	0.9723
			0.6541	-0.1654	-0.7381
			0.1008	0.7685	0.6319
			0.9903	-0.0164	-0.1381
			-0.0958	0.6397	-0.7627
			-0.1008	-0.7685	-0.6319
			-0.9903	0.0164	0.1381
			0.0958	-0.6397	0.7627
		b:
			-233.3549
			331.8622
			-362.529
			261.1853
			-15.1544
			-21.0741
			423.6069
			151.2926
			218.7221
			-415.6069
			-147.2926
			-212.7221
	==================================================================================
	Q3:
		Shape: Hybrid
		q_c:	177.5	463.0	77.0
		ub :	180.054	466.2117	81.6194
		lb :	174.946	459.7883	72.3806
		P^-1:
			0.2482	-0.0055	-0.0176
			-0.0055	0.2332	-0.0532
			-0.0176	-0.0532	0.0811
		A:
			0.2008	-0.1018	-0.9743
			0.9981	0.0406	-0.0461
			-0.6711	-0.6564	0.3445
			-0.7337	0.4181	-0.5356
			0.5786	0.2221	0.7848
			0.4172	0.905	0.0827
		b:
			-83.6953
			193.4436
			-395.5083
			23.6466
			268.5829
			500.8699
	==================================================================================
	Q4:
		Shape: Polyhedra
		q_c:	172.5	459.5	86.0
		ub :	177.3716	464.692	90.5266
		lb :	167.6284	454.308	81.4734
		A:
			0.4682	0.116	0.876
			-0.4258	-0.6022	-0.6753
			0.8194	0.0328	-0.5722
			0.4723	0.881	-0.0269
			-0.6804	0.7204	-0.1346
			0.2357	-0.7317	0.6395
			0.8718	0.4688	0.1422
			0.3851	-0.8352	0.3925
			0.3028	-0.2875	-0.9087
			-0.8718	-0.4688	-0.1422
			-0.3851	0.8352	-0.3925
			-0.3028	0.2875	0.9087
		b:
			212.4849
			-405.2265
			110.2221
			487.1543
			205.5086
			-237.1139
			381.0186
			-280.1047
			-154.9963
			-375.0186
			287.1047
			160.9963
	==================================================================================
	Q5:
		Shape: Polyhedra
		q_c:	173.0	461.0	72.5
		ub :	176.4039	465.7097	77.1418
		lb :	169.5961	456.2903	67.8582
		A:
			-0.0247	0.9162	0.4001
			-0.8767	0.4675	-0.1132
			0.6817	0.7198	-0.131
			0.7734	-0.6202	-0.1311
			-0.2349	-0.9639	0.1254
			0.8906	-0.4239	-0.1649
			0.6079	0.4268	0.6696
			-0.7892	0.4175	0.4503
			-0.0874	-0.8022	0.5906
			-0.6079	-0.4268	-0.6696
			0.7892	-0.4175	-0.4503
			0.0874	0.8022	-0.5906
		b:
			449.7145
			58.008
			443.2945
			-159.3612
			-472.6358
			-51.2084
			352.9504
			90.5935
			-338.614
			-347.9504
			-86.5935
			345.614
	==================================================================================
	Q6:
		Shape: Polyhedra
		q_c:	167.0	462.0	75.5
		ub :	172.3571	467.6506	80.5682
		lb :	161.6429	456.3494	70.4318
		A:
			0.9906	0.1278	-0.0494
			-0.9122	0.1884	-0.3638
			-0.7608	-0.2596	0.5949
			0.7021	0.4045	-0.586
			0.0049	0.3442	0.9389
			0.5865	0.7891	0.1824
			0.6441	0.7447	0.175
			0.714	-0.5032	-0.4868
			-0.2745	0.4385	-0.8558
			-0.6441	-0.7447	-0.175
			-0.714	0.5032	0.4868
			0.2745	-0.4385	0.8558
		b:
			224.0389
			-89.4313
			-198.7973
			263.213
			234.0115
			479.7905
			468.3153
			-146.9752
			95.6273
			-461.3153
			152.9752
			-88.6273


===========================================================================================
===========================================================================================
S6:
	q_c:	237.0	30.5	206.5
	ub :	258.6211	43.2277	228.3023
	lb :	219.6527	17.2655	186.1649

	==================================================================================
	Q1:
		Shape: Polyhedra
		q_c:	249.0	27.0	196.0
		ub :	258.6211	35.5058	205.8351
		lb :	239.3789	18.4942	186.1649
		A:
			-0.2094	0.5745	-0.7912
			-0.8064	-0.1348	0.5758
			0.975	-0.2192	0.0376
			-0.0682	-0.7408	0.6682
			-0.949	-0.24	-0.2046
			-0.5349	0.3044	0.7882
			0.6641	0.5404	0.5167
			-0.7143	0.2545	0.6519
			0.2208	-0.802	0.5551
			-0.6641	-0.5404	-0.5167
			0.7143	-0.2545	-0.6519
			-0.2208	0.802	-0.5551
		b:
			-187.01
			-85.2407
			250.2623
			98.7093
			-276.7749
			35.9669
			287.2131
			-36.7223
			146.6162
			-275.2131
			49.7223
			-137.6162
	==================================================================================
	Q2:
		Shape: Hybrid
		q_c:	250.0	35.0	201.0
		ub :	256.0286	41.1558	205.9709
		lb :	243.9714	28.8442	196.0291
		P^-1:
			0.1064	0.0263	-0.0444
			0.0263	0.0617	-0.0189
			-0.0444	-0.0189	0.1038
		A:
			-0.8597	-0.0587	0.5074
			0.9966	0.0805	0.018
			-0.2262	-0.6088	0.7604
			-0.3192	-0.9031	-0.2873
			-0.4307	-0.377	0.82
			0.9683	0.1115	-0.2234
		b:
			-113.4545
			257.7693
			76.9151
			-166.3049
			45.4196
			202.8934
	==================================================================================
	Q3:
		Shape: Ellipse
		q_c:	230.0	33.5	211.0
		ub :	240.3473	43.1067	220.09
		lb :	219.6527	23.8933	201.91
		P^-1:
			0.0326	-0.0158	-0.001
			-0.0158	0.0337	-0.0051
			-0.001	-0.0051	0.0265
	==================================================================================
	Q4:
		Shape: Polyhedra
		q_c:	248.0	25.5	215.5
		ub :	255.8826	33.7345	222.4057
		lb :	240.1174	17.2655	208.5943
		A:
			-0.2913	-0.6951	0.6573
			0.9668	-0.2437	-0.0775
			-0.0091	-0.323	0.9464
			0.9041	0.1722	-0.3911
			0.7589	0.5008	-0.4163
			0.0444	0.967	-0.2511
			0.4568	0.583	0.672
			0.5541	0.4045	-0.7276
			-0.696	0.7046	-0.1383
			-0.4568	-0.583	-0.672
			-0.5541	-0.4045	0.7276
			0.696	-0.7046	0.1383
		b:
			55.0758
			221.5045
			197.489
			148.0648
			114.8424
			-13.846
			278.9472
			-6.0626
			-179.424
			-266.9472
			12.0626
			189.424
	==================================================================================
	Q5:
		Shape: Ellipse
		q_c:	239.0	34.0	202.5
		ub :	244.6377	38.9428	208.7934
		lb :	233.3623	29.0572	196.2066
		P^-1:
			0.1451	-0.058	0.0903
			-0.058	0.132	-0.019
			0.0903	-0.019	0.117
	==================================================================================
	Q6:
		Shape: Polyhedra
		q_c:	241.5	34.5	220.0
		ub :	248.6944	43.2277	228.3023
		lb :	234.3056	25.7723	211.6977
		A:
			0.678	0.704	0.2112
			-0.6951	0.4662	-0.5472
			-0.223	0.2552	-0.9408
			-0.6052	-0.4685	-0.6437
			-0.664	0.1932	0.7223
			-0.145	0.4612	0.8754
			0.5076	0.6251	0.593
			0.8406	-0.5103	-0.1815
			0.1892	0.5906	-0.7844
			-0.5076	-0.6251	-0.593
			-0.8406	0.5103	0.1815
			-0.1892	-0.5906	0.7844
		b:
			239.9643
			-267.4085
			-246.5499
			-298.4445
			9.8547
			178.6342
			280.1076
			149.4552
			-101.0174
			-269.1076
			-141.4552
			112.0174


===========================================================================================
===========================================================================================
S7:
	q_c:	390.5	462.5	203.5
	ub :	400.1585	473.1575	211.2876
	lb :	382.2598	457.0504	197.079

	==================================================================================
	Q1:
		Shape: Hybrid
		q_c:	394.5	466.0	207.5
		ub :	397.8305	468.9336	211.2876
		lb :	391.1695	463.0664	203.7124
		P^-1:
			0.5071	0.4354	0.0781
			0.4354	0.5895	0.0829
			0.0781	0.0829	0.0961
		A:
			0.7621	0.6278	-0.1584
			-0.2793	-0.9597	0.0321
			-0.4608	0.3028	-0.8342
			0.0276	0.908	-0.4181
			0.6079	0.7734	0.1799
			0.4809	0.859	0.1759
		b:
			561.2712
			-549.5502
			-211.0316
			349.2775
			638.067
			627.179
	==================================================================================
	Q2:
		Shape: Ellipse
		q_c:	394.5	460.5	204.5
		ub :	397.1527	463.9496	207.7017
		lb :	391.8473	457.0504	201.2983
		P^-1:
			0.85	0.2318	0.2389
			0.2318	0.1838	0.075
			0.2389	0.075	0.1884
	==================================================================================
	Q3:
		Shape: Ellipse
		q_c:	386.0	469.0	202.5
		ub :	389.7402	473.1575	206.1962
		lb :	382.2598	464.8425	198.8038
		P^-1:
			0.2595	-0.0316	-0.1392
			-0.0316	0.1504	0.0752
			-0.1392	0.0752	0.3056
	==================================================================================
	Q4:
		Shape: Ellipse
		q_c:	396.5	464.5	201.5
		ub :	400.1585	468.3523	205.4237
		lb :	392.8415	460.6477	197.5763
		P^-1:
			0.2194	-0.0299	-0.0492
			-0.0299	0.2208	-0.048
			-0.0492	-0.048	0.1709
	==================================================================================
	Q5:
		Shape: Polyhedra
		q_c:	390.0	467.0	201.5
		ub :	394.1924	471.6512	205.921
		lb :	385.8076	462.3488	197.079
		A:
			-0.6397	0.6537	0.4044
			-0.4329	-0.4418	0.7858
			0.5713	-0.7625	0.3037
			0.4746	0.7222	0.5032
			0.9805	0.1604	0.1132
			0.9875	-0.0416	-0.1523
			0.5007	0.6958	0.5149
			-0.745	0.0434	0.6657
			0.4408	-0.7169	0.5401
			-0.5007	-0.6958	-0.5149
			0.745	-0.0434	-0.6657
			-0.4408	0.7169	-0.5401
		b:
			139.6044
			-214.701
			-69.1546
			627.2465
			482.8752
			337.1647
			627.4764
			-134.6059
			-51.0359
			-620.4764
			137.6059
			57.0359
	==================================================================================
	Q6:
		Shape: Hybrid
		q_c:	391.0	466.0	205.5
		ub :	393.1478	468.7697	208.318
		lb :	388.8522	463.2303	202.682
		P^-1:
			0.4442	0.0062	-0.0037
			0.0062	0.3022	0.086
			-0.0037	0.086	0.3925
		A:
			-0.93	0.3669	-0.0209
			-0.2963	-0.8843	-0.3608
			-0.3727	0.907	0.196
			-0.626	-0.7219	-0.2949
			-0.0022	-0.6032	-0.7976
			-0.0731	0.6261	0.7763
		b:
			-196.116
			-601.1618
			318.2067
			-640.9194
			-445.1198
			423.4978


===========================================================================================
===========================================================================================
S8:
	q_c:	208.0	34.5	247.5
	ub :	221.729	55.874	270.8705
	lb :	191.0577	21.2547	235.3565

	==================================================================================
	Q1:
		Shape: Hybrid
		q_c:	199.0	29.0	263.0
		ub :	206.9423	36.7453	270.8705
		lb :	191.0577	21.2547	255.1295
		P^-1:
			0.0471	-0.0062	-0.0024
			-0.0062	0.0325	-0.0064
			-0.0024	-0.0064	0.0469
		A:
			0.4433	-0.8923	0.0851
			-0.4208	0.1908	0.8868
			0.9881	-0.133	0.0774
			-0.922	-0.1928	-0.3358
			-0.9945	-0.028	0.101
			-0.9666	-0.2541	-0.0345
		b:
			87.5816
			157.4637
			215.4807
			-274.5765
			-169.7358
			-206.0373
	==================================================================================
	Q2:
		Shape: Polyhedra
		q_c:	201.0	45.0	247.5
		ub :	206.4627	51.6866	254.9944
		lb :	195.5373	38.3134	240.0056
		A:
			0.2134	0.273	-0.938
			0.5006	0.1304	-0.8558
			0.9721	-0.2345	-0.0052
			0.751	-0.6353	-0.18
			0.7593	0.1068	-0.642
			0.5064	-0.7905	-0.3444
			0.3845	0.5746	0.7224
			-0.1166	0.8066	-0.5795
			-0.9157	0.1386	0.3772
			-0.3845	-0.5746	-0.7224
			0.1166	-0.8066	0.5795
			0.9157	-0.1386	-0.3772
		b:
			-172.9821
			-101.6635
			186.8328
			81.1318
			1.6545
			-14.9372
			287.9549
			-127.0734
			-81.4646
			-275.9549
			134.0734
			87.4646
	==================================================================================
	Q3:
		Shape: Ellipse
		q_c:	208.5	45.5	258.0
		ub :	216.9852	55.874	268.4262
		lb :	200.0148	35.126	247.5738
		P^-1:
			0.0411	0.0009	0.0123
			0.0009	0.0173	0.0043
			0.0123	0.0043	0.0302
	==================================================================================
	Q4:
		Shape: Polyhedra
		q_c:	204.0	38.5	244.5
		ub :	211.5256	47.2772	253.6435
		lb :	196.4744	29.7228	235.3565
		A:
			-0.8245	0.4302	0.3675
			0.9216	-0.1458	-0.3597
			-0.66	0.1213	-0.7414
			-0.8951	0.2364	-0.378
			-0.5456	0.8261	-0.1406
			-0.8612	0.336	0.3813
			0.183	0.453	0.8725
			-0.706	0.6782	-0.204
			-0.6841	-0.5787	0.4439
			-0.183	-0.453	-0.8725
			0.706	-0.6782	0.204
			0.6841	0.5787	-0.4439
		b:
			-57.0568
			99.1395
			-305.5148
			-261.2582
			-109.7473
			-64.8043
			275.0986
			-163.8105
			-48.3039
			-261.0986
			171.8105
			58.3039
	==================================================================================
	Q5:
		Shape: Polyhedra
		q_c:	213.0	34.0	247.5
		ub :	217.7571	40.2236	253.1166
		lb :	208.2429	27.7764	241.8834
		A:
			0.2815	0.6459	0.7096
			-0.3166	-0.4796	-0.8184
			-0.8344	0.2598	-0.486
			0.8977	-0.3899	-0.2052
			0.817	-0.5627	0.1256
			-0.1172	0.1185	-0.986
			0.2104	0.166	0.9634
			-0.0009	0.9855	-0.1696
			-0.9776	0.0348	0.2075
			-0.2104	-0.166	-0.9634
			0.0009	-0.9855	0.1696
			0.9776	-0.0348	-0.2075
		b:
			261.9972
			-282.0985
			-284.9882
			131.393
			190.5415
			-260.8241
			292.8998
			-3.1775
			-151.7012
			-284.8998
			14.1775
			159.7012
	==================================================================================
	Q6:
		Shape: Polyhedra
		q_c:	213.0	34.5	258.5
		ub :	221.729	43.4095	266.5379
		lb :	204.271	25.5905	250.4621
		A:
			-0.0137	-0.016	-0.9998
			0.2405	-0.7753	0.584
			0.8252	0.1927	-0.531
			-0.213	-0.7673	-0.6048
			0.1015	0.1295	-0.9864
			-0.1288	0.1609	-0.9785
			0.5994	0.5148	0.6129
			0.672	0.0923	-0.7348
			-0.4348	0.8523	-0.2906
			-0.5994	-0.5148	-0.6129
			-0.672	-0.0923	0.7348
			0.4348	-0.8523	0.2906
		b:
			-257.1977
			182.1374
			49.2213
			-222.8956
			-224.1821
			-269.6637
			308.8793
			-39.6126
			-131.3358
			-298.8793
			47.6126
			145.3358


===========================================================================================
===========================================================================================
S9:
	q_c:	240.0	294.5	74.0
	ub :	256.7604	306.757	91.153
	lb :	221.7819	278.9742	61.1173

	==================================================================================
	Q1:
		Shape: Polyhedra
		q_c:	248.0	288.0	69.0
		ub :	255.4869	295.2741	75.5102
		lb :	240.5131	280.7259	62.4898
		A:
			-0.4251	-0.1305	0.8957
			-0.2895	0.7348	0.6134
			0.6433	-0.2601	-0.7201
			0.5578	-0.5629	0.6099
			-0.7777	-0.131	-0.6148
			-0.7888	0.0411	-0.6133
			0.1768	0.3731	0.9108
			-0.6015	0.7734	-0.2
			-0.7791	-0.5125	0.3612
			-0.1768	-0.3731	-0.9108
			0.6015	-0.7734	0.2
			0.7791	0.5125	-0.3612
		b:
			-76.0909
			185.9635
			39.7522
			21.9459
			-268.6514
			-221.9351
			218.1394
			63.2788
			-309.8794
			-210.1394
			-56.2788
			321.8794
	==================================================================================
	Q2:
		Shape: Hybrid
		q_c:	232.0	295.5	82.0
		ub :	239.9799	304.369	91.153
		lb :	224.0201	286.631	72.847
		P^-1:
			0.0427	-0.017	0.0032
			-0.017	0.0455	-0.0069
			0.0032	-0.0069	0.0225
		A:
			0.3929	-0.8284	-0.3993
			0.1038	0.9725	-0.2086
			-0.7157	0.1449	0.6832
			-0.4099	-0.8496	0.3319
			0.8609	0.04	-0.5073
			0.6913	-0.7123	0.1213
		b:
			-183.0459
			297.5312
			-63.1584
			-315.2286
			173.747
			-38.1532
	==================================================================================
	Q3:
		Shape: Hybrid
		q_c:	228.0	299.0	67.0
		ub :	234.2181	305.0936	71.3692
		lb :	221.7819	292.9064	62.6308
		P^-1:
			0.0721	0.0387	-0.0448
			0.0387	0.1158	-0.0805
			-0.0448	-0.0805	0.174
		A:
			0.9262	0.2428	0.2884
			0.0622	-0.2258	-0.9722
			0.156	-0.4443	0.8822
			0.496	0.673	-0.5487
			-0.2267	0.3933	-0.891
			-0.8056	-0.5925	0.0057
		b:
			306.2219
			-116.1358
			-36.4941
			278.8192
			8.0484
			-357.9209
	==================================================================================
	Q4:
		Shape: Polyhedra
		q_c:	249.0	286.5	72.5
		ub :	256.7604	294.0258	78.9747
		lb :	241.2396	278.9742	66.0253
		A:
			-0.365	-0.2893	-0.8849
			0.4671	0.0638	-0.8819
			-0.978	0.0961	0.1854
			-0.664	0.523	0.5344
			0.758	0.3418	-0.5555
			-0.5482	0.042	0.8353
			0.143	0.7505	0.6452
			0.3169	0.5828	-0.7482
			-0.9376	0.3115	-0.1545
			-0.143	-0.7505	-0.6452
			-0.3169	-0.5828	0.7482
			0.9376	-0.3115	0.1545
		b:
			-232.9104
			74.5167
			-196.4566
			28.9113
			250.6322
			-59.6518
			302.4168
			194.6438
			-148.92
			-292.4168
			-188.6438
			161.92
	==================================================================================
	Q5:
		Shape: Hybrid
		q_c:	234.5	292.0	80.0
		ub :	240.7787	298.5647	85.3875
		lb :	228.2213	285.4353	74.6125
		P^-1:
			0.1304	-0.0308	-0.092
			-0.0308	0.058	-0.0001
			-0.092	-0.0001	0.1763
		A:
			0.9819	-0.0884	-0.1675
			-0.5579	-0.3398	0.7572
			0.1671	0.6184	0.7679
			-0.7926	0.5247	0.3105
			-0.5099	-0.1401	0.8487
			-0.7069	0.556	0.4373
		b:
			193.3965
			-167.817
			284.8913
			-6.146
			-91.4241
			33.2048
	==================================================================================
	Q6:
		Shape: Hybrid
		q_c:	238.5	297.5	71.5
		ub :	248.3998	306.757	81.8827
		lb :	228.6002	288.243	61.1173
		P^-1:
			0.0242	-0.0023	0.0017
			-0.0023	0.034	-0.0075
			0.0017	-0.0075	0.0291
		A:
			-0.4553	0.6682	0.5884
			-0.9987	-0.0493	-0.0162
			0.2023	0.9086	-0.3653
			0.6501	-0.4452	0.6157
			0.6732	-0.7391	-0.0206
			-0.7655	-0.4939	0.4123
		b:
			136.1553
			-250.0297
			295.2711
			69.6363
			-57.4771
			-296.379


===========================================================================================
===========================================================================================
