3D_50_14_6_f                l = 3

===========================================================================================
===========================================================================================
S1:
	q_c:	134.5	363.5	481.5
	ub :	140.8226	371.5715	494.8515
	lb :	124.3643	354.1944	475.4838

	==================================================================================
	Q1:
		Shape: Polyhedra
		q_c:	131.0	357.0	479.5
		ub :	133.6791	359.8056	482.2994
		lb :	128.3209	354.1944	476.7006
		A:
			-0.7412	0.1884	-0.6443
			0.5144	-0.8489	0.1216
			-0.7373	-0.5871	-0.3343
			-0.7912	0.2564	-0.5552
			0.4981	0.7498	-0.4355
			0.6082	0.7812	-0.1407
			0.7724	0.558	0.3034
			0.2185	-0.6819	0.698
			0.5964	-0.4729	-0.6486
			-0.7724	-0.558	-0.3034
			-0.2185	0.6819	-0.698
			-0.5964	0.4729	0.6486
		b:
			-337.2936
			-175.634
			-464.9859
			-276.8253
			125.6283
			292.6222
			447.3568
			121.3765
			-399.7109
			-444.3568
			-118.3765
			403.7109
	==================================================================================
	Q2:
		Shape: Polyhedra
		q_c:	133.5	367.0	480.5
		ub :	139.2341	371.5715	485.5162
		lb :	127.7659	362.4285	475.4838
		A:
			0.707	0.6409	0.2991
			0.2523	-0.8892	0.3817
			-0.9232	-0.2689	-0.2745
			-0.4613	-0.8819	-0.0971
			0.5511	0.7709	0.3192
			0.751	-0.3777	0.5416
			0.5373	0.1214	0.8346
			-0.7231	0.5756	0.3819
			-0.434	-0.8087	0.397
			-0.5373	-0.1214	-0.8346
			0.7231	-0.5756	-0.3819
			0.434	0.8087	-0.397
		b:
			475.8564
			-106.1568
			-350.7304
			-429.5413
			512.4706
			225.4141
			520.3018
			302.6736
			-161.96
			-514.3018
			-293.6736
			165.96
	==================================================================================
	Q3:
		Shape: Polyhedra
		q_c:	127.5	367.5	486.5
		ub :	130.6357	370.7399	490.0815
		lb :	124.3643	364.2601	482.9185
		A:
			0.1963	0.9603	0.1983
			0.7613	0.4196	0.4942
			-0.9202	-0.0875	-0.3814
			0.4487	0.7358	0.5071
			-0.3823	-0.8389	-0.3874
			-0.6512	-0.6909	0.3141
			0.7075	0.5993	0.3745
			0.1954	-0.6752	0.7113
			0.6792	-0.4301	-0.5948
			-0.7075	-0.5993	-0.3745
			-0.1954	0.6752	-0.7113
			-0.6792	0.4301	0.5948
		b:
			476.13
			492.8018
			-333.4829
			575.6888
			-544.1061
			-182.4407
			493.6565
			124.8328
			-357.8274
			-491.6565
			-120.8328
			363.8274
	==================================================================================
	Q4:
		Shape: Polyhedra
		q_c:	136.5	359.5	484.5
		ub :	140.8226	362.9944	489.0835
		lb :	132.1774	356.0056	479.9165
		A:
			0.321	0.8818	-0.3457
			-0.423	0.8964	0.1327
			0.3703	0.5097	0.7766
			-0.639	0.3141	-0.7022
			-0.3977	0.9134	0.0871
			-0.016	0.1068	0.9942
			0.3545	0.6047	0.7132
			0.8849	0.0295	-0.4649
			-0.3022	0.7959	-0.5246
			-0.3545	-0.6047	-0.7132
			-0.8849	-0.0295	0.4649
			0.3022	-0.7959	0.5246
		b:
			195.7402
			331.2404
			613.0268
			-312.1265
			318.6699
			520.7151
			614.3245
			-90.8545
			-7.2989
			-608.3245
			96.8545
			11.2989
	==================================================================================
	Q5:
		Shape: Ellipse
		q_c:	133.0	361.0	489.5
		ub :	137.8439	365.4709	494.8515
		lb :	128.1561	356.5291	484.1485
		P^-1:
			0.1311	-0.0455	-0.03
			-0.0455	0.1903	-0.0779
			-0.03	-0.0779	0.1379
	==================================================================================
	Q6:
		Shape: Polyhedra
		q_c:	129.5	358.0	487.5
		ub :	132.5822	361.4333	490.4675
		lb :	126.4178	354.5667	484.5325
		A:
			0.4087	0.2498	-0.8778
			-0.9221	0.2877	0.2586
			-0.3737	-0.4051	-0.8344
			-0.2243	0.7985	-0.5587
			-0.1348	0.9269	0.3504
			0.2377	-0.1671	0.9569
			0.9997	0.0245	0.0069
			-0.0029	-0.1597	0.9872
			0.0253	-0.9869	-0.1596
			-0.9997	-0.0245	-0.0069
			0.0029	0.1597	-0.9872
			-0.0253	0.9869	0.1596
		b:
			-283.0078
			112.6222
			-597.4618
			-12.7924
			488.1468
			439.9458
			144.5991
			426.1718
			-424.8345
			-138.5991
			-421.1718
			430.8345


===========================================================================================
===========================================================================================
S2:
	q_c:	451.0	138.0	276.5
	ub :	474.7673	158.7138	297.5005
	lb :	423.7794	112.8893	258.6575

	==================================================================================
	Q1:
		Shape: Ellipse
		q_c:	434.0	128.0	268.0
		ub :	444.2206	136.4712	277.3425
		lb :	423.7794	119.5288	258.6575
		P^-1:
			0.0302	-0.011	-0.0027
			-0.011	0.043	-0.0027
			-0.0027	-0.0027	0.0244
	==================================================================================
	Q2:
		Shape: Polyhedra
		q_c:	436.5	123.5	270.5
		ub :	448.4309	134.1107	279.216
		lb :	424.5691	112.8893	261.784
		A:
			-0.1006	-0.5377	0.8371
			0.1063	0.9931	-0.0501
			-0.0626	0.148	0.987
			-0.0663	-0.706	0.7051
			0.7173	-0.1312	-0.6843
			0.8651	0.1188	-0.4874
			0.5815	0.7592	0.2923
			0.7137	-0.6485	0.2646
			0.3904	0.0548	-0.919
			-0.5815	-0.7592	-0.2923
			-0.7137	0.6485	-0.2646
			-0.3904	-0.0548	0.919
		b:
			122.5437
			162.573
			263.1138
			81.5605
			117.8238
			266.5278
			432.1624
			312.5098
			-66.4074
			-421.1624
			-293.5098
			76.4074
	==================================================================================
	Q3:
		Shape: Polyhedra
		q_c:	440.0	134.0	282.5
		ub :	449.9829	146.1279	288.9508
		lb :	430.0171	121.8721	276.0492
		A:
			-0.7676	-0.3295	0.5497
			-0.7038	0.2453	-0.6667
			-0.172	0.0631	-0.9831
			0.2516	-0.6338	0.7315
			0.2181	0.6766	-0.7033
			0.2416	-0.3069	0.9206
			0.429	0.899	0.0874
			-0.0567	0.1233	-0.9907
			-0.9015	0.4201	0.1039
			-0.429	-0.899	-0.0874
			0.0567	-0.1233	0.9907
			0.9015	-0.4201	-0.1039
		b:
			-219.2764
			-459.5332
			-339.8651
			238.6446
			-4.6078
			330.3805
			343.9339
			-283.3014
			-305.0188
			-323.9339
			293.3014
			317.0188
	==================================================================================
	Q4:
		Shape: Polyhedra
		q_c:	451.0	142.0	268.5
		ub :	458.5049	151.6034	277.3259
		lb :	443.4951	132.3966	259.6741
		A:
			0.1199	0.6044	0.7876
			-0.5162	-0.1232	-0.8475
			0.2152	0.1535	-0.9644
			0.6833	-0.2122	-0.6986
			0.9255	-0.378	-0.0226
			-0.7221	-0.5654	-0.3985
			0.193	0.6211	0.7596
			0.9764	-0.1984	-0.0858
			0.0974	0.7582	-0.6447
			-0.193	-0.6211	-0.7596
			-0.9764	0.1984	0.0858
			-0.0974	-0.7582	0.6447
		b:
			356.3996
			-472.3402
			-133.8219
			96.3129
			363.687
			-507.5099
			384.1899
			395.1145
			-14.4996
			-374.1899
			-383.1145
			28.4996
	==================================================================================
	Q5:
		Shape: Hybrid
		q_c:	449.5	130.5	268.5
		ub :	459.8103	140.4295	277.147
		lb :	439.1897	120.5705	259.853
		P^-1:
			0.0277	0.0039	0.0014
			0.0039	0.0276	0.002
			0.0014	0.002	0.0292
		A:
			-0.8234	0.218	0.5239
			0.1555	0.4598	0.8743
			0.7318	0.6509	0.202
			0.9019	0.4036	-0.1539
			0.3856	-0.856	0.3444
			0.7441	-0.1666	0.647
		b:
			-197.5144
			367.578
			470.943
			419.8153
			157.7848
			489.7199
	==================================================================================
	Q6:
		Shape: Ellipse
		q_c:	464.0	148.5	287.0
		ub :	474.7673	158.7138	297.5005
		lb :	453.2327	138.2862	276.4995
		P^-1:
			0.0254	0.0005	0.002
			0.0005	0.0238	0.0006
			0.002	0.0006	0.0259


===========================================================================================
===========================================================================================
S3:
	q_c:	439.5	405.5	251.0
	ub :	446.0019	419.3011	258.7884
	lb :	427.2302	395.5822	239.2069

	==================================================================================
	Q1:
		Shape: Ellipse
		q_c:	433.0	398.0	245.0
		ub :	438.7698	400.4178	250.7931
		lb :	427.2302	395.5822	239.2069
		P^-1:
			0.46	1.1992	0.0546
			1.1992	3.5872	0.1425
			0.0546	0.1425	0.0647
	==================================================================================
	Q2:
		Shape: Polyhedra
		q_c:	443.5	403.5	251.5
		ub :	446.0019	407.0908	254.8275
		lb :	440.9981	399.9092	248.1725
		A:
			0.6084	0.2819	-0.7419
			-0.8142	-0.3143	-0.4882
			-0.0195	0.9434	0.331
			-0.2885	0.6582	0.6954
			0.5509	0.7608	0.343
			0.9713	-0.152	-0.1827
			0.4324	0.3417	0.8344
			-0.0975	0.9377	-0.3335
			-0.8964	0.0628	0.4387
			-0.4324	-0.3417	-0.8344
			0.0975	-0.9377	0.3335
			0.8964	-0.0628	-0.4387
		b:
			198.9089
			-608.7922
			457.9185
			314.5688
			639.9009
			325.0784
			541.5027
			254.2285
			-260.3737
			-537.5027
			-248.2285
			263.3737
	==================================================================================
	Q3:
		Shape: Ellipse
		q_c:	437.0	404.5	251.5
		ub :	440.9655	407.5136	255.5333
		lb :	433.0345	401.4864	247.4667
		P^-1:
			0.1697	-0.0254	0.0114
			-0.0254	0.2269	-0.03
			0.0114	-0.03	0.1734
	==================================================================================
	Q4:
		Shape: Ellipse
		q_c:	437.5	413.0	254.0
		ub :	441.9609	416.9578	258.7884
		lb :	433.0391	409.0422	249.2116
		P^-1:
			0.1128	0.0366	-0.0419
			0.0366	0.3385	-0.162
			-0.0419	-0.162	0.1667
	==================================================================================
	Q5:
		Shape: Ellipse
		q_c:	437.0	402.0	254.5
		ub :	440.5412	405.8147	257.2913
		lb :	433.4588	398.1853	251.7087
		P^-1:
			0.1601	0.0023	-0.0053
			0.0023	0.2059	-0.1046
			-0.0053	-0.1046	0.3985
	==================================================================================
	Q6:
		Shape: Ellipse
		q_c:	437.0	414.0	250.0
		ub :	442.3528	419.3011	254.6659
		lb :	431.6472	408.6989	245.3341
		P^-1:
			0.0684	0.0088	0.0007
			0.0088	0.0757	0.0012
			0.0007	0.0012	0.0494


===========================================================================================
===========================================================================================
S4:
	q_c:	241.0	66.5	371.5
	ub :	256.0745	77.6038	394.7002
	lb :	216.5009	34.1264	350.0063

	==================================================================================
	Q1:
		Shape: Hybrid
		q_c:	236.5	54.5	386.5
		ub :	244.5135	61.7498	394.7002
		lb :	228.4865	47.2502	378.2998
		P^-1:
			0.0461	-0.0087	-0.0122
			-0.0087	0.0327	0.0085
			-0.0122	0.0085	0.0445
		A:
			-0.8781	-0.4498	0.1628
			0.8279	0.2742	0.4892
			-0.4847	0.7136	0.5058
			-0.2105	0.7907	0.5749
			0.4695	0.2074	0.8582
			0.1367	-0.9124	-0.3859
		b:
			-165.8911
			403.3587
			122.1288
			218.2368
			457.421
			-163.3739
	==================================================================================
	Q2:
		Shape: Hybrid
		q_c:	230.0	68.0	384.5
		ub :	236.4722	77.6038	393.8305
		lb :	223.5278	58.3962	375.1695
		P^-1:
			0.0584	0.0101	0.0051
			0.0101	0.0285	0.0037
			0.0051	0.0037	0.027
		A:
			-0.3639	-0.5207	0.7723
			-0.3023	0.4132	-0.859
			0.8976	0.4261	-0.1129
			-0.496	-0.0311	0.8678
			0.7594	0.3735	-0.5327
			0.8819	0.4262	0.2016
		b:
			181.9679
			-367.4542
			194.2916
			221.4069
			-1.5637
			311.3785
	==================================================================================
	Q3:
		Shape: Hybrid
		q_c:	241.0	55.5	357.5
		ub :	249.5943	64.8174	364.9937
		lb :	232.4057	46.1826	350.0063
		P^-1:
			0.0671	0.0347	0.086
			0.0347	0.0369	0.0635
			0.086	0.0635	0.1787
		A:
			0.6763	0.2455	0.6945
			0.6957	0.1711	0.6977
			-0.3922	-0.3109	-0.8657
			0.2431	0.5284	0.8134
			-0.7891	-0.1606	-0.593
			0.0861	0.6954	0.7135
		b:
			426.6305
			428.5892
			-420.2285
			380.8326
			-408.4386
			318.154
	==================================================================================
	Q4:
		Shape: Ellipse
		q_c:	248.5	62.0	365.5
		ub :	256.0714	69.0132	374.6388
		lb :	240.9286	54.9868	356.3612
		P^-1:
			0.0561	-0.0068	-0.0116
			-0.0068	0.0512	-0.0037
			-0.0116	-0.0037	0.0223
	==================================================================================
	Q5:
		Shape: Polyhedra
		q_c:	243.0	47.5	377.0
		ub :	256.0745	60.8736	385.6785
		lb :	229.9255	34.1264	368.3215
		A:
			-0.2645	0.5378	-0.8005
			0.1589	-0.5008	0.8509
			0.505	-0.1635	-0.8475
			0.189	0.4262	0.8847
			-0.1418	-0.176	0.9741
			-0.4938	-0.3437	-0.7988
			0.6002	0.7449	0.2912
			-0.129	-0.2692	0.9544
			0.7894	-0.6104	-0.0655
			-0.6002	-0.7449	-0.2912
			0.129	0.2692	-0.9544
			-0.7894	0.6104	0.0655
		b:
			-333.5394
			342.1947
			-197.3144
			406.8212
			330.4597
			-430.0917
			299.0246
			321.6943
			147.616
			-283.0246
			-309.6943
			-128.616
	==================================================================================
	Q6:
		Shape: Ellipse
		q_c:	224.5	64.5	379.0
		ub :	232.4991	72.723	387.981
		lb :	216.5009	56.277	370.019
		P^-1:
			0.0292	0.0013	0.0019
			0.0013	0.0433	-0.0084
			0.0019	-0.0084	0.0377


===========================================================================================
===========================================================================================
S5:
	q_c:	203.0	277.5	58.5
	ub :	208.7108	281.2574	65.3819
	lb :	196.1346	271.9791	52.5534

	==================================================================================
	Q1:
		Shape: Hybrid
		q_c:	199.5	275.0	59.5
		ub :	202.8654	278.0209	63.0961
		lb :	196.1346	271.9791	55.9039
		P^-1:
			0.221	0.0007	-0.0421
			0.0007	0.16	-0.0005
			-0.0421	-0.0005	0.189
		A:
			-0.2429	0.3412	-0.9081
			-0.1855	0.4958	-0.8484
			-0.8972	-0.3785	-0.2276
			0.2759	0.5721	-0.7724
			-0.9874	0.0363	-0.1543
			0.1792	-0.5832	-0.7923
		b:
			-7.2022
			50.2933
			-295.2846
			167.7129
			-194.9219
			-170.417
	==================================================================================
	Q2:
		Shape: Polyhedra
		q_c:	200.5	275.0	62.0
		ub :	202.5206	277.8139	65.1409
		lb :	198.4794	272.1861	58.8591
		A:
			0.7274	-0.4023	-0.5559
			0.7993	-0.5748	-0.1754
			-0.1327	0.2278	-0.9646
			-0.8362	-0.1791	-0.5184
			-0.7413	-0.2233	-0.6329
			0.5455	0.5245	-0.6537
			0.1768	0.7899	0.5872
			-0.1157	0.6092	-0.7846
			-0.9774	0.0708	0.1991
			-0.1768	-0.7899	-0.5872
			0.1157	-0.6092	0.7846
			0.9774	-0.0708	-0.1991
		b:
			2.251
			-7.0638
			-21.4029
			-247.3451
			-247.5501
			215.2479
			290.5728
			98.1829
			-162.6674
			-287.5728
			-93.1829
			165.6674
	==================================================================================
	Q3:
		Shape: Ellipse
		q_c:	206.0	278.5	62.5
		ub :	208.7108	281.1698	65.3819
		lb :	203.2892	275.8302	59.6181
		P^-1:
			0.6221	-0.3724	0.0441
			-0.3724	0.6227	-0.0441
			0.0441	-0.0441	0.2552
	==================================================================================
	Q4:
		Shape: Polyhedra
		q_c:	202.0	278.0	56.0
		ub :	205.4426	280.5819	59.4466
		lb :	198.5574	275.4181	52.5534
		A:
			-0.1146	-0.1279	0.9852
			0.6237	0.6456	-0.4407
			0.3563	-0.8741	-0.3301
			-0.2222	0.6104	0.7603
			0.4011	-0.911	-0.0963
			-0.9269	0.3708	-0.0578
			0.4692	0.5932	0.6542
			-0.266	0.8013	-0.5359
			-0.8421	0.0774	0.5338
			-0.4692	-0.5932	-0.6542
			0.266	-0.8013	0.5359
			0.8421	-0.0774	-0.5338
		b:
			-1.464
			282.904
			-187.5188
			169.5968
			-175.7873
			-85.2124
			298.3312
			140.5116
			-116.1911
			-294.3312
			-137.5116
			121.1911
	==================================================================================
	Q5:
		Shape: Hybrid
		q_c:	201.0	278.5	59.0
		ub :	202.6376	281.2574	61.4134
		lb :	199.3624	275.7426	56.5866
		P^-1:
			0.9862	-0.0928	0.053
			-0.0928	0.3769	0.3557
			0.053	0.3557	0.7969
		A:
			0.2631	0.4528	-0.8519
			0.966	-0.2514	0.0605
			0.375	0.2704	0.8867
			-0.5417	0.8373	0.0738
			0.3577	0.039	0.933
			-0.9109	-0.3697	-0.1829
		b:
			130.3962
			128.2591
			203.5591
			129.8935
			138.6193
			-296.0918
	==================================================================================
	Q6:
		Shape: Ellipse
		q_c:	206.0	278.5	60.5
		ub :	208.3879	280.7689	62.6405
		lb :	203.6121	276.2311	58.3595
		P^-1:
			0.2873	0.0653	-0.1493
			0.0653	0.3643	-0.2616
			-0.1493	-0.2616	0.8484


===========================================================================================
===========================================================================================
S6:
	q_c:	161.0	290.0	32.0
	ub :	178.347	296.1494	56.258
	lb :	140.864	268.2546	14.4886

	==================================================================================
	Q1:
		Shape: Polyhedra
		q_c:	149.0	288.0	44.0
		ub :	157.136	295.4569	52.6991
		lb :	140.864	280.5431	35.3009
		A:
			0.2781	0.4803	0.8319
			-0.6168	0.7468	0.2486
			0.4472	0.7824	0.4335
			0.344	-0.3041	0.8884
			0.7398	0.2545	0.6228
			-0.5869	-0.7682	0.2558
			0.1517	0.8465	0.5103
			0.6009	0.331	-0.7276
			-0.7848	0.417	-0.4585
			-0.1517	-0.8465	-0.5103
			-0.6009	-0.331	0.7276
			0.7848	-0.417	0.4585
		b:
			220.7136
			138.816
			315.1921
			8.0299
			215.5536
			-292.0892
			292.844
			158.8413
			-12.0198
			-284.844
			-146.8413
			22.0198
	==================================================================================
	Q2:
		Shape: Ellipse
		q_c:	159.5	286.5	41.5
		ub :	167.4552	296.1494	51.2884
		lb :	151.5448	276.8506	31.7116
		P^-1:
			0.0304	0.0144	-0.0119
			0.0144	0.0527	-0.0293
			-0.0119	-0.0293	0.036
	==================================================================================
	Q3:
		Shape: Ellipse
		q_c:	153.5	283.5	29.0
		ub :	159.5985	289.1267	35.6059
		lb :	147.4015	277.8733	22.3941
		P^-1:
			0.0751	0.0031	-0.0146
			0.0031	0.0631	-0.0062
			-0.0146	-0.0062	0.039
	==================================================================================
	Q4:
		Shape: Polyhedra
		q_c:	153.0	277.5	46.0
		ub :	163.4446	286.7454	56.258
		lb :	142.5554	268.2546	35.742
		A:
			0.5377	-0.4085	0.7376
			0.8266	-0.4577	-0.3276
			-0.9015	-0.4314	0.0352
			0.7995	-0.5435	-0.2557
			0.0107	-0.8625	-0.506
			0.9638	-0.1853	-0.1917
			0.5898	0.6377	0.4955
			-0.6424	0.7423	-0.1905
			-0.4893	-0.2059	0.8475
			-0.5898	-0.6377	-0.4955
			0.6424	-0.7423	0.1905
			0.4893	0.2059	-0.8475
		b:
			8.4145
			-10.1202
			-249.161
			-35.021
			-254.6264
			93.0437
			296.9906
			103.4186
			-86.0152
			-282.9906
			-94.4186
			100.0152
	==================================================================================
	Q5:
		Shape: Ellipse
		q_c:	168.0	276.0	21.0
		ub :	173.9343	282.4984	27.5114
		lb :	162.0657	269.5016	14.4886
		P^-1:
			0.0881	-0.0261	0.0016
			-0.0261	0.0804	0.0107
			0.0016	0.0107	0.0451
	==================================================================================
	Q6:
		Shape: Ellipse
		q_c:	172.0	285.0	43.5
		ub :	178.347	290.48	50.1502
		lb :	165.653	279.52	36.8498
		P^-1:
			0.066	-0.006	0.0043
			-0.006	0.0729	-0.0074
			0.0043	-0.0074	0.0677


===========================================================================================
===========================================================================================
S7:
	q_c:	386.5	203.5	71.5
	ub :	407.4735	218.8793	86.9949
	lb :	370.0417	188.8762	59.9526

	==================================================================================
	Q1:
		Shape: Hybrid
		q_c:	387.5	198.0	66.5
		ub :	393.3276	204.572	73.0474
		lb :	381.6724	191.428	59.9526
		P^-1:
			0.0907	-0.0246	0.014
			-0.0246	0.0734	-0.0017
			0.014	-0.0017	0.059
		A:
			0.4752	0.8569	0.1996
			-0.1185	-0.921	-0.3711
			-0.4001	0.3243	-0.8572
			0.834	-0.4776	-0.2763
			0.8749	-0.385	-0.2937
			0.3691	-0.3338	0.8674
		b:
			369.7515
			-250.5106
			-145.6014
			212.109
			245.2137
			136.8578
	==================================================================================
	Q2:
		Shape: Ellipse
		q_c:	388.5	212.0	68.5
		ub :	396.0937	217.0948	74.803
		lb :	380.9063	206.9052	62.197
		P^-1:
			0.0207	-0.0001	0.0023
			-0.0001	0.0492	-0.0011
			0.0023	-0.0011	0.0399
	==================================================================================
	Q3:
		Shape: Polyhedra
		q_c:	390.0	212.0	80.0
		ub :	396.5829	218.8793	86.9949
		lb :	383.4171	205.1207	73.0051
		A:
			0.6725	-0.4026	-0.621
			-0.5007	0.7896	-0.3547
			-0.4244	0.6376	-0.643
			-0.9898	-0.1324	-0.0526
			-0.7861	0.6149	0.0629
			-0.0122	0.1497	0.9887
			0.5065	0.6802	0.5299
			-0.7485	0.6519	-0.1214
			-0.428	-0.3352	0.8393
			-0.5065	-0.6802	-0.5299
			0.7485	-0.6519	0.1214
			0.428	0.3352	-0.8393
		b:
			131.0331
			-53.3963
			-78.4283
			-414.0578
			-168.5657
			110.988
			389.6151
			-160.9349
			-166.3468
			-378.6151
			165.9349
			175.3468
	==================================================================================
	Q4:
		Shape: Polyhedra
		q_c:	392.5	196.5	79.0
		ub :	398.6586	204.1238	86.6967
		lb :	386.3414	188.8762	71.3033
		A:
			-0.7671	-0.1378	-0.6266
			-0.3475	-0.42	-0.8383
			-0.5675	0.8228	0.0293
			0.8134	-0.5565	0.1691
			0.9959	-0.0623	-0.065
			0.073	-0.9714	-0.2261
			0.1585	0.7401	0.6535
			0.3922	0.5603	-0.7296
			-0.9061	0.372	-0.2014
			-0.1585	-0.7401	-0.6535
			-0.3922	-0.5603	0.7296
			0.9061	-0.372	0.2014
		b:
			-373.9322
			-281.0788
			-54.9604
			226.8321
			377.5295
			-175.8404
			263.2874
			212.3789
			-294.9749
			-255.2874
			-200.3789
			301.9749
	==================================================================================
	Q5:
		Shape: Polyhedra
		q_c:	397.0	200.0	74.5
		ub :	407.4735	209.6965	84.2803
		lb :	386.5265	190.3035	64.7197
		A:
			-0.3446	-0.7367	0.5819
			-0.9987	0.022	-0.0456
			-0.666	-0.7376	0.1112
			-0.382	0.7178	-0.5821
			0.5841	0.8094	-0.0609
			0.3581	-0.7731	0.5235
			0.7316	0.4246	0.5333
			-0.0888	-0.7164	0.6921
			0.6759	-0.5537	-0.4864
			-0.7316	-0.4246	-0.5333
			0.0888	0.7164	-0.6921
			-0.6759	0.5537	0.4864
		b:
			-236.9538
			-388.2844
			-398.2434
			-46.7644
			394.5699
			31.3038
			421.607
			-123.4657
			129.3472
			-408.607
			130.4657
			-113.3472
	==================================================================================
	Q6:
		Shape: Hybrid
		q_c:	374.5	210.5	65.0
		ub :	378.9583	214.8484	68.4494
		lb :	370.0417	206.1516	61.5506
		P^-1:
			0.1287	-0.0373	0.0646
			-0.0373	0.1899	-0.1366
			0.0646	-0.1366	0.348
		A:
			-0.0009	0.2571	-0.9664
			0.3313	0.4513	-0.8286
			-0.7086	0.0067	0.7055
			0.0617	0.2686	0.9613
			-0.3102	0.3212	0.8948
			-0.486	-0.6064	-0.6294
		b:
			-8.0393
			166.5075
			-216.0837
			143.7792
			11.5312
			-348.4428


===========================================================================================
===========================================================================================
S8:
	q_c:	426.0	33.5	140.5
	ub :	448.5722	60.5196	152.8763
	lb :	412.2071	10.8491	123.691

	==================================================================================
	Q1:
		Shape: Hybrid
		q_c:	420.5	48.5	141.0
		ub :	425.5854	57.7737	146.2049
		lb :	415.4146	39.2263	135.7951
		P^-1:
			0.1133	-0.0135	0.0188
			-0.0135	0.0239	0.0302
			0.0188	0.0302	0.1477
		A:
			0.8218	-0.1029	0.5604
			0.9217	0.2272	0.3142
			0.8164	-0.2323	-0.5288
			0.8146	-0.3291	-0.4776
			-0.7601	0.2929	0.5801
			-0.3418	-0.792	-0.5058
		b:
			421.1501
			445.3732
			259.2008
			260.9862
			-221.9092
			-248.553
	==================================================================================
	Q2:
		Shape: Hybrid
		q_c:	424.5	51.0	140.0
		ub :	433.3138	60.5196	147.0473
		lb :	415.6862	41.4804	132.9527
		P^-1:
			0.0284	0.005	0.0001
			0.005	0.0306	-0.0064
			0.0001	-0.0064	0.0471
		A:
			0.2135	0.3855	0.8977
			-0.2936	-0.1054	-0.9501
			0.6068	0.2995	-0.7363
			0.5669	0.7044	0.4271
			0.9227	0.2296	0.3097
			-0.4643	0.5384	-0.7032
		b:
			238.8393
			-260.4463
			172.5316
			339.6281
			450.1937
			-265.0872
	==================================================================================
	Q3:
		Shape: Hybrid
		q_c:	433.0	20.0	134.5
		ub :	440.8034	26.7521	141.9148
		lb :	425.1966	13.2479	127.0852
		P^-1:
			0.0503	-0.009	-0.0008
			-0.009	0.0538	-0.0061
			-0.0008	-0.0061	0.0479
		A:
			-0.6596	-0.7049	0.261
			0.6573	-0.7093	-0.2546
			-0.0619	-0.7075	-0.704
			-0.6345	0.3511	-0.6885
			-0.0404	0.5807	-0.8131
			-0.1836	0.8599	0.4762
		b:
			-261.8791
			238.3721
			-132.7928
			-358.0289
			-112.9933
			4.2951
	==================================================================================
	Q4:
		Shape: Polyhedra
		q_c:	434.0	27.0	135.5
		ub :	441.8302	35.9672	145.1943
		lb :	426.1698	18.0328	125.8057
		A:
			0.0779	0.8621	-0.5007
			0.691	-0.7224	0.0254
			0.5414	-0.5786	-0.61
			0.5846	-0.7591	-0.2863
			-0.2058	0.4733	-0.8565
			-0.986	0.154	-0.0641
			0.4796	0.8723	0.0955
			0.8755	-0.483	0.0151
			0.0593	0.0764	-0.9953
			-0.4796	-0.8723	-0.0955
			-0.8755	0.483	-0.0151
			-0.0593	-0.0764	0.9953
		b:
			-3.2853
			288.6137
			143.3672
			199.8171
			-184.3074
			-427.5767
			251.6305
			373.465
			-98.0793
			-237.6305
			-364.465
			116.0793
	==================================================================================
	Q5:
		Shape: Polyhedra
		q_c:	438.5	35.5	132.5
		ub :	448.5722	43.3744	141.309
		lb :	428.4278	27.6256	123.691
		A:
			-0.2572	-0.9644	0.0611
			0.0135	-0.6529	-0.7573
			-0.0177	0.298	-0.9544
			0.2734	-0.2554	0.9274
			-0.6881	0.3874	0.6136
			-0.9382	-0.3462	0.0021
			0.081	0.7068	0.7028
			-0.1523	0.7056	-0.692
			-0.985	-0.051	0.1648
			-0.081	-0.7068	-0.7028
			0.1523	-0.7056	0.692
			0.985	0.051	-0.1648
		b:
			-133.1832
			-112.0688
			-118.381
			238.8782
			-198.9691
			-414.7238
			159.2291
			-128.4474
			-402.8955
			-148.2291
			138.4474
			420.8955
	==================================================================================
	Q6:
		Shape: Polyhedra
		q_c:	418.5	18.0	147.0
		ub :	424.7929	25.1509	152.8763
		lb :	412.2071	10.8491	141.1237
		A:
			0.5362	0.034	0.8434
			-0.3785	0.6108	0.6954
			0.237	-0.2889	-0.9275
			0.5161	0.5219	0.6792
			-0.1345	0.1706	0.9761
			-0.6223	0.1927	-0.7587
			0.0846	0.4729	0.8771
			-0.0965	0.88	-0.4651
			-0.9917	-0.0453	0.12
			-0.0846	-0.4729	-0.8771
			0.0965	-0.88	0.4651
			0.9917	0.0453	-0.12
		b:
			353.0899
			-41.5916
			-39.2243
			328.6012
			93.5355
			-363.4918
			175.332
			-86.4023
			-392.7129
			-170.332
			99.4023
			403.7129


===========================================================================================
===========================================================================================
S9:
	q_c:	354.0	119.5	411.0
	ub :	358.6053	123.5738	415.6843
	lb :	350.3266	115.7792	408.942

	==================================================================================
	Q1:
		Shape: Polyhedra
		q_c:	356.0	118.5	413.0
		ub :	358.3763	121.2208	415.6843
		lb :	353.6237	115.7792	410.3157
		A:
			0.548	-0.1945	0.8135
			-0.9339	0.2522	0.2534
			-0.5659	-0.5371	0.6255
			-0.662	0.5489	0.5104
			0.4004	-0.0378	-0.9156
			-0.594	0.5994	0.5365
			0.6813	0.3643	0.635
			0.7168	-0.156	-0.6796
			-0.1485	0.9181	-0.3674
			-0.6813	-0.3643	-0.635
			-0.7168	0.156	0.6796
			0.1485	-0.9181	0.3674
		b:
			510.0277
			-196.6267
			-5.2297
			41.4225
			-238.8684
			82.4037
			549.9386
			-42.969
			-93.7981
			-545.9386
			44.969
			97.7981
	==================================================================================
	Q2:
		Shape: Hybrid
		q_c:	356.5	120.5	412.0
		ub :	358.6053	123.1166	414.3283
		lb :	354.3947	117.8834	409.6717
		P^-1:
			0.8334	-0.2962	-0.0099
			-0.2962	0.4516	0.0953
			-0.0099	0.0953	0.4094
		A:
			-0.0139	0.6659	0.7459
			0.2608	-0.9244	-0.2783
			0.366	-0.5706	-0.7352
			0.7718	-0.4129	-0.4835
			0.7701	-0.2325	-0.5941
			-0.2862	0.7805	-0.5558
		b:
			383.5677
			-132.1583
			-240.3771
			26.8132
			2.5164
			-235.8121
	==================================================================================
	Q3:
		Shape: Hybrid
		q_c:	352.5	120.0	413.5
		ub :	354.6734	122.1602	414.6081
		lb :	350.3266	117.8398	412.3919
		P^-1:
			0.7666	-0.1105	-1.0146
			-0.1105	0.4823	0.3479
			-1.0146	0.3479	3.64
		A:
			-0.2517	-0.5297	0.81
			0.4702	-0.5411	-0.6973
			0.2436	0.2816	-0.9281
			-0.1246	-0.7118	-0.6912
			-0.0336	0.0653	-0.9973
			0.9248	0.0612	-0.3756
		b:
			183.3819
			-186.8855
			-263.6099
			-414.2594
			-415.9083
			178.9686
	==================================================================================
	Q4:
		Shape: Polyhedra
		q_c:	353.0	118.0	411.0
		ub :	354.2747	119.937	412.9458
		lb :	351.7253	116.063	409.0542
		A:
			-0.3454	0.2238	-0.9114
			-0.8587	0.4965	0.1274
			0.9048	-0.3534	0.2375
			0.4858	0.7891	0.3759
			-0.9698	-0.2069	-0.1291
			-0.7739	0.2685	0.5735
			0.9569	0.1869	0.2222
			-0.0187	-0.7241	0.6895
			0.2898	-0.6639	-0.6894
			-0.9569	-0.1869	-0.2222
			0.0187	0.7241	-0.6895
			-0.2898	0.6639	0.6894
		b:
			-468.7605
			-191.1319
			376.428
			420.1645
			-418.803
			-4.7762
			452.1835
			192.8427
			-258.375
			-450.1835
			-189.8427
			260.375
	==================================================================================
	Q5:
		Shape: Polyhedra
		q_c:	355.0	121.5	411.5
		ub :	357.6751	123.5738	414.058
		lb :	352.3249	119.4262	408.942
		A:
			0.4877	-0.8647	-0.1203
			-0.1879	0.3578	-0.9147
			0.2712	0.9462	-0.1762
			0.2627	-0.4393	0.8591
			0.2016	-0.7166	-0.6677
			-0.0618	0.027	-0.9977
			0.673	0.5433	0.5019
			0.3592	-0.8332	0.4203
			0.6465	-0.1027	-0.7559
			-0.673	-0.5433	-0.5019
			-0.3592	0.8332	-0.4203
			-0.6465	0.1027	0.7559
		b:
			19.7671
			-398.3009
			140.2022
			394.6664
			-288.6186
			-427.6479
			513.4507
			200.242
			-92.5229
			-509.4507
			-198.242
			95.5229
	==================================================================================
	Q6:
		Shape: Polyhedra
		q_c:	352.5	117.5	411.5
		ub :	354.1638	118.7684	412.6106
		lb :	350.8362	116.2316	410.3894
		A:
			-0.483	-0.3034	-0.8214
			0.3442	0.7511	0.5633
			-0.4653	-0.6105	-0.6409
			-0.113	-0.6667	-0.7367
			0.4661	0.6734	0.5738
			-0.6045	-0.7773	-0.1742
			0.1629	0.7939	0.5858
			0.1119	0.5751	-0.8104
			-0.9803	0.1976	0.0048
			-0.1629	-0.7939	-0.5858
			-0.1119	-0.5751	0.8104
			0.9803	-0.1976	-0.0048
		b:
			-543.047
			441.9613
			-498.7909
			-420.7823
			480.2153
			-375.272
			392.2821
			-225.47
			-318.8325
			-391.2821
			227.47
			321.8325


===========================================================================================
===========================================================================================
S10:
	q_c:	453.5	362.5	438.5
	ub :	468.6053	369.8357	445.9432
	lb :	442.2874	347.9076	422.7393

	==================================================================================
	Q1:
		Shape: Hybrid
		q_c:	449.0	352.5	437.0
		ub :	454.0639	357.0924	442.2825
		lb :	443.9361	347.9076	431.7175
		P^-1:
			0.1139	0.0062	0.0479
			0.0062	0.0803	-0.0012
			0.0479	-0.0012	0.11
		A:
			-0.8558	-0.4964	0.1454
			-0.1662	0.8554	0.4906
			-0.4343	0.3364	-0.8356
			0.496	0.4926	0.7151
			0.9144	-0.0831	0.3961
			-0.9389	0.3304	-0.0961
		b:
			-493.5758
			443.7442
			-440.0348
			710.4011
			555.8726
			-345.13
	==================================================================================
	Q2:
		Shape: Ellipse
		q_c:	457.5	355.0	430.0
		ub :	461.7917	359.3055	434.5622
		lb :	453.2083	350.6945	425.4378
		P^-1:
			0.1901	0.0326	0.0677
			0.0326	0.13	-0.0225
			0.0677	-0.0225	0.1715
	==================================================================================
	Q3:
		Shape: Hybrid
		q_c:	451.0	364.5	432.5
		ub :	457.0809	369.8357	436.9056
		lb :	444.9191	359.1643	428.0944
		P^-1:
			0.0619	-0.0559	0.0605
			-0.0559	0.4162	-0.455
			0.0605	-0.455	0.6339
		A:
			0.8293	-0.099	-0.55
			0.0556	-0.4683	0.8818
			-0.0512	0.8678	-0.4942
			-0.0241	0.4021	-0.9153
			-0.2558	-0.5862	0.7687
			0.1901	-0.0437	-0.9808
		b:
			103.4738
			236.526
			80.8343
			-259.2387
			4.6676
			-352.0297
	==================================================================================
	Q4:
		Shape: Ellipse
		q_c:	447.5	356.0	442.0
		ub :	452.7126	361.1386	445.9432
		lb :	442.2874	350.8614	438.0568
		P^-1:
			0.116	0.0252	-0.0202
			0.0252	0.1001	-0.0138
			-0.0202	-0.0138	0.1367
	==================================================================================
	Q5:
		Shape: Ellipse
		q_c:	462.5	355.5	428.5
		ub :	468.6053	360.0465	434.2607
		lb :	456.3947	350.9535	422.7393
		P^-1:
			0.0946	0.0246	-0.068
			0.0246	0.1693	-0.0691
			-0.068	-0.0691	0.1372
	==================================================================================
	Q6:
		Shape: Ellipse
		q_c:	449.0	354.5	432.5
		ub :	455.5291	359.3481	438.9992
		lb :	442.4709	349.6519	426.0008
		P^-1:
			0.0615	0.016	0.0163
			0.016	0.1023	-0.0169
			0.0163	-0.0169	0.069


===========================================================================================
===========================================================================================
S11:
	q_c:	196.0	333.0	410.0
	ub :	221.0307	361.6726	439.8214
	lb :	166.0836	300.3014	382.6773

	==================================================================================
	Q1:
		Shape: Polyhedra
		q_c:	184.5	313.0	426.0
		ub :	198.3751	325.6986	439.8214
		lb :	170.6249	300.3014	412.1786
		A:
			0.129	-0.991	-0.0366
			0.0388	-0.9497	0.3108
			0.4183	0.5212	0.7439
			-0.4546	0.3593	0.815
			0.1382	-0.2438	-0.9599
			0.3426	0.3727	-0.8624
			0.5721	0.6981	0.4306
			0.7014	-0.1443	-0.698
			-0.4251	0.7013	-0.5722
			-0.5721	-0.6981	-0.4306
			-0.7014	0.1443	0.698
			0.4251	-0.7013	0.5722
		b:
			-293.7582
			-149.5585
			565.6362
			383.8299
			-451.6162
			-179.4907
			515.9756
			-205.0995
			-94.6759
			-498.9756
			221.0995
			110.6759
	==================================================================================
	Q2:
		Shape: Hybrid
		q_c:	211.0	344.5	400.0
		ub :	221.0307	351.2232	410.6895
		lb :	200.9693	337.7768	389.3105
		P^-1:
			0.0349	-0.0149	0.0093
			-0.0149	0.0513	-0.0065
			0.0093	-0.0065	0.0179
		A:
			-0.6293	0.6814	0.3738
			0.8775	0.2298	-0.421
			-0.1947	0.6615	-0.7242
			-0.1454	-0.9722	-0.1834
			-0.9498	0.2952	-0.1032
			-0.7507	0.6405	-0.1623
		b:
			255.4607
			101.3347
			-98.9101
			-435.7809
			-136.7619
			-0.3507
	==================================================================================
	Q3:
		Shape: Polyhedra
		q_c:	185.0	327.0	412.0
		ub :	201.9558	341.6522	429.3454
		lb :	168.0442	312.3478	394.6546
		A:
			0.2531	0.1029	-0.962
			-0.2333	-0.9689	-0.0827
			0.9412	0.0501	0.3341
			0.6081	-0.5707	0.5519
			-0.617	-0.0841	-0.7825
			-0.8632	0.3824	0.3295
			0.3827	0.7503	0.539
			0.725	0.1177	-0.6786
			-0.5726	0.6505	-0.499
			-0.3827	-0.7503	-0.539
			-0.725	-0.1177	0.6786
			0.5726	-0.6505	0.499
		b:
			-305.2679
			-384.2089
			337.9333
			162.2806
			-454.4669
			111.4653
			548.2281
			-95.9876
			-89.8039
			-528.2281
			117.9876
			107.8039
	==================================================================================
	Q4:
		Shape: Polyhedra
		q_c:	205.0	341.0	421.5
		ub :	220.4842	356.9718	438.3157
		lb :	189.5158	325.0282	404.6843
		A:
			0.2325	-0.291	-0.928
			-0.4904	0.5103	-0.7065
			-0.7983	-0.0498	-0.6003
			0.2851	0.9508	0.1211
			0.394	-0.4924	-0.7761
			0.9812	-0.0547	-0.1851
			0.6537	0.5229	0.547
			-0.3196	-0.4645	0.8259
			0.686	-0.7147	-0.1365
			-0.6537	-0.5229	-0.547
			0.3196	0.4645	-0.8259
			-0.686	0.7147	0.1365
		b:
			-432.0959
			-214.2126
			-423.2498
			444.0004
			-405.0046
			113.5455
			553.8996
			136.2045
			-154.1283
			-531.8996
			-112.2045
			167.1283
	==================================================================================
	Q5:
		Shape: Polyhedra
		q_c:	202.5	338.0	422.0
		ub :	212.0416	351.3651	435.2605
		lb :	192.9584	324.6349	408.7395
		A:
			0.4001	-0.8591	-0.3191
			0.1762	0.7415	0.6474
			-0.1598	-0.7939	-0.5866
			0.7968	-0.1502	0.5853
			0.9891	-0.0427	-0.1411
			-0.8916	-0.0519	-0.4497
			0.3976	0.4526	0.7982
			0.8785	-0.4388	-0.1888
			0.2648	0.7763	-0.5721
			-0.3976	-0.4526	-0.7982
			-0.8785	0.4388	0.1888
			-0.2648	-0.7763	0.5721
		b:
			-337.6024
			567.8309
			-539.9387
			364.615
			131.5891
			-381.0535
			578.819
			-46.0905
			84.575
			-561.819
			54.0905
			-64.575
	==================================================================================
	Q6:
		Shape: Ellipse
		q_c:	179.0	347.5	396.5
		ub :	191.9164	361.6726	410.3227
		lb :	166.0836	333.3274	382.6773
		P^-1:
			0.0111	0.0001	0.0001
			0.0001	0.0153	0.0046
			0.0001	0.0046	0.0162


===========================================================================================
===========================================================================================
S12:
	q_c:	502.0	171.5	454.0
	ub :	514.9225	183.3547	464.3327
	lb :	497.7205	163.8044	442.5942

	==================================================================================
	Q1:
		Shape: Hybrid
		q_c:	508.5	170.0	457.5
		ub :	512.461	173.2088	461.2745
		lb :	504.539	166.7912	453.7255
		P^-1:
			0.1244	0.1148	0.0226
			0.1148	0.3898	0.0606
			0.0226	0.0606	0.0935
		A:
			-0.0171	0.434	-0.9008
			-0.4243	0.8211	-0.3818
			-0.1428	-0.8809	-0.4513
			0.8026	0.4198	0.4238
			-0.2928	0.5383	-0.7902
			0.1419	-0.9892	0.0366
		b:
			-344.3556
			-248.57
			-427.7376
			675.2309
			-416.2469
			-77.7816
	==================================================================================
	Q2:
		Shape: Ellipse
		q_c:	502.0	168.0	447.0
		ub :	504.5741	172.1956	451.4058
		lb :	499.4259	163.8044	442.5942
		P^-1:
			0.4205	0.0075	-0.0857
			0.0075	0.1113	-0.0021
			-0.0857	-0.0021	0.1348
	==================================================================================
	Q3:
		Shape: Ellipse
		q_c:	509.0	173.0	459.0
		ub :	514.9225	178.7958	464.3327
		lb :	503.0775	167.2042	453.6673
		P^-1:
			0.0877	-0.0207	-0.0079
			-0.0207	0.0926	-0.0049
			-0.0079	-0.0049	0.0749
	==================================================================================
	Q4:
		Shape: Hybrid
		q_c:	502.5	178.0	451.0
		ub :	507.2795	183.3547	455.5122
		lb :	497.7205	172.6453	446.4878
		P^-1:
			0.1294	-0.0328	-0.0414
			-0.0328	0.1383	-0.0786
			-0.0414	-0.0786	0.1917
		A:
			-0.7547	0.5398	-0.3729
			-0.3919	-0.1418	0.909
			0.7597	0.5597	0.3309
			0.4493	-0.4872	0.7488
			0.9875	-0.0874	-0.131
			0.8298	0.1799	-0.5283
		b:
			-449.7631
			189.0411
			634.0017
			478.2508
			423.4818
			212.2717
	==================================================================================
	Q5:
		Shape: Ellipse
		q_c:	502.0	177.5	458.5
		ub :	505.9834	182.0642	462.5304
		lb :	498.0166	172.9358	454.4696
		P^-1:
			0.1111	0.0005	0.0
			0.0005	0.0494	-0.0012
			0.0	-0.0012	0.1111
	==================================================================================
	Q6:
		Shape: Ellipse
		q_c:	509.0	175.0	453.5
		ub :	514.1385	180.7656	458.9021
		lb :	503.8615	169.2344	448.0979
		P^-1:
			0.0914	0.0092	0.0104
			0.0092	0.0903	0.0098
			0.0104	0.0098	0.0927


===========================================================================================
===========================================================================================
S13:
	q_c:	306.0	432.5	49.0
	ub :	325.0151	460.5253	66.9955
	lb :	283.1234	405.4559	27.2966

	==================================================================================
	Q1:
		Shape: Polyhedra
		q_c:	297.0	447.0	36.5
		ub :	309.38	460.5253	45.7034
		lb :	284.62	433.4747	27.2966
		A:
			-0.6391	0.3927	0.6613
			0.9421	0.1928	-0.2743
			0.7324	0.4362	-0.5228
			0.4424	0.4637	-0.7676
			0.0791	-0.3799	0.9216
			0.6907	-0.6431	-0.3307
			0.4696	0.8027	0.3676
			0.8503	-0.5233	0.0562
			0.2375	0.2862	-0.9283
			-0.4696	-0.8027	-0.3676
			-0.8503	0.5233	-0.0562
			-0.2375	-0.2862	0.9283
		b:
			16.7755
			363.6981
			400.5752
			316.7372
			-106.9334
			-86.7287
			521.6973
			28.1971
			170.0835
			-501.6973
			-13.1971
			-159.0835
	==================================================================================
	Q2:
		Shape: Polyhedra
		q_c:	294.5	416.5	40.0
		ub :	305.8766	427.5441	50.8747
		lb :	283.1234	405.4559	29.1253
		A:
			-0.2722	0.7395	-0.6157
			0.7948	-0.0881	-0.6005
			0.2529	-0.3025	-0.919
			-0.4916	0.799	0.3462
			0.4846	0.6643	-0.5691
			-0.6586	0.7471	0.0905
			0.7998	0.443	0.4051
			0.1442	-0.7968	0.5868
			0.5827	-0.4109	-0.7011
			-0.7998	-0.443	-0.4051
			-0.1442	0.7968	-0.5868
			-0.5827	0.4109	0.7011
		b:
			209.2884
			179.1183
			-82.6224
			207.1999
			403.3596
			126.4116
			445.7595
			-259.9338
			-22.5569
			-426.7595
			271.9338
			32.5569
	==================================================================================
	Q3:
		Shape: Hybrid
		q_c:	318.0	441.5	49.0
