3D_50_14_6_a                l = 3

===========================================================================================
===========================================================================================
S1:
	q_c:	302.0	412.0	54.5
	ub :	315.4624	426.376	61.6414
	lb :	288.6439	398.1749	41.3898

	==================================================================================
	Q1:
		Shape: Polyhedra
		q_c:	309.0	410.5	50.0
		ub :	315.4624	415.4882	55.4447
		lb :	302.5376	405.5118	44.5553
		A:
			0.3116	-0.9261	0.2127
			0.2961	-0.927	0.2301
			-0.4848	0.7564	0.4391
			0.2457	-0.8284	0.5034
			0.024	0.9888	0.147
			-0.1082	-0.0186	0.994
			0.1722	0.8408	0.5133
			0.9689	-0.0505	-0.2424
			-0.1779	0.539	-0.8233
			-0.1722	-0.8408	-0.5133
			-0.9689	0.0505	0.2424
			0.1779	-0.539	0.8233
		b:
			-269.752
			-274.1015
			187.2477
			-236.072
			424.4945
			11.9882
			428.0182
			272.0431
			127.6183
			-420.0182
			-261.0431
			-122.6183
	==================================================================================
	Q2:
		Shape: Hybrid
		q_c:	297.0	419.0	53.0
		ub :	305.3561	426.376	60.7873
		lb :	288.6439	411.624	45.2127
		P^-1:
			0.0434	0.0004	-0.0045
			0.0004	0.0401	-0.0006
			-0.0045	-0.0006	0.046
		A:
			-0.0933	0.3531	-0.9309
			0.5844	0.7167	-0.3805
			-0.1256	0.6639	-0.7372
			0.9362	-0.295	-0.1913
			0.299	-0.0474	-0.9531
			-0.1082	0.7436	0.6598
		b:
			73.4228
			456.2153
			204.3884
			146.8326
			20.758
			316.9954
	==================================================================================
	Q3:
		Shape: Ellipse
		q_c:	307.0	409.0	48.0
		ub :	314.7495	416.7665	54.6102
		lb :	299.2505	401.2335	41.3898
		P^-1:
			0.0491	-0.0077	-0.0061
			-0.0077	0.0468	0.003
			-0.0061	0.003	0.0559
	==================================================================================
	Q4:
		Shape: Hybrid
		q_c:	310.0	407.0	56.5
		ub :	314.6339	412.0013	61.6414
		lb :	305.3661	401.9987	51.3586
		P^-1:
			0.1111	-0.0	-0.0
			-0.0	0.1111	-0.0
			-0.0	-0.0	0.1111
		A:
			0.362	0.0068	-0.9322
			0.2534	0.8671	0.4288
			0.1763	0.092	0.98
			-0.2197	0.9453	-0.2411
			-0.0083	0.7651	0.6439
			-0.3004	0.853	-0.4268
		b:
			63.8076
			457.2048
			148.9589
			304.5032
			346.6842
			231.4391
	==================================================================================
	Q5:
		Shape: Ellipse
		q_c:	297.5	404.0	51.0
		ub :	301.3122	409.8251	57.7994
		lb :	293.6878	398.1749	44.2006
		P^-1:
			0.1578	0.01	-0.0139
			0.01	0.1154	0.0617
			-0.0139	0.0617	0.0746
	==================================================================================
	Q6:
		Shape: Hybrid
		q_c:	300.0	406.0	47.0
		ub :	306.0024	412.0089	52.057
		lb :	293.9976	399.9911	41.943
		P^-1:
			0.0982	-0.0136	-0.0411
			-0.0136	0.0968	-0.0407
			-0.0411	-0.0407	0.1161
		A:
			0.8015	-0.5679	0.1873
			0.7431	-0.1543	-0.6512
			-0.4878	0.0275	0.8725
			-0.0525	-0.4875	0.8715
			0.2816	0.8496	-0.446
			-0.4536	-0.8154	0.3596
		b:
			20.5874
			131.1308
			-92.5851
			-171.2347
			410.2276
			-448.1703


===========================================================================================
===========================================================================================
S2:
	q_c:	142.0	297.0	356.0
	ub :	149.8864	302.6667	363.7196
	lb :	136.3627	291.6362	351.6842

	==================================================================================
	Q1:
		Shape: Hybrid
		q_c:	143.0	298.5	357.5
		ub :	145.0828	300.761	359.4572
		lb :	140.9172	296.239	355.5428
		P^-1:
			0.5484	0.1526	0.1538
			0.1526	0.6685	0.2258
			0.1538	0.2258	0.672
		A:
			-0.6132	-0.677	-0.407
			0.3883	0.759	0.5226
			0.6543	-0.0456	0.7548
			-0.452	0.8687	-0.2027
			0.8177	-0.197	0.5409
			-0.9174	-0.1902	-0.3496
		b:
			-434.7235
			469.439
			350.5568
			123.1809
			252.366
			-312.1979
	==================================================================================
	Q2:
		Shape: Hybrid
		q_c:	147.0	300.0	355.5
		ub :	149.8864	302.6667	358.5228
		lb :	144.1136	297.3333	352.4772
		P^-1:
			0.3608	-0.0632	0.0726
			-0.0632	0.2861	-0.0414
			0.0726	-0.0414	0.2976
		A:
			0.7884	-0.1433	-0.5983
			0.4933	-0.4893	0.7193
			0.1275	0.9918	-0.0125
			0.8865	0.4625	0.0151
			-0.2441	0.6398	-0.7288
			-0.4301	0.8884	0.1606
		b:
			-138.5949
			182.2457
			313.0336
			275.5704
			-102.0982
			261.4597
	==================================================================================
	Q3:
		Shape: Polyhedra
		q_c:	143.0	295.0	355.0
		ub :	146.1038	297.6924	358.1889
		lb :	139.8962	292.3076	351.8111
		A:
			0.0947	-0.5106	-0.8546
			0.6422	-0.7487	-0.1647
			-0.0197	-0.9537	-0.3001
			-0.8148	0.4901	0.3097
			-0.2589	-0.8812	0.3957
			-0.9091	-0.3295	0.255
			0.1753	0.9516	0.2526
			0.5839	0.106	-0.8049
			-0.7927	0.2886	-0.537
			-0.1753	-0.9516	-0.2526
			-0.5839	-0.106	0.8049
			0.7927	-0.2886	0.537
		b:
			-438.4657
			-185.4782
			-388.6964
			140.0388
			-154.4977
			-134.6805
			397.4418
			-168.9398
			-216.8707
			-393.4418
			172.9398
			220.8707
	==================================================================================
	Q4:
		Shape: Polyhedra
		q_c:	140.0	298.0	360.5
		ub :	143.6373	299.9658	363.7196
		lb :	136.3627	296.0342	357.2804
		A:
			0.1822	-0.7319	0.6566
			-0.6927	-0.4842	-0.5345
			-0.0642	-0.836	0.545
			0.3728	-0.3906	0.8417
			-0.3372	0.698	-0.6317
			-0.073	0.8777	0.4737
			0.5609	0.457	0.6903
			-0.8218	0.2064	0.5311
			0.1003	-0.8652	0.4913
			-0.5609	-0.457	-0.6903
			0.8218	-0.2064	-0.5311
			-0.1003	0.8652	-0.4913
		b:
			44.8128
			-431.9306
			-60.9505
			240.5136
			-66.0956
			424.1176
			465.5767
			140.9018
			-66.163
			-461.5767
			-134.9018
			67.163
	==================================================================================
	Q5:
		Shape: Polyhedra
		q_c:	140.0	295.0	354.0
		ub :	142.909	297.9674	356.3158
		lb :	137.091	292.0326	351.6842
		A:
			-0.2901	-0.0289	-0.9566
			0.0472	0.2273	0.9727
			0.6492	0.4179	0.6356
			0.0917	-0.059	-0.994
			0.9263	0.2873	0.2438
			0.4264	-0.6908	0.584
			0.5507	0.2559	0.7945
			0.5622	0.5898	-0.5797
			-0.6169	0.7659	0.1809
			-0.5507	-0.2559	-0.7945
			-0.5622	-0.5898	0.5797
			0.6169	-0.7659	-0.1809
		b:
			-386.5564
			419.327
			440.2445
			-354.9413
			302.2065
			64.4426
			434.8427
			49.4728
			205.6365
			-432.8427
			-45.4728
			-201.6365
	==================================================================================
	Q6:
		Shape: Ellipse
		q_c:	140.0	294.5	358.5
		ub :	142.9736	297.3638	361.3876
		lb :	137.0264	291.6362	355.6124
		P^-1:
			0.3525	-0.0834	0.0634
			-0.0834	0.3177	-0.0476
			0.0634	-0.0476	0.1842


===========================================================================================
===========================================================================================
S3:
	q_c:	253.5	96.0	467.5
	ub :	264.9686	110.0677	482.3365
	lb :	242.0069	81.3114	461.2421

	==================================================================================
	Q1:
		Shape: Ellipse
		q_c:	251.0	87.5	471.0
		ub :	256.5132	93.6886	477.8703
		lb :	245.4868	81.3114	464.1297
		P^-1:
			0.0774	-0.0013	-0.0108
			-0.0013	0.0494	0.0005
			-0.0108	0.0005	0.0535
	==================================================================================
	Q2:
		Shape: Polyhedra
		q_c:	255.0	105.5	478.0
		ub :	257.6592	110.0677	482.3365
		lb :	252.3408	100.9323	473.6635
		A:
			0.0079	0.2385	0.9711
			0.7482	0.2561	0.6121
			-0.9378	-0.0038	-0.3472
			-0.9262	-0.0341	-0.3756
			-0.7935	-0.473	-0.3829
			-0.7655	-0.4977	-0.4077
			0.7784	0.2901	0.5567
			-0.0212	-0.8742	0.4852
			0.6274	-0.3895	-0.6743
			-0.7784	-0.2901	-0.5567
			0.0212	0.8742	-0.4852
			-0.6274	0.3895	0.6743
		b:
			494.1292
			510.9391
			-404.1018
			-418.0118
			-434.267
			-441.6054
			495.7026
			137.7732
			-199.9315
			-494.7026
			-130.7732
			206.9315
	==================================================================================
	Q3:
		Shape: Ellipse
		q_c:	259.0	93.0	467.0
		ub :	264.9686	98.3546	472.1047
		lb :	253.0314	87.6454	461.8953
		P^-1:
			0.1353	0.0387	-0.0845
			0.0387	0.1228	0.0465
			-0.0845	0.0465	0.185
	==================================================================================
	Q4:
		Shape: Polyhedra
		q_c:	255.5	94.5	468.5
		ub :	260.0128	99.536	474.3575
		lb :	250.9872	89.464	462.6425
		A:
			-0.3807	0.6161	-0.6896
			-0.1544	0.6723	-0.724
			-0.3632	0.686	-0.6305
			0.5214	-0.6896	0.5026
			-0.1739	0.8437	-0.5079
			-0.338	0.7903	-0.511
			0.0958	0.6643	0.7413
			-0.3105	0.7275	-0.6118
			-0.9457	-0.1716	0.276
			-0.0958	-0.6643	-0.7413
			0.3105	-0.7275	0.6118
			0.9457	0.1716	-0.276
		b:
			-361.111
			-314.0582
			-322.7371
			304.5699
			-201.4537
			-250.2202
			440.5414
			-296.7339
			-124.5634
			-428.5414
			297.7339
			132.5634
	==================================================================================
	Q5:
		Shape: Ellipse
		q_c:	257.5	98.0	467.5
		ub :	263.6697	102.2643	473.7579
		lb :	251.3303	93.7357	461.2421
		P^-1:
			0.0652	0.0108	0.0032
			0.0108	0.1047	0.0125
			0.0032	0.0125	0.0662
	==================================================================================
	Q6:
		Shape: Hybrid
		q_c:	246.5	88.5	473.5
		ub :	250.9931	92.3124	477.6726
		lb :	242.0069	84.6876	469.3274
		P^-1:
			0.1316	0.002	-0.024
			0.002	0.1113	-0.0023
			-0.024	-0.0023	0.1393
		A:
			0.959	0.0959	-0.2666
			-0.6699	-0.0656	0.7395
			0.2483	0.6765	-0.6933
			0.7882	-0.3301	0.5193
			0.9723	0.1972	-0.1258
			-0.7538	0.1629	0.6366
		b:
			120.0489
			180.4905
			-205.6994
			412.7479
			199.0336
			131.3347


===========================================================================================
===========================================================================================
S4:
	q_c:	178.0	218.5	325.0
	ub :	197.7717	233.4803	336.4188
	lb :	168.9194	203.7382	313.3632

	==================================================================================
	Q1:
		Shape: Hybrid
		q_c:	185.5	226.5	317.0
		ub :	190.5924	231.2658	320.4817
		lb :	180.4076	221.7342	313.5183
		P^-1:
			0.2859	-0.0225	0.4184
			-0.0225	0.0515	-0.0392
			0.4184	-0.0392	0.752
		A:
			0.6233	-0.3253	0.7111
			0.7322	-0.6442	0.221
			0.4468	-0.1384	0.8839
			-0.2631	0.1836	-0.9471
			0.9973	0.0712	-0.0197
			-0.389	-0.5007	-0.7733
		b:
			268.6723
			63.3248
			332.3299
			-306.2533
			198.75
			-428.6078
	==================================================================================
	Q2:
		Shape: Ellipse
		q_c:	189.0	217.5	323.0
		ub :	197.7717	226.0614	332.6368
		lb :	180.2283	208.9386	313.3632
		P^-1:
			0.0281	-0.0016	0.0013
			-0.0016	0.0349	-0.0058
			0.0013	-0.0058	0.0325
	==================================================================================
	Q3:
		Shape: Ellipse
		q_c:	189.0	226.5	331.5
		ub :	195.9495	233.4803	336.4188
		lb :	182.0505	219.5197	326.5812
		P^-1:
			0.0427	-0.0119	0.0077
			-0.0119	0.0588	0.0174
			0.0077	0.0174	0.1051
	==================================================================================
	Q4:
		Shape: Hybrid
		q_c:	188.0	219.0	327.5
		ub :	196.562	228.4102	333.3672
		lb :	179.438	209.5898	321.6328
		P^-1:
			0.0506	0.0328	-0.0079
			0.0328	0.045	0.0025
			-0.0079	0.0025	0.0624
		A:
			-0.6435	-0.7545	0.1288
			-0.6524	-0.316	0.6889
			0.728	0.2661	-0.6318
			-0.7049	-0.6013	0.3764
			-0.2879	-0.7992	-0.5276
			-0.8807	-0.4549	0.1321
		b:
			-242.1264
			35.7661
			-9.5354
			-139.1698
			-399.2352
			-219.6829
	==================================================================================
	Q5:
		Shape: Polyhedra
		q_c:	174.0	209.5	327.0
		ub :	179.0806	215.2618	332.358
		lb :	168.9194	203.7382	321.642
		A:
			0.8058	0.1229	-0.5793
			-0.3407	0.3387	0.8771
			-0.1142	-0.989	-0.094
			0.6066	-0.5241	0.5977
			0.4498	0.6	-0.6616
			0.4057	0.0452	-0.9129
			0.4797	0.5985	0.6416
			0.1995	0.6377	-0.744
			-0.8545	0.4849	0.1865
			-0.4797	-0.5985	-0.6416
			-0.1995	-0.6377	0.744
			0.8545	-0.4849	-0.1865
		b:
			-20.4492
			301.8814
			-254.2652
			194.3586
			-9.3404
			-215.3166
			422.6653
			-71.9781
			16.89
			-414.6653
			77.9781
			-10.89
	==================================================================================
	Q6:
		Shape: Hybrid
		q_c:	185.0	214.0	331.0
		ub :	191.3461	221.4074	335.9274
		lb :	178.6539	206.5926	326.0726
		P^-1:
			0.0664	0.0093	-0.0176
			0.0093	0.0268	0.005
			-0.0176	0.005	0.1041
		A:
			0.2126	0.2945	-0.9317
			0.5699	-0.1868	-0.8002
			-0.0934	-0.1354	-0.9864
			0.8876	-0.1006	-0.4496
			-0.2139	-0.4307	-0.8768
			0.2644	-0.3151	0.9115
		b:
			-203.9644
			-197.5721
			-371.012
			-3.8853
			-419.7389
			285.9182


===========================================================================================
===========================================================================================
S5:
	q_c:	307.5	120.5	147.0
	ub :	311.692	127.7183	153.5754
	lb :	301.437	114.51	143.1092

	==================================================================================
	Q1:
		Shape: Polyhedra
		q_c:	304.0	120.0	145.5
		ub :	306.563	122.4268	147.8908
		lb :	301.437	117.5732	143.1092
		A:
			-0.0942	0.968	0.2325
			-0.1176	0.4174	-0.9011
			0.2911	0.9425	0.164
			-0.0778	-0.997	-0.0022
			-0.6867	-0.6359	-0.3522
			0.1209	0.7211	0.6822
			0.5327	0.2484	0.809
			-0.4767	-0.7019	0.5293
			0.6993	-0.6676	-0.2555
			-0.5327	-0.2484	-0.809
			0.4767	0.7019	-0.5293
			-0.6993	0.6676	0.2555
		b:
			122.868
			-115.2482
			226.954
			-142.1099
			-334.8135
			224.049
			310.9578
			-150.6143
			96.8066
			-307.9578
			153.6143
			-93.8066
	==================================================================================
	Q2:
		Shape: Ellipse
		q_c:	309.0	123.0	148.0
		ub :	311.692	124.9837	150.5866
		lb :	306.308	121.0163	145.4134
		P^-1:
			0.3187	0.0341	-0.0865
			0.0341	0.4352	0.0235
			-0.0865	0.0235	0.385
	==================================================================================
	Q3:
		Shape: Ellipse
		q_c:	305.0	125.0	147.5
		ub :	307.4728	127.5119	149.5632
		lb :	302.5272	122.4881	145.4368
		P^-1:
			0.4444	-0.0	-0.0
			-0.0	0.4444	0.0
			-0.0	0.0	0.4444
	==================================================================================
	Q4:
		Shape: Hybrid
		q_c:	305.5	121.5	152.0
		ub :	307.6623	123.1456	153.5754
		lb :	303.3377	119.8544	150.4246
		P^-1:
			0.267	-0.092	-0.0634
			-0.092	0.9885	-0.0079
			-0.0634	-0.0079	0.9945
		A:
			0.5472	-0.6241	-0.5578
			0.3999	0.1655	-0.9015
			0.0188	0.9585	-0.2844
			-0.9447	-0.2666	0.1909
			0.1787	-0.8008	0.5717
			0.2381	-0.8454	-0.4781
		b:
			7.285
			5.8906
			79.4858
			-290.555
			44.7126
			-102.1538
	==================================================================================
	Q5:
		Shape: Ellipse
		q_c:	307.0	116.5	147.0
		ub :	309.0049	118.49	148.348
		lb :	304.9951	114.51	145.652
		P^-1:
			0.6742	-0.2736	-0.0034
			-0.2736	0.7703	-0.0029
			-0.0034	-0.0029	1.0
	==================================================================================
	Q6:
		Shape: Polyhedra
		q_c:	306.0	125.5	145.5
		ub :	308.36	127.7183	147.7492
		lb :	303.64	123.2817	143.2508
		A:
			0.5626	0.5961	0.5728
			-0.919	-0.3044	-0.2506
			-0.542	-0.0929	-0.8352
			-0.7541	-0.5049	0.4199
			-0.0888	0.9298	-0.3573
			-0.9429	-0.2778	0.1839
			0.6652	0.7451	0.0482
			0.1296	-0.0516	-0.9902
			-0.7353	0.665	-0.1309
			-0.6652	-0.7451	-0.0482
			-0.1296	0.0516	0.9902
			0.7353	-0.665	0.1309
		b:
			331.9735
			-354.3647
			-297.2308
			-231.414
			39.0759
			-295.078
			305.5841
			-108.8898
			-159.1014
			-302.5841
			112.8898
			162.1014


===========================================================================================
===========================================================================================
S6:
	q_c:	37.5	246.5	438.5
	ub :	47.4932	268.6572	459.9803
	lb :	21.6659	236.078	424.8837

	==================================================================================
	Q1:
		Shape: Polyhedra
		q_c:	37.5	258.5	435.0
		ub :	47.4932	268.6572	445.1163
		lb :	27.5068	248.3428	424.8837
		A:
			0.4593	-0.0599	-0.8863
			0.0536	-0.7886	-0.6126
			-0.4038	0.1091	0.9083
			-0.1181	-0.5536	-0.8243
			0.0791	0.5811	0.81
			-0.6684	-0.1181	0.7343
			0.5296	0.2383	0.8141
			-0.7393	0.6002	0.3053
			-0.4159	-0.7635	0.494
			-0.5296	-0.2383	-0.8141
			0.7393	-0.6002	-0.3053
			0.4159	0.7635	-0.494
		b:
			-377.5961
			-462.6414
			414.2748
			-500.3552
			511.2608
			270.339
			441.5802
			265.2299
			9.4446
			-429.5802
			-255.2299
			5.5554
	==================================================================================
	Q2:
		Shape: Polyhedra
		q_c:	29.5	244.0	434.5
		ub :	37.3341	251.922	441.1789
		lb :	21.6659	236.078	427.8211
		A:
			-0.7931	0.121	-0.5969
			0.1179	0.1159	0.9862
			0.0608	-0.1577	0.9856
			-0.0539	-0.9904	0.1275
			0.6796	0.3614	0.6384
			-0.594	-0.4453	-0.67
			0.6172	0.3303	0.7141
			-0.7033	0.6386	0.3124
			-0.3528	-0.695	0.6264
			-0.6172	-0.3303	-0.7141
			0.7033	-0.6386	-0.3124
			0.3528	0.695	-0.6264
		b:
			-249.2462
			463.9824
			395.2239
			-183.0023
			388.6461
			-414.2479
			412.088
			277.3228
			96.1876
			-406.088
			-264.3228
			-88.1876
	==================================================================================
	Q3:
		Shape: Ellipse
		q_c:	38.0	261.5	439.5
		ub :	44.2287	267.1966	445.9809
		lb :	31.7713	255.8034	433.0191
		P^-1:
			0.073	0.0008	0.0095
			0.0008	0.0626	0.0007
			0.0095	0.0007	0.071
	==================================================================================
	Q4:
		Shape: Hybrid
		q_c:	27.0	259.5	443.0
		ub :	32.1415	264.3916	447.3715
		lb :	21.8585	254.6084	438.6285
		P^-1:
			0.1581	-0.0901	-0.0178
			-0.0901	0.1566	-0.04
			-0.0178	-0.04	0.1447
		A:
			0.1266	-0.9382	0.3221
			-0.7671	0.5802	0.2737
			0.4407	-0.6664	0.6014
			0.0072	0.8177	-0.5756
			-0.4871	0.4554	-0.7452
			-0.5176	0.1232	0.8467
		b:
			-95.677
			252.2213
			106.5098
			-41.0153
			-223.6448
			394.5889
	==================================================================================
	Q5:
		Shape: Polyhedra
		q_c:	27.5	257.0	455.5
		ub :	31.9122	262.2077	459.9803
		lb :	23.0878	251.7923	451.0197
		A:
			0.8782	-0.0968	0.4684
			0.7778	0.173	0.6042
			0.7893	-0.3098	0.5302
			0.5278	-0.0875	-0.8448
			0.4454	-0.2088	0.8707
			-0.2277	-0.0783	0.9706
			0.7178	0.0387	0.6952
			-0.4269	0.8132	0.3955
			-0.55	-0.5807	0.6002
			-0.7178	-0.0387	-0.6952
			0.4269	-0.8132	-0.3955
			0.55	0.5807	-0.6002
		b:
			214.0954
			342.263
			185.212
			-389.0775
			356.9952
			419.1013
			347.3568
			380.9089
			113.0184
			-345.3568
			-373.9089
			-105.0184
	==================================================================================
	Q6:
		Shape: Ellipse
		q_c:	30.0	245.0	443.0
		ub :	34.1857	250.8651	448.2875
		lb :	25.8143	239.1349	437.7125
		P^-1:
			0.3458	0.0688	0.1529
			0.0688	0.0726	0.0211
			0.1529	0.0211	0.157


===========================================================================================
===========================================================================================
S7:
	q_c:	383.0	384.5	180.0
	ub :	393.8159	395.7292	194.728
	lb :	375.9061	375.1228	171.4442

	==================================================================================
	Q1:
		Shape: Hybrid
		q_c:	383.5	384.5	177.5
		ub :	386.7301	388.5413	183.5558
		lb :	380.2699	380.4587	171.4442
		P^-1:
			0.2373	-0.0253	-0.0237
			-0.0253	0.1648	0.0287
			-0.0237	0.0287	0.041
		A:
			0.7434	0.5659	0.3565
			0.9954	-0.037	0.0881
			-0.2605	-0.3855	-0.8852
			0.8945	0.1539	-0.4196
			0.8746	-0.4793	0.0734
			-0.6396	0.7547	0.1465
		b:
			567.7926
			384.4055
			-401.5445
			329.5437
			165.4911
			72.0586
	==================================================================================
	Q2:
		Shape: Ellipse
		q_c:	384.0	383.0	180.0
		ub :	388.4879	387.5344	184.5469
		lb :	379.5121	378.4656	175.4531
		P^-1:
			0.1272	0.1521	0.1828
			0.1521	0.4075	0.4347
			0.1828	0.4347	0.5772
	==================================================================================
	Q3:
		Shape: Hybrid
		q_c:	382.5	379.5	189.5
		ub :	387.4547	383.8772	194.728
		lb :	377.5453	375.1228	184.272
		P^-1:
			0.1367	0.0084	-0.0398
			0.0084	0.1138	-0.0164
			-0.0398	-0.0164	0.07
		A:
			-0.7725	0.5036	0.3868
			0.1084	-0.4387	0.8921
			0.4579	0.439	-0.7731
			0.2992	0.8495	-0.4345
			0.4299	-0.4291	-0.7944
			0.5689	0.7551	0.3259
		b:
			-29.4956
			46.6642
			197.0096
			356.0228
			-146.6716
			568.2544
	==================================================================================
	Q4:
		Shape: Ellipse
		q_c:	387.0	389.5	180.0
		ub :	393.7653	395.7292	186.4963
		lb :	380.2347	383.2708	173.5037
		P^-1:
			0.061	0.0056	-0.0011
			0.0056	0.0423	0.004
			-0.0011	0.004	0.0617
	==================================================================================
	Q5:
		Shape: Polyhedra
		q_c:	388.0	381.0	188.5
		ub :	393.8159	385.358	193.3109
		lb :	382.1841	376.642	183.6891
		A:
			-0.3317	-0.9006	-0.2808
			0.2874	0.6379	-0.7145
			0.4309	0.6611	-0.6142
			0.1939	0.7391	-0.645
			-0.341	-0.7449	0.5735
			0.3829	0.6853	-0.6195
			0.727	0.2556	0.6373
			-0.6115	0.6631	0.4317
			-0.3123	-0.7035	0.6384
			-0.727	-0.2556	-0.6373
			0.6115	-0.6631	-0.4317
			0.3123	0.7035	-0.6384
		b:
			-521.2742
			220.5333
			304.0641
			235.9885
			-307.4084
			293.484
			503.5798
			101.2652
			-268.3751
			-495.5798
			-92.2652
			269.3751
	==================================================================================
	Q6:
		Shape: Ellipse
		q_c:	379.5	388.5	186.5
		ub :	383.0939	390.4604	190.1972
		lb :	375.9061	386.5396	182.8028
		P^-1:
			0.4844	-0.176	0.3701
			-0.176	0.6182	-0.1899
			0.3701	-0.1899	0.4234


===========================================================================================
===========================================================================================
S8:
	q_c:	360.0	373.5	319.5
	ub :	385.5125	396.7896	333.3142
	lb :	348.5749	353.518	299.3014

	==================================================================================
	Q1:
		Shape: Hybrid
		q_c:	367.5	363.5	324.5
		ub :	376.7402	373.482	333.3142
		lb :	358.2598	353.518	315.6858
		P^-1:
			0.0321	0.001	0.0054
			0.001	0.0322	-0.0081
			0.0054	-0.0081	0.0291
		A:
			0.6313	-0.11	0.7677
			-0.0073	-0.9419	0.3357
			-0.0977	0.8041	-0.5863
			0.5124	0.2105	0.8325
			-0.1957	-0.9016	0.3857
			0.1357	0.1209	0.9833
		b:
			443.9125
			-233.3776
			68.6762
			538.2791
			-271.7537
			416.6206
	==================================================================================
	Q2:
		Shape: Hybrid
		q_c:	373.0	382.5	310.5
		ub :	384.1448	390.3542	321.6986
		lb :	361.8552	374.6458	299.3014
		P^-1:
			0.0264	-0.0147	0.0041
			-0.0147	0.0546	0.0104
			0.0041	0.0104	0.0217
		A:
			0.196	0.8923	0.4067
			0.689	-0.0859	-0.7196
			-0.4386	0.8265	-0.3528
			0.0625	-0.8901	-0.4514
			-0.5295	0.7538	-0.389
			0.2388	-0.2224	0.9452
		b:
			543.5495
			6.8805
			46.1005
			-454.9849
			-26.8713
			302.7021
	==================================================================================
	Q3:
		Shape: Hybrid
		q_c:	352.0	379.5	318.0
		ub :	355.4251	389.7058	328.2222
		lb :	348.5749	369.2942	307.7778
		P^-1:
			0.2446	-0.0065	-0.0343
			-0.0065	0.0188	0.0022
			-0.0343	0.0022	0.0248
		A:
			0.9005	0.3974	0.1764
			0.7634	0.5202	-0.3827
			-0.9132	-0.1096	0.3925
			-0.9255	-0.2722	0.2635
			0.5465	0.6004	0.5838
			-0.955	0.1362	-0.2633
		b:
			526.9622
			348.2529
			-236.4014
			-343.1997
			611.2539
			-365.6565
	==================================================================================
	Q4:
		Shape: Polyhedra
		q_c:	375.0	386.5	320.5
		ub :	385.5125	396.7896	332.3038
		lb :	364.4875	376.2104	308.6962
		A:
			0.3555	-0.1338	-0.925
			0.7416	0.0849	0.6655
			-0.7551	0.6035	-0.2559
			0.247	0.5174	-0.8194
			-0.3486	0.8232	-0.4482
			-0.5083	0.0771	-0.8577
			0.2666	0.63	0.7294
			-0.1465	0.7745	-0.6154
			-0.9526	0.0573	0.2988
			-0.2666	-0.63	-0.7294
			0.1465	-0.7745	0.6154
			0.9526	-0.0573	-0.2988
		b:
			-207.4484
			531.4464
			-124.4558
			37.1907
			50.8362
			-428.6735
			584.2552
			54.1643
			-231.3313
			-570.2552
			-40.1643
			247.3313
	==================================================================================
	Q5:
		Shape: Ellipse
		q_c:	368.5	364.0	314.0
		ub :	377.9009	371.7675	323.0501
		lb :	359.0991	356.2325	304.9499
		P^-1:
			0.0272	-0.0121	0.0066
			-0.0121	0.0656	-0.0229
			0.0066	-0.0229	0.0362
	==================================================================================
	Q6:
		Shape: Polyhedra
		q_c:	370.5	380.5	323.5
		ub :	377.0932	387.9424	331.1646
		lb :	363.9068	373.0576	315.8354
		A:
			0.3851	0.7615	0.5214
			0.8523	0.0795	0.517
			0.6841	0.6983	0.2105
			0.1704	-0.9201	0.3526
			-0.1367	-0.8603	-0.4911
			0.5442	0.7398	-0.3957
			0.63	0.6315	0.4521
			-0.7729	0.4526	0.4447
			0.0762	-0.6296	0.7732
			-0.63	-0.6315	-0.4521
			0.7729	-0.4526	-0.4447
			-0.0762	0.6296	-0.7732
		b:
			604.0214
			517.0386
			590.0395
			-167.9428
			-533.0892
			359.3618
			622.429
			35.7475
			43.8062
			-617.429
			-23.7475
			-33.8062


===========================================================================================
===========================================================================================
S9:
	q_c:	437.0	507.5	403.5
	ub :	448.6651	520.8217	417.5227
	lb :	425.7151	490.0905	389.7131

	==================================================================================
	Q1:
		Shape: Ellipse
		q_c:	435.0	513.5	410.0
		ub :	442.41	520.8217	413.5142
		lb :	427.59	506.1783	406.4858
		P^-1:
			0.0483	0.0192	-0.0176
			0.0192	0.0462	-0.0096
			-0.0176	-0.0096	0.1558
	==================================================================================
	Q2:
		Shape: Ellipse
		q_c:	435.0	508.5	398.0
		ub :	440.2352	512.6991	402.4688
		lb :	429.7648	504.3009	393.5312
		P^-1:
			0.0911	0.0071	-0.0118
			0.0071	0.1086	0.0042
			-0.0118	0.0042	0.1042
	==================================================================================
	Q3:
		Shape: Polyhedra
		q_c:	432.5	497.0	397.0
		ub :	439.2849	502.2321	404.2869
		lb :	425.7151	491.7679	389.7131
		A:
			0.7529	-0.6243	-0.2082
			0.5123	0.8577	0.0442
			-0.012	-0.7784	-0.6276
			0.0793	0.7224	0.6869
			-0.5909	0.6188	-0.5176
			0.3857	0.0193	-0.9224
			0.6432	0.1389	0.753
			-0.7431	0.3504	0.5701
			-0.1847	-0.9262	0.3286
			-0.6432	-0.1389	-0.753
			0.7431	-0.3504	-0.5701
			0.1847	0.9262	-0.3286
		b:
			-63.637
			669.4366
			-636.9546
			670.5215
			-148.9438
			-185.8135
			651.6402
			82.6103
			-406.2788
			-640.6402
			-75.6103
			413.2788
	==================================================================================
	Q4:
		Shape: Polyhedra
		q_c:	439.0	497.5	399.0
		ub :	444.7487	504.9095	405.7459
		lb :	433.2513	490.0905	392.2541
		A:
			0.9978	0.0597	0.0296
			0.7454	-0.2084	-0.6333
			0.8259	-0.0716	-0.5593
			-0.9291	-0.3475	-0.1266
			0.6728	-0.7092	0.2104
			-0.18	0.5514	-0.8146
			0.1036	0.0443	0.9936
			-0.9767	0.1931	0.0932
			-0.1878	-0.9802	0.0633
			-0.1036	-0.0443	-0.9936
			0.9767	-0.1931	-0.0932
			0.1878	0.9802	-0.0633
		b:
			483.7785
			-24.4009
			108.3192
			-626.3791
			31.6119
			-123.6528
			469.9721
			-291.5361
			-538.3087
			-457.9721
			299.5361
			551.3087
	==================================================================================
	Q5:
		Shape: Ellipse
		q_c:	442.0	497.5	412.0
		ub :	447.1834	501.6388	417.5227
		lb :	436.8166	493.3612	406.4773
		P^-1:
			0.0791	0.0029	0.0078
			0.0029	0.1091	0.0079
			0.0078	0.0079	0.067
	==================================================================================
	Q6:
		Shape: Polyhedra
		q_c:	445.0	514.5	396.0
		ub :	448.6651	517.2556	400.9909
		lb :	441.3349	511.7444	391.0091
		A:
			-0.0054	-0.8405	0.5418
			0.6756	0.7029	-0.2222
			-0.8689	-0.4328	-0.2403
			-0.5585	0.6801	-0.4749
			0.0413	-0.972	0.2312
			-0.4685	-0.7085	-0.5279
			0.4987	0.8598	0.1097
			0.8383	-0.5106	0.191
			0.2202	-0.0033	-0.9754
			-0.4987	-0.8598	-0.1097
			-0.8383	0.5106	-0.191
			-0.2202	0.0033	0.9754
		b:
			-217.3928
			576.8276
			-702.4684
			-84.2446
			-387.9916
			-779.3921
			709.7323
			187.986
			-285.4576
			-705.7323
			-183.986
			294.4576


===========================================================================================
===========================================================================================
S10:
	q_c:	189.0	335.0	382.0
	ub :	198.7334	343.3132	393.3157
	lb :	176.1888	327.1472	370.3263

	==================================================================================
	Q1:
		Shape: Ellipse
		q_c:	184.5	339.0	389.0
		ub :	188.1426	342.6862	393.3157
		lb :	180.8574	335.3138	384.6843
		P^-1:
			0.1486	0.0104	0.0179
			0.0104	0.2164	-0.0561
			0.0179	-0.0561	0.156
	==================================================================================
	Q2:
		Shape: Polyhedra
		q_c:	181.5	337.5	381.0
		ub :	186.8112	342.1456	387.0357
		lb :	176.1888	332.8544	374.9643
		A:
			-0.5311	0.4232	-0.7341
			-0.9022	-0.2855	0.3233
			0.8108	0.0865	-0.5788
			-0.9508	-0.3023	0.0685
			-0.534	-0.8448	-0.0344
			0.3785	-0.2171	0.8998
			0.6789	0.7291	0.0862
			0.6968	-0.6769	0.2375
			0.2315	-0.1012	-0.9676
			-0.6789	-0.7291	-0.0862
			-0.6968	0.6769	-0.2375
			-0.2315	0.1012	0.9676
		b:
			-228.6207
			-133.7715
			-40.0406
			-245.8007
			-393.4494
			342.9819
			403.6332
			-6.9958
			-355.7856
			-400.6332
			15.9958
			365.7856
	==================================================================================
	Q3:
		Shape: Polyhedra
		q_c:	193.5	338.0	384.0
		ub :	198.7334	343.3132	388.5422
		lb :	188.2666	332.6868	379.4578
		A:
			0.7786	0.6272	0.0216
			0.5735	0.6547	-0.4925
			-0.758	0.621	0.1997
			-0.1983	0.8761	0.4395
			0.1281	-0.8102	-0.5721
			-0.5194	-0.5968	-0.6116
			0.7345	0.6234	0.268
			0.6481	-0.7616	-0.0047
			0.2012	0.1771	-0.9634
			-0.7345	-0.6234	-0.268
			-0.6481	0.7616	0.0047
			-0.2012	-0.1771	0.9634
		b:
			373.5612
			146.4828
			143.9043
			430.1714
			-465.1293
			-534.286
			458.2549
			-129.7875
			-267.1653
			-453.2549
			137.7875
			275.1653
	==================================================================================
	Q4:
		Shape: Polyhedra
		q_c:	186.0	333.0	374.0
		ub :	192.3678	338.4536	377.6737
		lb :	179.6322	327.5464	370.3263
		A:
			0.1251	-0.3317	-0.9351
			0.122	0.4036	0.9068
			-0.5425	-0.2852	-0.7901
			-0.6838	0.0811	-0.7252
			-0.1971	0.7005	-0.6859
			-0.866	0.4761	-0.1528
			0.2993	0.0196	0.954
			-0.8997	-0.327	0.289
			0.3176	-0.9448	-0.0802
			-0.2993	-0.0196	-0.954
			0.8997	0.327	-0.289
			-0.3176	0.9448	0.0802
		b:
			-434.1111
			498.6929
			-488.758
			-368.6159
			-56.6366
			-55.5416
			420.979
			-163.1771
			-281.5416
			-416.979
			173.1771
			289.5416
	==================================================================================
	Q5:
		Shape: Ellipse
		q_c:	183.0	332.5	377.0
		ub :	188.1532	337.8528	381.3233
		lb :	177.8468	327.1472	372.6767
		P^-1:
			0.0892	0.0128	0.0011
			0.0128	0.1036	-0.0006
			0.0011	-0.0006	0.1111
	==================================================================================
	Q6:
		Shape: Ellipse
		q_c:	189.5	336.0	386.0
		ub :	194.9882	340.2573	391.9962
		lb :	184.0118	331.7427	380.0038
		P^-1:
			0.3522	-0.4347	-0.0681
			-0.4347	0.6888	0.0881
			-0.0681	0.0881	0.0709


===========================================================================================
===========================================================================================
S11:
	q_c:	89.5	417.0	173.5
	ub :	97.3122	424.5443	180.7968
	lb :	82.512	409.7483	168.5207

	==================================================================================
	Q1:
		Shape: Ellipse
		q_c:	92.0	420.0	177.0
		ub :	96.1398	423.5487	180.7968
		lb :	87.8602	416.4513	173.2032
		P^-1:
			0.1564	-0.0005	0.0128
			-0.0005	0.1599	0.0016
			0.0128	0.0016	0.1148
	==================================================================================
	Q2:
		Shape: Polyhedra
		q_c:	92.5	421.5	171.5
		ub :	95.0858	424.5443	174.4793
		lb :	89.9142	418.4557	168.5207
		A:
			0.3886	-0.8126	-0.4344
			-0.8945	0.44	0.0797
			0.9126	-0.2212	0.3438
			-0.0134	-0.9959	0.0898
			0.9607	0.0697	-0.2688
			-0.9515	0.3055	0.0349
			0.8267	0.4558	0.3299
			0.5608	-0.715	-0.4174
			0.0456	0.53	-0.8467
			-0.8267	-0.4558	-0.3299
			-0.5608	0.715	0.4174
			-0.0456	-0.53	0.8467
		b:
			-379.5405
			118.0366
			52.0066
			-403.8033
			73.9801
			48.4616
			327.1745
			-319.5921
			84.4145
			-323.1745
			322.5921
			-80.4145
	==================================================================================
	Q3:
		Shape: Polyhedra
		q_c:	95.0	418.5	175.5
		ub :	97.3122	420.2533	177.8171
		lb :	92.6878	416.7467	173.1829
		A:
			0.6079	0.7815	0.1407
			-0.1979	0.9322	-0.303
			-0.3461	-0.7858	0.5126
			0.7067	0.6773	0.2044
			0.9632	-0.224	-0.1486
			-0.8366	0.517	0.1811
			0.65	0.1256	0.7495
			-0.7088	0.4558	0.5384
			-0.274	-0.8812	0.3853
			-0.65	-0.1256	-0.7495
			0.7088	-0.4558	-0.5384
			0.274	0.8812	-0.3853
		b:
			410.6947
			319.2721
			-270.7446
			387.7385
			-26.8425
			170.1323
			247.3454
			219.3981
			-326.1818
			-244.3454
			-216.3981
			328.1818
	==================================================================================
	Q4:
		Shape: Ellipse
		q_c:	92.0	415.5	176.5
		ub :	95.8428	419.42	180.3685
		lb :	88.1572	411.58	172.6315
		P^-1:
			0.2046	-0.0431	0.013
			-0.0431	0.2016	-0.0126
			0.013	-0.0126	0.1638
	==================================================================================
	Q5:
		Shape: Hybrid
		q_c:	86.5	416.0	172.5
		ub :	90.488	419.7728	176.0833
		lb :	82.512	412.2272	168.9167
		P^-1:
			0.211	-0.0579	-0.0233
			-0.0579	0.164	-0.0345
			-0.0233	-0.0345	0.2361
		A:
			0.5994	-0.5769	0.5549
			0.3815	-0.4708	0.7955
			0.4939	0.5187	0.6979
			0.199	0.6262	-0.7538
			0.0841	0.6156	-0.7835
			-0.4456	0.8893	0.1026
		b:
			-91.4397
			-24.6356
			380.7099
			148.8481
			129.3155
			350.397
	==================================================================================
	Q6:
		Shape: Ellipse
		q_c:	91.0	414.0	176.0
		ub :	94.0504	418.2517	180.6584
		lb :	87.9496	409.7483	171.3416
		P^-1:
			0.2395	-0.0162	-0.0359
			-0.0162	0.1291	-0.0353
			-0.0359	-0.0353	0.123


===========================================================================================
===========================================================================================
S12:
	q_c:	37.0	97.0	43.5
	ub :	53.9149	116.0494	57.4067
	lb :	16.7843	82.4231	27.9143

	==================================================================================
	Q1:
		Shape: Hybrid
		q_c:	44.5	106.5	41.5
		ub :	53.9149	116.0494	48.3552
		lb :	35.0851	96.9506	34.6448
		P^-1:
			0.0288	0.0051	-0.0012
			0.0051	0.0288	-0.002
			-0.0012	-0.002	0.0391
		A:
			0.109	0.8381	-0.5346
			-0.388	-0.2405	-0.8897
			-0.676	0.0669	0.7338
			-0.3103	-0.8248	0.4727
			-0.4825	0.4728	0.7373
			0.2874	0.3541	0.8899
		b:
			74.9234
			-77.0221
			10.5014
			-79.154
			62.7973
			90.2265
	==================================================================================
	Q2:
		Shape: Hybrid
		q_c:	36.5	90.0	34.5
		ub :	44.221	97.5769	39.4599
		lb :	28.779	82.4231	29.5401
		P^-1:
			0.0485	0.0103	-0.0197
			0.0103	0.0349	0.0011
			-0.0197	0.0011	0.1049
		A:
			-0.4723	-0.0192	-0.8812
			0.6896	0.4228	-0.588
			0.3803	-0.8971	-0.225
			-0.2874	-0.4254	0.8582
			-0.6326	-0.3665	0.6823
			0.2541	0.6025	-0.7566
		b:
			-46.7391
			45.101
			-70.4382
			-17.1475
			-30.5546
			39.9302
	==================================================================================
	Q3:
		Shape: Ellipse
		q_c:	29.0	92.5	46.5
		ub :	37.1283	101.3426	53.5033
		lb :	20.8717	83.6574	39.4967
		P^-1:
			0.0308	-0.0026	-0.0004
			-0.0026	0.03	0.0003
			-0.0004	0.0003	0.0278
	==================================================================================
	Q4:
		Shape: Ellipse
		q_c:	26.0	96.0	34.5
		ub :	31.4519	102.4234	41.0857
		lb :	20.5481	89.5766	27.9143
		P^-1:
			0.0624	-0.0006	0.0015
			-0.0006	0.0599	0.0071
			0.0015	0.0071	0.0427
	==================================================================================
	Q5:
		Shape: Ellipse
		q_c:	24.0	107.0	38.5
		ub :	31.2157	112.2906	45.0089
		lb :	16.7843	101.7094	31.9911
		P^-1:
			0.0692	-0.015	0.0389
			-0.015	0.1057	0.0139
			0.0389	0.0139	0.075
	==================================================================================
	Q6:
		Shape: Hybrid
		q_c:	41.5	99.0	49.5
		ub :	50.0747	106.545	57.4067
		lb :	32.9253	91.455	41.5933
		P^-1:
			0.0456	0.0153	-0.0256
			0.0153	0.0683	-0.0337
			-0.0256	-0.0337	0.0609
		A:
			0.5068	-0.5146	0.6917
			-0.5177	-0.7754	0.3616
			-0.9121	-0.3212	0.2548
			-0.1397	0.7521	-0.6441
			0.2362	-0.6053	0.7601
			0.004	-0.8221	0.5694
		b:
			7.9832
			-78.3316
			-54.0529
			39.1494
			-9.6155
			-51.0165


===========================================================================================
===========================================================================================
S13:
	q_c:	277.5	127.5	290.5
	ub :	290.3016	142.325	302.595
	lb :	264.1739	122.6128	277.1455

	==================================================================================
	Q1:
		Shape: Hybrid
		q_c:	284.0	136.0	287.5
		ub :	290.3016	142.325	294.9618
		lb :	277.6984	129.675	280.0382
		P^-1:
			0.0664	-0.0032	-0.0223
			-0.0032	0.0399	0.0004
			-0.0223	0.0004	0.0484
		A:
			0.695	0.0546	-0.717
			-0.0102	0.9622	-0.2721
			0.9643	0.0265	-0.2636
			0.7996	-0.5732	0.179
			0.9227	-0.3724	0.0994
			-0.5609	-0.0503	-0.8264
		b:
			0.5328
			52.9831
			203.7157
			203.498
			242.6481
			-399.9772
	==================================================================================
	Q2:
		Shape: Polyhedra
		q_c:	282.0	129.0	289.5
		ub :	287.6678	135.3872	295.13
		lb :	276.3322	122.6128	283.87
		A:
			0.7812	0.527	0.3347
			0.1801	-0.7732	0.6081
			0.3251	0.0765	-0.9426
			0.1231	0.9803	-0.1546
			0.5876	0.5695	0.5747
			0.7264	0.1595	-0.6685
			0.8476	0.4172	0.3279
			-0.02	-0.5924	0.8054
			0.5302	-0.6892	-0.4938
			-0.8476	-0.4172	-0.3279
			0.02	0.5924	-0.8054
			-0.5302	0.6892	0.4938
		b:
			388.6913
			129.9718
			-167.7547
			119.9892
			409.2911
			35.7042
			391.2652
			153.6061
			-77.3428
			-384.2652
			-148.6061
			87.3428
	==================================================================================
	Q3:
		Shape: Hybrid
		q_c:	275.0	132.5	297.5
		ub :	281.8214	138.5601	302.595
		lb :	268.1786	126.4399	292.405
		P^-1:
			0.0503	-0.0299	-0.0125
			-0.0299	0.0965	-0.0061
			-0.0125	-0.0061	0.1085
		A:
			0.1423	-0.9023	0.407
			0.3626	-0.9293	0.07
			0.6321	-0.594	-0.4976
			-0.6716	0.2909	0.6814
			0.0634	0.0919	0.9937
			0.8263	0.3874	-0.4088
		b:
			42.2728
			-1.0644
			-51.2858
			58.4793
			327.003
			160.2727
	==================================================================================
	Q4:
		Shape: Ellipse
		q_c:	274.5	136.0	282.0
		ub :	279.3368	140.393	286.8545
		lb :	269.6632	131.607	277.1455
		P^-1:
			0.0863	0.0196	0.0194
			0.0196	0.1641	0.0819
			0.0194	0.0819	0.1629
	==================================================================================
	Q5:
		Shape: Ellipse
		q_c:	279.5	133.0	292.5
		ub :	285.1211	137.2805	298.1603
		lb :	273.8789	128.7195	286.8397
		P^-1:
			0.0933	0.0202	0.0482
			0.0202	0.1994	0.0688
			0.0482	0.0688	0.1177
	==================================================================================
	Q6:
		Shape: Ellipse
		q_c:	270.5	136.5	285.0
		ub :	276.8261	141.8996	291.7867
		lb :	264.1739	131.1004	278.2133
		P^-1:
			0.0601	0.0026	-0.0092
			0.0026	0.0784	-0.0085
			-0.0092	-0.0085	0.0456


===========================================================================================
===========================================================================================
S14:
	q_c:	65.5	515.5	214.5
	ub :	92.1671	535.183	240.2877
	lb :	58.1076	493.2232	193.4624

	==================================================================================
	Q1:
		Shape: Ellipse
		q_c:	75.0	517.5	230.0
		ub :	85.1437	528.9558	240.2877
		lb :	64.8563	506.0442	219.7123
		P^-1:
