3D_50_25_6_c                l = 3

===========================================================================================
===========================================================================================
S1:
	q_c:	433.5	95.5	135.5
	ub :	465.9694	126.3753	152.5745
	lb :	403.3411	63.9511	101.2246

	==================================================================================
	Q1:
		Shape: Ellipse
		q_c:	438.0	84.0	126.0
		ub :	448.4455	92.8383	136.9375
		lb :	427.5545	75.1617	115.0625
		P^-1:
			0.0213	-0.0001	-0.0029
			-0.0001	0.0178	0.0001
			-0.0029	0.0001	0.0201
	==================================================================================
	Q2:
		Shape: Ellipse
		q_c:	453.0	106.5	139.5
		ub :	465.9694	118.1468	152.5745
		lb :	440.0306	94.8532	126.4255
		P^-1:
			0.0221	0.0012	-0.0073
			0.0012	0.0213	-0.0045
			-0.0073	-0.0045	0.0124
	==================================================================================
	Q3:
		Shape: Polyhedra
		q_c:	420.0	115.5	136.5
		ub :	424.7539	126.3753	147.4797
		lb :	415.2461	104.6247	125.5203
		A:
			-0.9401	-0.2003	0.2759
			0.5037	-0.8116	-0.2961
			0.06	-0.9882	0.1406
			-0.7825	-0.6204	0.053
			-0.8662	-0.1959	-0.4597
			0.7789	0.627	0.017
			0.9861	0.1119	0.1229
			-0.0183	-0.662	0.7492
			0.1652	-0.7411	-0.6508
			-0.9861	-0.1119	-0.1229
			0.0183	0.662	-0.7492
			-0.1652	0.7411	0.6508
		b:
			-375.8179
			84.1226
			-62.1483
			-387.9015
			-444.9776
			406.9238
			447.356
			26.1246
			-98.0514
			-440.356
			-10.1246
			112.0514
	==================================================================================
	Q4:
		Shape: Ellipse
		q_c:	443.5	88.0	135.0
		ub :	454.8616	99.4768	144.2237
		lb :	432.1384	76.5232	125.7763
		P^-1:
			0.0134	-0.0033	-0.0001
			-0.0033	0.0226	-0.0
			-0.0001	-0.0	0.0237
	==================================================================================
	Q5:
		Shape: Hybrid
		q_c:	439.0	81.0	119.0
		ub :	451.5385	98.0489	136.7754
		lb :	426.4615	63.9511	101.2246
		P^-1:
			0.0133	0.0002	0.0015
			0.0002	0.0074	0.0014
			0.0015	0.0014	0.0086
		A:
			0.6996	0.0901	-0.7088
			0.8437	0.5311	-0.0783
			0.2455	0.6903	0.6806
			-0.549	-0.0218	0.8355
			0.6228	-0.3789	0.6846
			-0.8773	-0.0848	0.4723
		b:
			236.6192
			409.7614
			250.5293
			-136.5804
			330.2552
			-330.0285
	==================================================================================
	Q6:
		Shape: Hybrid
		q_c:	413.5	90.0	130.5
		ub :	423.6589	100.0569	141.435
		lb :	403.3411	79.9431	119.565
		P^-1:
			0.0158	0.0015	0.001
			0.0015	0.0256	0.0047
			0.001	0.0047	0.0158
		A:
			0.533	0.3762	-0.7579
			0.4668	0.7292	0.5004
			-0.9197	0.162	-0.3576
			-0.8895	-0.2475	0.3841
			-0.4046	0.877	-0.259
			-0.5648	-0.0843	-0.8209
		b:
			160.7448
			327.2904
			-407.3803
			-334.8644
			-117.8139
			-343.4447


===========================================================================================
===========================================================================================
S2:
	q_c:	356.0	360.5	126.5
	ub :	361.1437	365.8291	132.3334
	lb :	352.6197	357.226	123.1328

	==================================================================================
	Q1:
		Shape: Polyhedra
		q_c:	357.5	362.5	126.0
		ub :	360.5934	365.8291	128.8672
		lb :	354.4066	359.1709	123.1328
		A:
			0.675	0.5057	0.5373
			-0.5784	0.2084	-0.7887
			0.17	0.6562	0.7352
			-0.4548	-0.0274	0.8902
			0.2623	0.2126	-0.9413
			0.5742	0.7898	0.2155
			0.2262	0.4393	0.8694
			-0.8942	-0.2603	0.3642
			0.3863	-0.8598	0.3339
			-0.2262	-0.4393	-0.8694
			0.8942	0.2603	-0.3642
			-0.3863	0.8598	-0.3339
		b:
			493.9831
			-228.5743
			392.8597
			-58.5539
			54.1405
			520.6382
			351.1414
			-366.1634
			-129.011
			-348.1414
			370.1634
			134.011
	==================================================================================
	Q2:
		Shape: Hybrid
		q_c:	358.5	362.5	126.5
		ub :	361.1437	365.0414	128.4035
		lb :	355.8563	359.9586	124.5965
		P^-1:
			0.4568	0.0739	-0.2351
			0.0739	0.3421	0.0736
			-0.2351	0.0736	0.8956
		A:
			-0.1893	-0.4914	0.8501
			0.5305	-0.2609	-0.8066
			0.5689	-0.2964	-0.7672
			-0.5909	-0.4982	0.6345
			0.0496	0.9153	0.3998
			-0.7189	-0.5265	0.4539
		b:
			-137.5931
			-5.8073
			0.1059
			-311.4309
			401.2187
			-390.3578
	==================================================================================
	Q3:
		Shape: Ellipse
		q_c:	354.5	361.5	130.0
		ub :	356.3803	363.7396	132.3334
		lb :	352.6197	359.2604	127.6666
		P^-1:
			0.7343	-0.1856	0.2063
			-0.1856	0.5633	-0.1321
			0.2063	-0.1321	0.5913
	==================================================================================
	Q4:
		Shape: Ellipse
		q_c:	359.0	358.5	126.5
		ub :	360.9857	359.774	128.8246
		lb :	357.0143	357.226	124.1754
		P^-1:
			0.7797	0.0551	0.3371
			0.0551	0.9862	-0.0843
			0.3371	-0.0843	0.4841
	==================================================================================
	Q5:
		Shape: Polyhedra
		q_c:	355.5	361.0	128.0
		ub :	357.1276	362.2565	128.7589
		lb :	353.8724	359.7435	127.2411
		A:
			-0.8605	-0.4987	0.1044
			-0.787	-0.2064	0.5814
			-0.6386	-0.6442	0.4209
			-0.2718	-0.5176	-0.8113
			-0.3858	-0.743	0.5469
			0.2188	0.9022	0.3718
			0.4649	0.8507	0.2454
			0.8601	-0.4997	0.1028
			0.2101	0.1632	-0.964
			-0.4649	-0.8507	-0.2454
			-0.8601	0.4997	-0.1028
			-0.2101	-0.1632	0.964
		b:
			-471.7268
			-278.9705
			-405.1505
			-386.809
			-334.8686
			451.632
			504.272
			140.045
			10.7143
			-503.272
			-137.045
			-9.7143
	==================================================================================
	Q6:
		Shape: Polyhedra
		q_c:	356.5	360.0	129.5
		ub :	359.4057	362.4733	132.1938
		lb :	353.5943	357.5267	126.8062
		A:
			-0.3953	-0.9184	-0.0142
			-0.9427	0.3124	-0.1169
			0.2876	-0.9546	0.0782
			0.306	-0.4022	-0.8629
			0.4301	0.8141	-0.3902
			-0.8117	0.0769	-0.579
			0.4722	0.4534	0.7559
			-0.474	0.8537	-0.2159
			-0.7432	-0.2564	0.618
			-0.4722	-0.4534	-0.7559
			0.474	-0.8537	0.2159
			0.7432	0.2564	-0.618
		b:
			-471.7502
			-237.0753
			-229.4884
			-145.6959
			397.684
			-335.1318
			430.9647
			111.8768
			-275.1995
			-427.9647
			-108.8768
			279.1995


===========================================================================================
===========================================================================================
S3:
	q_c:	51.0	224.5	365.0
	ub :	70.2259	245.5809	388.9294
	lb :	30.1783	199.4325	339.5637

	==================================================================================
	Q1:
		Shape: Ellipse
		q_c:	47.5	209.0	368.5
		ub :	57.8029	218.5675	376.7605
		lb :	37.1971	199.4325	360.2395
		P^-1:
			0.0291	0.0021	0.0117
			0.0021	0.0321	-0.009
			0.0117	-0.009	0.0391
	==================================================================================
	Q2:
		Shape: Ellipse
		q_c:	52.5	232.0	354.0
		ub :	63.8733	243.4584	364.9428
		lb :	41.1267	220.5416	343.0572
		P^-1:
			0.0213	0.0021	-0.0014
			0.0021	0.0218	0.0019
			-0.0014	0.0019	0.0148
	==================================================================================
	Q3:
		Shape: Hybrid
		q_c:	61.5	229.0	356.5
		ub :	70.2259	240.6636	368.7416
		lb :	52.7741	217.3364	344.2584
		P^-1:
			0.0138	0.0001	0.0
			0.0001	0.0155	0.0032
			0.0	0.0032	0.0133
		A:
			0.3896	0.5999	-0.6989
			0.0544	-0.9045	0.4231
			-0.0628	-0.9079	-0.4144
			-0.8759	0.4079	-0.2579
			0.6316	-0.7526	-0.1862
			-0.7416	0.1736	-0.648
		b:
			-82.2408
			-47.6426
			-355.6908
			-47.4577
			-195.5334
			-231.7478
	==================================================================================
	Q4:
		Shape: Ellipse
		q_c:	49.0	234.5	348.5
		ub :	59.3954	245.5809	357.4363
		lb :	38.6046	223.4191	339.5637
		P^-1:
			0.0358	-0.0163	-0.007
			-0.0163	0.0237	0.0048
			-0.007	0.0048	0.0179
	==================================================================================
	Q5:
		Shape: Hybrid
		q_c:	41.5	214.5	378.0
		ub :	52.8217	225.26	388.9294
		lb :	30.1783	203.74	367.0706
		P^-1:
			0.0243	0.0032	-0.0032
			0.0032	0.018	0.0019
			-0.0032	0.0019	0.0248
		A:
			0.6166	0.0459	-0.786
			-0.5145	-0.8575	-0.0034
			-0.2366	0.8876	-0.3951
			0.6342	-0.6636	-0.3968
			-0.0834	0.8321	-0.5483
			0.3936	0.0824	0.9156
		b:
			-258.6462
			-202.7395
			36.1546
			-261.9156
			-27.5246
			383.7947
	==================================================================================
	Q6:
		Shape: Hybrid
		q_c:	41.0	219.0	370.5
		ub :	45.4182	223.1221	374.8094
		lb :	36.5818	214.8779	366.1906
		P^-1:
			1.5594	-1.6223	-1.036
			-1.6223	1.8266	1.0455
			-1.036	1.0455	0.8141
		A:
			0.6764	-0.6026	-0.4236
			-0.6692	0.6981	0.2544
			-0.6428	0.6473	0.4098
			0.4846	-0.5346	-0.6924
			0.7582	-0.5271	-0.3837
			-0.1803	0.9735	-0.1405
		b:
			-260.7853
			220.2279
			267.4895
			-352.8066
			-225.72
			155.6317


===========================================================================================
===========================================================================================
S4:
	q_c:	365.0	275.0	36.0
	ub :	374.9415	281.4121	43.2491
	lb :	362.6397	267.3974	28.6481

	==================================================================================
	Q1:
		Shape: Hybrid
		q_c:	368.5	271.5	40.0
		ub :	370.8579	274.2778	43.2491
		lb :	366.1421	268.7222	36.7509
		P^-1:
			2.2152	1.7847	0.391
			1.7847	1.9399	0.5929
			0.391	0.5929	0.4005
		A:
			0.5047	0.862	0.0471
			0.7433	-0.3463	-0.5724
			0.715	0.615	0.3324
			-0.7547	-0.656	-0.0063
			0.4978	0.571	0.6528
			-0.839	-0.4856	-0.2454
		b:
			422.649
			158.2141
			444.1623
			-456.0962
			365.5273
			-450.2986
	==================================================================================
	Q2:
		Shape: Polyhedra
		q_c:	366.0	270.0	38.5
		ub :	368.4127	272.6026	40.6656
		lb :	363.5873	267.3974	36.3344
		A:
			0.2186	0.6291	-0.746
			-0.3628	-0.4482	0.817
			0.2431	0.1267	0.9617
			0.723	0.2561	0.6416
			-0.4073	0.5216	-0.7497
			-0.6669	-0.3968	0.6307
			0.163	0.5062	0.8468
			-0.4772	0.7917	-0.3814
			-0.8635	-0.3419	0.3706
			-0.163	-0.5062	-0.8468
			0.4772	-0.7917	0.3814
			0.8635	0.3419	-0.3706
		b:
			222.8628
			-220.7934
			161.4144
			359.7735
			-35.2798
			-325.4401
			229.9554
			26.4267
			-392.6078
			-227.9554
			-22.4267
			395.6078
	==================================================================================
	Q3:
		Shape: Ellipse
		q_c:	371.0	276.5	35.5
		ub :	374.9415	281.4121	40.5872
		lb :	367.0585	271.5879	30.4128
		P^-1:
			0.182	0.0314	0.0764
			0.0314	0.0914	0.0239
			0.0764	0.0239	0.1398
	==================================================================================
	Q4:
		Shape: Ellipse
		q_c:	370.0	271.0	39.0
		ub :	372.7278	274.0454	42.2212
		lb :	367.2722	267.9546	35.7788
		P^-1:
			0.25	0.0	0.0
			0.0	0.25	-0.0
			0.0	-0.0	0.25
	==================================================================================
	Q5:
		Shape: Hybrid
		q_c:	365.5	271.5	31.0
		ub :	367.9777	274.326	33.3519
		lb :	363.0223	268.674	28.6481
		P^-1:
			0.4187	0.059	-0.0294
			0.059	0.3093	0.0673
			-0.0294	0.0673	0.4109
		A:
			-0.5649	-0.5028	-0.6542
			0.5555	0.8124	0.1773
			-0.9512	-0.0343	0.3066
			0.6064	0.3631	-0.7074
			-0.7698	0.4967	0.4008
			-0.597	-0.6202	0.5089
		b:
			-362.5359
			429.9446
			-346.7109
			299.1069
			-133.1922
			-369.9078
	==================================================================================
	Q6:
		Shape: Ellipse
		q_c:	365.5	273.5	38.0
		ub :	368.3603	275.9868	40.0847
		lb :	362.6397	271.0132	35.9153
		P^-1:
			0.2584	-0.2188	-0.15
			-0.2188	0.683	0.234
			-0.15	0.234	0.6631


===========================================================================================
===========================================================================================
S5:
	q_c:	289.0	223.0	465.5
	ub :	299.371	232.2412	479.0478
	lb :	276.245	206.0815	454.5459

	==================================================================================
	Q1:
		Shape: Hybrid
		q_c:	285.5	212.0	474.0
		ub :	290.7398	217.9185	479.0478
		lb :	280.2602	206.0815	468.9522
		P^-1:
			0.1332	-0.0365	0.0341
			-0.0365	0.1101	0.0465
			0.0341	0.0465	0.1166
		A:
			-0.1722	-0.8946	-0.4125
			0.1345	0.7857	-0.6039
			-0.5262	-0.3666	-0.7673
			-0.9827	0.1843	-0.0178
			-0.9737	0.1597	0.1626
			-0.5781	0.2868	-0.7639
		b:
			-432.4833
			-77.7641
			-590.3889
			-248.3032
			-165.122
			-464.6258
	==================================================================================
	Q2:
		Shape: Polyhedra
		q_c:	283.5	215.5	470.5
		ub :	286.6343	219.8176	474.4777
		lb :	280.3657	211.1824	466.5223
		A:
			0.8052	-0.0177	0.5927
			-0.9514	0.1623	-0.2616
			-0.4465	0.1625	0.8799
			-0.4663	0.6515	-0.5983
			-0.0659	0.8718	-0.4854
			0.1007	0.8386	-0.5353
			0.0046	0.8843	0.4669
			-0.0488	0.4665	-0.8832
			-0.9988	-0.0187	0.0453
			-0.0046	-0.8843	-0.4669
			0.0488	-0.4665	0.8832
			0.9988	0.0187	-0.0453
		b:
			506.2236
			-354.8999
			325.3683
			-270.6258
			-56.3742
			-39.8284
			415.0324
			-326.3154
			-262.9027
			-408.0324
			331.3154
			268.9027
	==================================================================================
	Q3:
		Shape: Ellipse
		q_c:	286.0	225.0	460.5
		ub :	293.752	232.2412	465.4173
		lb :	278.248	217.7588	455.5827
		P^-1:
			0.0478	0.0184	0.018
			0.0184	0.0484	0.0015
			0.018	0.0015	0.1052
	==================================================================================
	Q4:
		Shape: Ellipse
		q_c:	290.5	217.5	473.5
		ub :	295.3434	222.095	478.0207
		lb :	285.6566	212.905	468.9793
		P^-1:
			0.0744	0.0095	0.0303
			0.0095	0.0858	0.0164
			0.0303	0.0164	0.144
	==================================================================================
	Q5:
		Shape: Polyhedra
		q_c:	294.5	218.5	460.5
		ub :	299.371	223.9996	466.4541
		lb :	289.629	213.0004	454.5459
		A:
			0.8638	-0.172	-0.4735
			0.9126	-0.1454	0.3821
			0.4339	-0.6476	-0.6263
			0.7725	-0.4831	-0.4122
			0.8516	-0.1366	0.506
			-0.7782	0.6008	-0.1827
			0.2467	0.6356	0.7315
			-0.5334	0.7193	-0.4451
			-0.8091	-0.2803	0.5165
			-0.2467	-0.6356	-0.7315
			0.5334	-0.7193	0.4451
			0.8091	0.2803	-0.5165
		b:
			1.8064
			415.98
			-298.2487
			-64.678
			457.1462
			-179.4611
			552.9077
			-202.3808
			-58.6896
			-543.9077
			207.3808
			64.6896
	==================================================================================
	Q6:
		Shape: Polyhedra
		q_c:	282.5	218.5	469.0
		ub :	288.755	225.139	474.0317
		lb :	276.245	211.861	463.9683
		A:
			0.6209	-0.5875	0.5189
			0.5928	0.3465	0.727
			0.8638	-0.4947	-0.0956
			0.321	-0.6528	0.6861
			-0.3151	-0.3316	0.8893
			0.8922	-0.4416	-0.0944
			0.2717	0.9623	0.0154
			0.7034	-0.1876	-0.6855
			-0.6568	0.1971	-0.7279
			-0.2717	-0.9623	-0.0154
			-0.7034	0.1876	0.6855
			0.6568	-0.1971	0.7279
		b:
			294.2752
			588.2425
			94.7454
			274.0158
			259.4816
			114.869
			299.7297
			-160.2884
			-480.351
			-288.7297
			167.2884
			487.351


===========================================================================================
===========================================================================================
S6:
	q_c:	223.5	252.0	163.0
	ub :	231.217	261.5385	171.0464
	lb :	216.9108	243.0952	156.3565

	==================================================================================
	Q1:
		Shape: Polyhedra
		q_c:	222.0	258.5	167.5
		ub :	225.6643	261.5385	171.0464
		lb :	218.3357	255.4615	163.9536
		A:
			0.398	-0.8724	-0.2838
			-0.4447	-0.8931	0.0686
			0.5042	-0.6308	0.5898
			-0.86	0.5033	-0.0846
			-0.5337	-0.187	-0.8248
			0.6175	0.7269	0.3005
			0.2755	0.8631	0.4232
			0.4521	0.2722	-0.8494
			-0.8484	0.4253	-0.3152
			-0.2755	-0.8631	-0.4232
			-0.4521	-0.2722	0.8494
			0.8484	-0.4253	0.3152
		b:
			-182.7066
			-316.2819
			50.1288
			-72.5088
			-302.8358
			377.0065
			356.6656
			30.9321
			-128.6928
			-353.6656
			-25.9321
			133.6928
	==================================================================================
	Q2:
		Shape: Hybrid
		q_c:	221.5	257.5	161.5
		ub :	224.8615	259.6295	165.154
		lb :	218.1385	255.3705	157.846
		P^-1:
			0.3491	-0.0028	-0.1506
			-0.0028	0.4444	-0.0044
			-0.1506	-0.0044	0.2066
		A:
			-0.4014	-0.1402	-0.9051
			0.3926	-0.8764	0.2788
			0.3972	-0.8036	0.4432
			0.5061	0.6143	-0.6054
			-0.6639	-0.0973	0.7415
			0.8548	-0.4482	0.2615
		b:
			-268.9886
			-92.5727
			-46.0087
			173.3931
			-51.4638
			117.7079
	==================================================================================
	Q3:
		Shape: Hybrid
		q_c:	223.0	248.5	161.0
		ub :	227.4144	252.6594	165.6435
		lb :	218.5856	244.3406	156.3565
		P^-1:
			0.1452	0.0188	0.0202
			0.0188	0.119	0.0019
			0.0202	0.0019	0.0886
		A:
			-0.0744	0.6371	-0.7672
			0.1385	0.9495	-0.2816
			-0.6838	0.4881	-0.5423
			-0.3002	0.7901	0.5345
			-0.8572	0.0812	-0.5086
			-0.6267	0.569	0.5324
		b:
			20.1655
			223.1631
			-116.872
			217.4263
			-251.4213
			89.4026
	==================================================================================
	Q4:
		Shape: Hybrid
		q_c:	221.0	250.0	164.0
		ub :	224.9421	253.7028	167.1314
		lb :	217.0579	246.2972	160.8686
		P^-1:
			0.1866	-0.0987	0.1655
			-0.0987	0.4431	-0.4007
			0.1655	-0.4007	0.6414
		A:
			-0.4605	0.363	-0.81
			0.1587	-0.506	0.8478
			-0.843	-0.4705	-0.2609
			-0.2604	0.6544	-0.7099
			0.4533	-0.8903	0.0435
			-0.6498	0.454	-0.6097
		b:
			-143.1336
			48.1672
			-344.71
			-9.8361
			-113.4527
			-129.0774
	==================================================================================
	Q5:
		Shape: Polyhedra
		q_c:	227.0	248.0	165.5
		ub :	231.217	251.6703	169.7519
		lb :	222.783	244.3297	161.2481
		A:
			-0.2102	0.7903	0.5755
			-0.1257	-0.9556	-0.2664
			-0.051	-0.103	0.9934
			-0.1951	0.5141	0.8352
			-0.5392	-0.7199	0.437
			-0.7644	0.2284	-0.6029
			0.3071	0.9455	0.1083
			0.7862	-0.1879	-0.5887
			-0.5362	0.2659	-0.8011
			-0.3071	-0.9455	-0.1083
			-0.7862	0.1879	0.5887
			0.5362	-0.2659	0.8011
		b:
			245.8421
			-307.153
			130.3245
			223.9089
			-226.1638
			-213.2529
			324.6171
			36.4476
			-184.854
			-319.6171
			-32.4476
			191.854
	==================================================================================
	Q6:
		Shape: Hybrid
		q_c:	223.0	249.0	163.0
		ub :	229.0892	254.9048	168.098
		lb :	216.9108	243.0952	157.902
		P^-1:
			0.0802	0.0185	-0.0074
			0.0185	0.0827	-0.0127
			-0.0074	-0.0127	0.0923
		A:
			-0.0849	-0.399	0.913
			-0.3518	-0.2003	0.9144
			0.6923	0.7176	-0.0759
			0.7003	0.6864	0.196
			0.2934	0.8958	0.3338
			-0.1432	0.9014	-0.4086
		b:
			32.1852
			22.361
			322.3488
			360.8323
			344.916
			127.949


===========================================================================================
===========================================================================================
S7:
	q_c:	165.0	45.0	516.5
	ub :	180.096	59.0681	530.2281
	lb :	148.3558	27.5084	497.2284

	==================================================================================
	Q1:
		Shape: Polyhedra
		q_c:	158.0	35.5	510.5
		ub :	165.6025	43.4916	519.0478
		lb :	150.3975	27.5084	501.9522
		A:
			-0.5558	-0.7495	0.3597
			0.6219	0.6226	0.475
			-0.0295	0.6377	0.7697
			0.3607	0.848	0.3883
			-0.6102	0.6238	0.4884
			0.1271	0.5943	0.7941
			0.4666	0.809	0.3574
			0.8702	-0.3475	-0.3493
			-0.1584	0.474	-0.8662
			-0.4666	-0.809	-0.3574
			-0.8702	0.3475	0.3493
			0.1584	-0.474	0.8662
		b:
			74.1679
			367.0141
			415.6396
			289.3528
			180.3551
			451.2296
			288.9137
			-47.6585
			-444.3697
			-280.9137
			58.6585
			456.3697
	==================================================================================
	Q2:
		Shape: Polyhedra
		q_c:	171.0	53.0	518.0
		ub :	178.8554	59.0681	525.2273
		lb :	163.1446	46.9319	510.7727
		A:
			-0.6632	0.7439	-0.0818
			-0.5172	0.3675	-0.7729
			-0.2404	0.8963	0.3726
			-0.3721	-0.8363	-0.4026
			0.9039	-0.0321	0.4265
			0.6142	0.4489	0.649
			0.7327	0.2002	0.6504
			-0.6326	-0.1519	0.7595
			0.2509	-0.9679	0.0153
			-0.7327	-0.2002	-0.6504
			0.6326	0.1519	-0.7595
			-0.2509	0.9679	-0.0153
		b:
			-111.8436
			-464.9666
			204.0387
			-312.2586
			377.989
			469.0458
			476.806
			283.1792
			4.0516
			-468.806
			-271.1792
			4.9484
	==================================================================================
	Q3:
		Shape: Polyhedra
		q_c:	155.0	38.0	521.0
		ub :	161.6442	46.4745	528.6527
		lb :	148.3558	29.5255	513.3473
		A:
			0.2599	0.8733	0.4121
			-0.6028	-0.7124	0.3592
			-0.8145	0.5289	0.2383
			0.0028	-0.8829	-0.4696
			-0.8936	-0.4486	0.0112
			-0.8991	-0.3116	-0.3075
			0.9029	0.4259	0.0584
			0.2633	-0.6554	0.7079
			0.3398	-0.6238	-0.7039
			-0.9029	-0.4259	-0.0584
			-0.2633	0.6554	-0.7079
			-0.3398	0.6238	0.7039
		b:
			292.0796
			71.7903
			22.3537
			-273.8865
			-145.6956
			-307.1558
			190.5768
			391.7286
			-334.2618
			-182.5768
			-377.7286
			341.2618
	==================================================================================
	Q4:
		Shape: Hybrid
		q_c:	175.0	43.5	524.0
		ub :	180.096	49.0086	530.2281
		lb :	169.904	37.9914	517.7719
		P^-1:
			0.0773	-0.0117	-0.0073
			-0.0117	0.1155	-0.056
			-0.0073	-0.056	0.0888
		A:
			-0.3105	-0.9497	-0.0409
			0.5461	-0.4333	-0.7169
			0.9226	-0.1403	-0.3593
			0.4124	0.8285	-0.3788
			0.9514	-0.0069	0.3078
			0.9568	-0.2487	-0.1506
		b:
			-114.4116
			-296.0961
			-30.6864
			-88.4657
			330.1659
			79.9204
	==================================================================================
	Q5:
		Shape: Polyhedra
		q_c:	166.5	39.0	504.5
		ub :	174.437	46.6341	511.7716
		lb :	158.563	31.3659	497.2284
		A:
			0.8549	0.3038	-0.4205
			0.481	-0.8221	0.3046
			-0.8623	0.4471	0.2378
			0.7954	0.3096	-0.521
			-0.4232	0.7587	0.4953
			-0.9901	-0.1271	0.0592
			0.8645	0.4846	0.1335
			0.4999	-0.8568	-0.1265
			0.0531	0.1761	-0.9829
			-0.8645	-0.4846	-0.1335
			-0.4999	0.8568	0.1265
			-0.0531	-0.1761	0.9829
		b:
			-51.7057
			206.1403
			-1.353
			-112.1015
			213.3528
			-133.7908
			236.6922
			-10.0182
			-474.1859
			-223.6922
			18.0182
			486.1859
	==================================================================================
	Q6:
		Shape: Polyhedra
		q_c:	170.0	42.5	518.5
		ub :	174.3225	48.7974	525.5308
		lb :	165.6775	36.2026	511.4692
		A:
			-0.3235	0.9388	-0.1184
			-0.2826	-0.2146	0.9349
			0.453	-0.8865	-0.0944
			0.4668	0.5613	-0.6834
			-0.4157	0.194	0.8886
			0.5552	0.821	-0.133
			0.0766	0.396	0.9151
			0.2847	0.8709	-0.4007
			-0.9556	0.2912	-0.046
			-0.0766	-0.396	-0.9151
			-0.2847	-0.8709	0.4007
			0.9556	-0.2912	0.046
		b:
			-72.9725
			432.6509
			-5.7979
			-247.2216
			403.6882
			63.9885
			510.3078
			-118.8521
			-170.9314
			-498.3078
			125.8521
			176.9314


===========================================================================================
===========================================================================================
S8:
	q_c:	103.0	14.0	101.5
	ub :	125.37	30.29	109.7531
	lb :	92.215	-5.3739	87.0656

	==================================================================================
	Q1:
		Shape: Polyhedra
		q_c:	96.5	17.5	93.5
		ub :	100.785	20.8854	97.8393
		lb :	92.215	14.1146	89.1607
		A:
			-0.0049	-0.9201	0.3916
			0.1746	-0.4455	0.8781
			-0.0205	-0.6261	0.7795
			-0.8356	-0.5436	0.0788
			0.6299	0.4252	-0.6499
			-0.3592	0.9267	-0.1103
			0.8833	0.1838	0.4313
			-0.4687	0.3675	0.8033
			-0.0109	-0.9117	0.4107
			-0.8833	-0.1838	-0.4313
			0.4687	-0.3675	-0.8033
			0.0109	0.9117	-0.4107
		b:
			22.0432
			93.6371
			62.115
			-79.6994
			9.9199
			-26.5923
			132.282
			38.8026
			23.4022
			-125.282
			-33.8026
			-19.4022
	==================================================================================
	Q2:
		Shape: Hybrid
		q_c:	109.0	24.5	100.0
		ub :	116.5557	30.29	104.3811
		lb :	101.4443	18.71	95.6189
		P^-1:
			0.1364	0.1878	-0.0327
			0.1878	0.3151	-0.0539
			-0.0327	-0.0539	0.0732
		A:
			0.6199	-0.6765	-0.3976
			-0.4711	-0.8793	0.0697
			-0.6735	-0.5322	-0.513
			0.5341	0.6277	0.5664
			0.8746	0.4614	-0.1486
			0.478	0.8783	0.0083
		b:
			17.4031
			-65.0438
			-135.0438
			132.5596
			94.9598
			75.4097
	==================================================================================
	Q3:
		Shape: Hybrid
		q_c:	114.0	14.5	97.5
		ub :	121.2359	20.472	106.3805
		lb :	106.7641	8.528	88.6195
		P^-1:
			0.0624	-0.0095	0.0127
			-0.0095	0.0769	0.0066
			0.0127	0.0066	0.0205
		A:
			0.7025	-0.0718	0.7081
			-0.7457	-0.6309	0.2143
			-0.7285	-0.6785	-0.0951
			-0.5283	0.7808	0.3335
			-0.6728	0.4989	-0.5464
			0.2719	0.9623	0.0034
		b:
			151.4805
			-69.7044
			-99.6623
			-13.8178
			-119.8421
			47.5446
	==================================================================================
	Q4:
		Shape: Hybrid
		q_c:	115.0	1.5	94.5
		ub :	121.3909	8.3739	101.9344
		lb :	108.6091	-5.3739	87.0656
		P^-1:
			0.1093	-0.0538	-0.0249
			-0.0538	0.0818	0.0193
			-0.0249	0.0193	0.0489
		A:
			0.5166	-0.3961	-0.7591
			0.8771	0.4134	-0.2447
			0.6228	-0.7582	0.1928
			0.9642	0.2147	-0.1554
			0.5328	-0.5783	-0.6178
			-0.9073	0.3919	-0.1525
		b:
			-10.7143
			81.6433
			90.7508
			99.4146
			3.8205
			-116.1666
	==================================================================================
	Q5:
		Shape: Polyhedra
		q_c:	97.5	9.5	93.0
		ub :	100.2749	14.0973	95.8072
		lb :	94.7251	4.9027	90.1928
		A:
			0.1689	-0.6911	-0.7027
			0.2559	0.0796	0.9634
			-0.8441	0.2828	-0.4555
			-0.7384	0.5976	-0.3125
			0.64	-0.4141	0.6472
			-0.7757	-0.4946	-0.392
			0.0159	0.9996	0.0233
			0.0852	0.0219	-0.9961
			-0.9962	0.0178	-0.0848
			-0.0159	-0.9996	-0.0233
			-0.0852	-0.0219	0.9961
			0.9962	-0.0178	0.0848
		b:
			-51.8237
			117.8334
			-119.296
			-92.0741
			121.5538
			-113.6233
			17.7089
			-81.6243
			-102.3529
			-8.7089
			86.6243
			107.3529
	==================================================================================
	Q6:
		Shape: Hybrid
		q_c:	114.0	21.0	100.0
		ub :	125.37	30.0759	109.7531
		lb :	102.63	11.9241	90.2469
		P^-1:
			0.0265	0.0388	0.032
			0.0388	0.1513	0.1094
			0.032	0.1094	0.1016
		A:
			0.0393	0.8847	0.4645
			0.6017	0.6336	0.4863
			-0.2967	-0.1011	-0.9496
			-0.4433	0.1354	-0.8861
			0.492	0.7697	0.4069
			-0.9615	-0.2741	0.0194
		b:
			71.3541
			133.3488
			-125.9921
			-130.304
			115.3114
			-106.8714


===========================================================================================
===========================================================================================
S9:
	q_c:	251.0	171.0	339.5
	ub :	271.6085	185.9454	362.8683
	lb :	236.629	156.8075	321.9974

	==================================================================================
	Q1:
		Shape: Hybrid
		q_c:	262.5	163.0	344.5
		ub :	270.6042	169.1925	353.1955
		lb :	254.3958	156.8075	335.8045
		P^-1:
			0.0293	0.0014	0.0021
			0.0014	0.0597	-0.0088
			0.0021	-0.0088	0.0342
		A:
			-0.2126	-0.9608	0.1781
			0.4532	-0.491	-0.744
			-0.812	-0.1995	-0.5484
			0.0198	-0.5997	0.8
			0.5219	0.7567	-0.3937
			0.1158	0.5954	-0.7951
		b:
			-148.9483
			-213.5924
			-431.0516
			185.6576
			127.3387
			-143.76
	==================================================================================
	Q2:
		Shape: Hybrid
		q_c:	264.0	169.5	353.0
		ub :	270.9231	178.6004	362.8683
		lb :	257.0769	160.3996	343.1317
		P^-1:
			0.0727	-0.0179	0.0119
			-0.0179	0.0326	-0.0002
			0.0119	-0.0002	0.0219
		A:
			0.1973	-0.4918	-0.8481
			-0.4423	0.895	0.0574
			-0.8185	0.4267	0.3847
			-0.5271	-0.3815	-0.7594
			0.1487	0.4202	-0.8952
			-0.2969	0.9352	-0.193
		b:
			-325.8317
			58.4411
			-4.8427
			-467.8875
			-199.8561
			15.7587
	==================================================================================
	Q3:
		Shape: Hybrid
		q_c:	265.0	176.5	332.0
		ub :	271.6085	184.0955	339.7747
		lb :	258.3915	168.9045	324.2253
		P^-1:
			0.1774	-0.165	-0.1212
			-0.165	0.1989	0.1212
			-0.1212	0.1212	0.1216
		A:
			-0.7755	0.4391	0.4537
			0.4608	-0.6409	-0.6139
			0.3293	-0.5954	-0.7328
			0.1373	-0.1959	-0.971
			-0.3355	0.9128	-0.233
			-0.0701	-0.587	0.8065
		b:
			24.1202
			-193.5956
			-259.0446
			-316.7936
			-1.7118
			150.3355
	==================================================================================
	Q4:
		Shape: Polyhedra
		q_c:	259.5	179.0	334.5
		ub :	266.2861	185.9454	342.6595
		lb :	252.7139	172.0546	326.3405
		A:
			-0.5295	0.6582	0.5352
			-0.3827	0.4811	0.7888
			-0.7474	-0.2962	-0.5947
			-0.1024	-0.6323	0.7679
			-0.2387	-0.9695	-0.055
			0.2935	0.7435	0.6009
			0.9398	0.3251	0.1053
			-0.0369	-0.2099	0.977
			0.3397	-0.9221	-0.1852
			-0.9398	-0.3251	-0.1053
			0.0369	0.2099	-0.977
			-0.3397	0.9221	0.1852
		b:
			164.1251
			256.2739
			-440.0176
			123.6554
			-249.2879
			415.4052
			342.7992
			286.6732
			-134.8656
			-331.7992
			-272.6732
			142.8656
	==================================================================================
	Q5:
		Shape: Ellipse
		q_c:	255.0	174.0	331.0
		ub :	263.4122	183.5085	340.0026
		lb :	246.5878	164.4915	321.9974
		P^-1:
			0.0507	-0.0161	-0.001
			-0.0161	0.0333	0.0124
			-0.001	0.0124	0.0363
	==================================================================================
	Q6:
		Shape: Polyhedra
		q_c:	243.0	171.0	344.0
		ub :	249.371	176.962	350.5121
		lb :	236.629	165.038	337.4879
		A:
			-0.0603	-0.8289	-0.5562
			0.104	-0.9513	0.2903
			0.5004	0.0424	-0.8647
			-0.879	-0.0504	-0.4741
			0.233	0.9693	0.0781
			0.3017	0.9465	-0.1145
			0.6884	0.3141	0.6538
			-0.5326	0.8308	0.1617
			-0.4923	-0.4595	0.7392
			-0.6884	-0.3141	-0.6538
			0.5326	-0.8308	-0.1617
			0.4923	0.4595	-0.7392
		b:
			-344.7209
			-33.4618
			-163.4692
			-382.2606
			253.0304
			200.0794
			448.8966
			71.2508
			61.5721
			-442.8966
			-65.2508
			-50.5721


===========================================================================================
===========================================================================================
S10:
	q_c:	445.5	281.0	229.0
	ub :	468.2777	299.1495	248.4934
	lb :	427.5346	259.9778	212.3817

	==================================================================================
	Q1:
		Shape: Polyhedra
		q_c:	449.5	275.0	239.5
		ub :	454.5657	279.8355	244.819
		lb :	444.4343	270.1645	234.181
		A:
			-0.3592	0.3159	0.8782
			-0.6517	-0.1364	-0.7461
			-0.7955	0.382	-0.4704
			-0.8121	-0.5829	-0.0285
			-0.4795	-0.1794	0.859
			-0.7509	-0.0009	-0.6604
			0.1718	0.576	0.7992
			0.9652	0.0638	-0.2535
			-0.197	0.8149	-0.545
			-0.1718	-0.576	-0.7992
			-0.9652	-0.0638	0.2535
			0.197	-0.8149	0.545
		b:
			139.0583
			-505.8277
			-361.5064
			-528.401
			-55.4796
			-492.4828
			430.0275
			394.7143
			8.5336
			-424.0275
			-386.7143
			-1.5336
	==================================================================================
	Q2:
		Shape: Ellipse
		q_c:	437.0	280.0	223.5
		ub :	441.6928	288.6944	232.0022
		lb :	432.3072	271.3056	214.9978
		P^-1:
			0.2256	-0.0692	0.0051
			-0.0692	0.0521	-0.0067
			0.0051	-0.0067	0.029
	==================================================================================
	Q3:
		Shape: Polyhedra
		q_c:	437.5	288.5	230.0
		ub :	447.4654	299.1495	237.748
		lb :	427.5346	277.8505	222.252
		A:
			-0.2132	-0.726	0.6538
			-0.0813	-0.6476	-0.7577
			-0.2379	-0.7347	0.6353
			-0.7141	0.0937	0.6937
			-0.1983	0.046	-0.9791
			-0.0635	-0.996	-0.0634
			0.8444	0.5061	0.1754
			-0.0596	-0.2365	0.9698
			0.5323	-0.8294	-0.1695
			-0.8444	-0.5061	-0.1754
			0.0596	0.2365	-0.9698
			-0.5323	0.8294	0.1695
		b:
			-146.3002
			-390.1233
			-163.8455
			-119.5073
			-292.993
			-322.7142
			562.7942
			134.2354
			-38.3707
			-548.7942
			-123.2354
			52.3707
	==================================================================================
	Q4:
		Shape: Ellipse
		q_c:	435.5	274.5	220.0
		ub :	441.9204	282.3197	227.5849
		lb :	429.0796	266.6803	212.4151
		P^-1:
			0.028	0.0024	-0.0027
			0.0024	0.0508	-0.0305
			-0.0027	-0.0305	0.051
	==================================================================================
	Q5:
		Shape: Hybrid
		q_c:	449.5	286.0	219.5
		ub :	455.285	293.8234	226.6183
		lb :	443.715	278.1766	212.3817
		P^-1:
			0.0614	0.0059	0.0025
			0.0059	0.0307	-0.0137
			0.0025	-0.0137	0.0566
		A:
			0.5919	-0.4853	0.6435
			0.931	0.3607	0.0555
			0.4803	0.8319	-0.278
			0.6043	-0.2608	0.7529
			-0.3461	0.0255	0.9378
			0.1372	0.1039	-0.9851
		b:
			270.8067
			535.9578
			395.7293
			364.301
			60.1723
			-122.5354
	==================================================================================
	Q6:
		Shape: Hybrid
		q_c:	458.0	269.5	240.0
		ub :	468.2777	279.0222	248.4934
		lb :	447.7223	259.9778	231.5066
		P^-1:
			0.0314	-0.021	0.0026
			-0.021	0.0497	-0.024
			0.0026	-0.024	0.0544
		A:
			-0.024	0.3232	-0.946
			-0.7693	0.6359	-0.0619
			0.4147	-0.1321	0.9003
			-0.3114	0.3334	-0.8899
			-0.0627	0.5321	-0.8444
			-0.2066	0.2262	-0.9519
		b:
			-148.6047
			-193.1812
			374.0064
			-263.7515
			-85.9782
			-259.3352


===========================================================================================
===========================================================================================
S11:
	q_c:	106.5	503.0	336.0
	ub :	109.6669	515.8491	351.2824
	lb :	95.3331	489.3785	327.9945

	==================================================================================
	Q1:
		Shape: Hybrid
		q_c:	101.0	509.5	339.0
		ub :	106.3517	515.0195	344.3918
		lb :	95.6483	503.9805	333.6082
		P^-1:
			0.0657	-0.0072	0.0003
			-0.0072	0.0777	-0.0045
			0.0003	-0.0045	0.0502
		A:
			0.956	0.2931	-0.0128
			0.8324	0.1428	0.5354
			-0.7317	0.3534	-0.5829
			-0.4515	0.8784	0.1565
			-0.8414	0.405	-0.358
			-0.7919	0.554	0.2567
		b:
			243.7915
			340.7404
			-89.2692
			456.8401
			2.033
			291.3
	==================================================================================
	Q2:
		Shape: Hybrid
		q_c:	103.0	511.5	332.0
		ub :	106.911	515.8491	336.0055
		lb :	99.089	507.1509	327.9945
		P^-1:
			0.3119	0.0562	0.1661
			0.0562	0.0753	0.0395
			0.1661	0.0395	0.2013
		A:
			-0.7535	-0.6572	0.0169
			0.3169	0.8838	0.3441
			0.7612	0.4035	0.5077
			0.5728	0.4066	0.7118
			-0.9389	-0.3299	-0.0979
			-0.961	0.2094	-0.1807
		b:
			-406.0808
			601.4973
			454.3477
			504.4353
			-296.5069
			-50.1873
	==================================================================================
	Q3:
		Shape: Ellipse
		q_c:	102.5	503.5	338.5
		ub :	109.6669	509.9411	346.105
		lb :	95.3331	497.0589	330.895
		P^-1:
			0.061	0.0253	0.0263
			0.0253	0.0727	0.0178
			0.0263	0.0178	0.0599
	==================================================================================
	Q4:
		Shape: Polyhedra
		q_c:	99.0	508.0	344.5
		ub :	101.4257	511.9276	347.6542
		lb :	96.5743	504.0724	341.3458
		A:
			0.3892	0.1999	-0.8992
			-0.3636	0.8643	0.3474
			0.3627	0.3076	0.8797
			-0.1833	0.4753	0.8605
			0.6033	-0.1756	-0.7779
			0.9887	0.0652	0.1349
			0.8511	0.0833	0.5183
			-0.5242	0.189	0.8304
			-0.0288	-0.9784	0.2046
			-0.8511	-0.0833	-0.5183
			0.5242	-0.189	-0.8304
			0.0288	0.9784	-0.2046
		b:
			-167.4111
			525.7468
			496.977
			521.8714
			-295.5038
			179.0701
			306.6498
			332.1952
			-425.9182
			-303.6498
			-328.1952
			432.9182
	==================================================================================
	Q5:
		Shape: Hybrid
		q_c:	99.5	497.5	333.0
		ub :	102.9174	500.8938	336.2448
		lb :	96.0826	494.1062	329.7552
		P^-1:
			0.1804	0.0273	0.026
			0.0273	0.2393	-0.0102
			0.026	-0.0102	0.2403
		A:
			-0.4471	-0.2242	-0.8659
			-0.8384	0.1576	-0.5218
			-0.0361	0.9928	-0.1141
			0.2242	-0.8791	0.4205
			-0.0669	-0.8983	0.4343
			0.5664	0.4512	0.6896
		b:
			-443.3674
			-177.5742
			453.4014
			-273.9534
			-307.8946
			511.4831
	==================================================================================
	Q6:
		Shape: Ellipse
		q_c:	100.0	496.0	345.0
		ub :	104.5523	502.6215	351.2824
		lb :	95.4477	489.3785	338.7176
		P^-1:
			0.1063	-0.0146	0.0033
			-0.0146	0.0606	-0.0078
			0.0033	-0.0078	0.0561


===========================================================================================
===========================================================================================
S12:
	q_c:	281.0	393.5	202.5
	ub :	302.6637	411.2523	224.8027
	lb :	257.2442	378.2364	175.0855

	==================================================================================
	Q1:
		Shape: Ellipse
		q_c:	266.0	399.0	204.0
		ub :	274.7558	407.5729	212.3715
		lb :	257.2442	390.4271	195.6285
		P^-1:
			0.0462	0.0038	0.0171
			0.0038	0.0335	0.008
			0.0171	0.008	0.0395
	==================================================================================
	Q2:
		Shape: Hybrid
		q_c:	275.0	392.5	209.5
		ub :	280.7236	398.6567	214.3497
		lb :	269.2764	386.3433	204.6503
		P^-1:
			0.0607	0.006	-0.0006
			0.006	0.0419	0.002
			-0.0006	0.002	0.0623
		A:
			0.0043	-0.9993	-0.0366
			0.49	0.5341	0.689
			-0.5423	0.1534	-0.8261
			-0.7642	-0.4761	0.4352
			0.9151	-0.3939	0.0862
			-0.0332	-0.2926	0.9557
		b:
			-395.7917
			490.8214
			-259.8315
			-303.7261
			117.5406
			78.386
	==================================================================================
	Q3:
		Shape: Polyhedra
		q_c:	277.0	398.5	192.0
		ub :	286.8231	409.1171	201.1039
		lb :	267.1769	387.8829	182.8961
		A:
			0.4992	-0.5227	0.6911
			0.6999	-0.4813	-0.5277
			0.1403	0.7772	0.6134
			-0.6069	0.1274	-0.7845
			-0.9629	0.2691	-0.0213
			0.3719	-0.881	-0.2925
			0.3424	0.5472	0.7637
			0.8242	-0.5652	0.0354
			0.4511	0.6173	-0.6445
			-0.3424	-0.5472	-0.7637
			-0.8242	0.5652	-0.0354
			-0.4511	-0.6173	0.6445
		b:
			68.7
			-93.1168
			473.2353
			-261.4487
			-157.5865
			-297.8632
			466.5532
			15.8517
			252.7025
			-452.5532
			-3.8517
			-241.7025
	==================================================================================
	Q4:
		Shape: Polyhedra
		q_c:	296.0	386.0	184.0
		ub :	302.6637	393.7636	192.9145
		lb :	289.3363	378.2364	175.0855
		A:
			0.8982	-0.4324	0.0789
			-0.7536	0.6085	0.2485
			-0.8619	-0.156	0.4824
			0.8199	-0.5517	0.1533
			0.5613	-0.4478	0.696
			0.2714	-0.74	0.6154
			0.1637	0.508	0.8457
			-0.4434	0.8037	-0.3969
			-0.8812	-0.31	0.3568
			-0.1637	-0.508	-0.8457
			0.4434	-0.8037	0.3969
			0.8812	0.31	-0.3568
		b:
			117.4026
			62.0601
			-221.9779
			61.7079
			125.8278
			-88.3284
			407.1433
			109.4333
			-310.3515
			-393.1433
			-102.4333
			319.3515
	==================================================================================
	Q5:
		Shape: Ellipse
		q_c:	282.5	399.5	195.5
		ub :	290.3403	410.5289	206.55
		lb :	274.6597	388.4711	184.45
		P^-1:
			0.0792	-0.0381	-0.0251
			-0.0381	0.0391	0.0114
			-0.0251	0.0114	0.0271
	==================================================================================
	Q6:
		Shape: Polyhedra
		q_c:	285.0	405.5	219.5
		ub :	291.3488	411.2523	224.8027
		lb :	278.6512	399.7477	214.1973
		A:
			0.7301	0.2738	0.6261
			-0.3114	-0.7466	-0.5879
			0.2147	0.7954	0.5668
			-0.3801	-0.5146	-0.7686
			-0.6649	-0.2774	-0.6935
			-0.2258	-0.8275	0.514
			0.5903	0.4109	0.6947
			0.4993	-0.8622	0.0856
			0.6342	0.2964	-0.7141
			-0.5903	-0.4109	-0.6947
			-0.4993	0.8622	-0.0856
			-0.6342	-0.2964	0.7141
		b:
			458.6699
			-518.0303
			510.8518
			-483.4621
			-452.1414
			-282.503
			489.358
			-184.5089
			149.1598
			-485.358
			192.5089
			-139.1598


===========================================================================================
===========================================================================================
S13:
	q_c:	179.0	216.5	237.0
	ub :	186.2224	226.2282	248.004
	lb :	169.1377	208.77	233.1343

	==================================================================================
	Q1:
		Shape: Hybrid
		q_c:	174.5	216.5	242.0
		ub :	179.0931	221.234	246.2371
		lb :	169.9069	211.766	237.7629
		P^-1:
			0.1196	0.007	0.0172
			0.007	0.1168	0.0141
			0.0172	0.0141	0.1458
		A:
			0.9737	-0.0658	-0.2182
			0.1657	0.9485	-0.27
			-0.9218	-0.3232	-0.214
			0.5937	0.1076	0.7975
			-0.0015	0.6185	-0.7858
			-0.0245	0.9034	-0.4282
		b:
			104.5898
			170.6516
			-281.0766
			321.1837
			-54.866
			89.4368
	==================================================================================
	Q2:
