3D_50_25_6_e                l = 3

===========================================================================================
===========================================================================================
S1:
	q_c:	350.5	134.0	407.5
	ub :	367.2591	155.3451	425.9509
	lb :	327.9609	109.9289	386.9777

	==================================================================================
	Q1:
		Shape: Ellipse
		q_c:	351.5	148.5	413.5
		ub :	359.4262	155.3451	422.1019
		lb :	343.5738	141.6549	404.8981
		P^-1:
			0.0588	-0.0517	0.0216
			-0.0517	0.1139	-0.036
			0.0216	-0.036	0.0428
	==================================================================================
	Q2:
		Shape: Ellipse
		q_c:	355.0	122.5	405.5
		ub :	366.433	135.0711	418.0908
		lb :	343.567	109.9289	392.9092
		P^-1:
			0.0173	0.0009	0.0004
			0.0009	0.0144	0.0009
			0.0004	0.0009	0.0155
	==================================================================================
	Q3:
		Shape: Polyhedra
		q_c:	345.0	132.0	410.5
		ub :	352.2536	136.5965	416.9225
		lb :	337.7464	127.4035	404.0775
		A:
			-0.6336	-0.7635	0.1251
			-0.2497	0.6279	-0.7371
			0.8602	0.2041	0.4674
			-0.787	0.0539	-0.6146
			-0.7472	-0.4906	-0.4483
			-0.5843	-0.7496	-0.3109
			0.6206	0.1478	0.7701
			-0.7634	0.3383	0.5502
			-0.1792	-0.9293	0.3228
			-0.6206	-0.1478	-0.7701
			0.7634	-0.3383	-0.5502
			0.1792	0.9293	-0.3228
		b:
			-265.1308
			-303.631
			518.8514
			-513.5965
			-503.9576
			-425.8825
			552.231
			14.1621
			-49.9975
			-547.231
			-0.1621
			53.9975
	==================================================================================
	Q4:
		Shape: Polyhedra
		q_c:	358.0	120.5	396.5
		ub :	367.2591	130.7961	406.0223
		lb :	348.7409	110.2039	386.9777
		A:
			0.4907	0.1493	-0.8584
			-0.629	-0.7606	0.1609
			0.9453	0.3146	-0.0864
			0.628	-0.7072	-0.3248
			0.6904	-0.2341	-0.6846
			0.9045	-0.4243	0.0429
			0.3946	0.8294	0.3955
			0.5255	-0.5568	0.6433
			0.7538	-0.046	-0.6555
			-0.3946	-0.8294	-0.3955
			-0.5255	0.5568	-0.6433
			-0.7538	0.046	0.6555
		b:
			-142.4355
			-245.7018
			348.1715
			16.4592
			-48.2255
			294.5852
			406.5226
			381.6052
			8.4052
			-389.5226
			-370.6052
			-0.4052
	==================================================================================
	Q5:
		Shape: Hybrid
		q_c:	338.0	137.5	407.0
		ub :	348.0391	147.5941	414.5585
		lb :	327.9609	127.4059	399.4415
		P^-1:
			0.0281	0.0127	0.0058
			0.0127	0.0335	0.0053
			0.0058	0.0053	0.0386
		A:
			0.1503	0.9749	-0.164
			-0.1607	-0.9245	-0.3458
			0.4405	0.8716	-0.2153
			-0.009	-0.1975	-0.9803
			-0.1271	-0.3054	-0.9437
			-0.2652	0.5286	-0.8064
		b:
			121.5806
			-319.0693
			184.0334
			-426.2987
			-466.3606
			-341.4619
	==================================================================================
	Q6:
		Shape: Polyhedra
		q_c:	347.0	129.5	415.5
		ub :	355.6698	139.5592	425.9509
		lb :	338.3302	119.4408	405.0491
		A:
			-0.8438	-0.226	0.4868
			-0.4509	0.2117	-0.8671
			-0.4901	0.4557	0.7431
			-0.6373	0.4952	-0.5904
			-0.6854	0.3277	-0.6503
			0.5884	-0.6072	-0.5339
			0.561	0.5723	0.5981
			-0.146	0.7796	-0.6091
			-0.8148	0.2544	0.5209
			-0.561	-0.5723	-0.5981
			0.146	-0.7796	0.6091
			0.8148	-0.2544	-0.5209
		b:
			-114.4366
			-482.8248
			202.9899
			-396.0145
			-459.1977
			-90.9993
			523.7902
			-196.2744
			-28.3601
			-510.7902
			209.2744
			38.3601


===========================================================================================
===========================================================================================
S2:
	q_c:	138.0	228.5	501.0
	ub :	151.6697	241.0806	513.9719
	lb :	124.5609	218.8017	490.4151

	==================================================================================
	Q1:
		Shape: Ellipse
		q_c:	132.0	232.0	500.0
		ub :	139.4391	239.2058	505.5118
		lb :	124.5609	224.7942	494.4882
		P^-1:
			0.0515	0.0157	-0.0316
			0.0157	0.0616	-0.0433
			-0.0316	-0.0433	0.1269
	==================================================================================
	Q2:
		Shape: Hybrid
		q_c:	137.5	236.0	496.5
		ub :	139.5727	239.5505	500.6242
		lb :	135.4273	232.4495	492.3758
		P^-1:
			0.4334	-0.0489	-0.0256
			-0.0489	0.1637	0.0239
			-0.0256	0.0239	0.089
		A:
			0.8467	0.1056	0.5214
			0.861	0.3849	-0.3325
			-0.6887	0.4237	0.5884
			0.4755	0.8075	0.3491
			-0.3583	0.9275	0.1065
			0.9405	0.0048	-0.3397
		b:
			401.8019
			45.5153
			298.896
			430.9775
			224.0307
			-37.1945
	==================================================================================
	Q3:
		Shape: Polyhedra
		q_c:	136.0	229.0	494.0
		ub :	137.9458	232.9137	497.5849
		lb :	134.0542	225.0863	490.4151
		A:
			0.9867	-0.1613	-0.018
			0.9442	-0.29	0.156
			0.8237	-0.2023	-0.5297
			0.8953	-0.4455	0.0077
			-0.8827	0.0481	-0.4674
			0.9517	-0.2882	0.106
			0.3176	0.8654	0.3876
			-0.018	0.4142	-0.91
			-0.9481	0.2821	0.1471
			-0.3176	-0.8654	-0.3876
			0.018	-0.4142	0.91
			0.9481	-0.2821	-0.1471
		b:
			89.4787
			140.3107
			-194.6086
			24.7019
			-338.0605
			116.9409
			435.8391
			-354.6472
			9.321
			-429.8391
			359.6472
			-7.321
	==================================================================================
	Q4:
		Shape: Polyhedra
		q_c:	146.0	229.0	508.5
		ub :	151.6697	234.3772	513.9719
		lb :	140.3303	223.6228	503.0281
		A:
			-0.0276	0.778	0.6276
			0.4509	-0.6017	-0.6593
			0.0229	-0.1825	-0.9829
			-0.4049	-0.8861	0.2253
			-0.9612	-0.2699	0.0569
			-0.0174	0.2666	0.9637
			0.3766	0.5924	0.7122
			0.7406	0.2692	-0.6157
			-0.5565	0.7593	-0.3373
			-0.3766	-0.5924	-0.7122
			-0.7406	-0.2692	0.6157
			0.5565	-0.7593	0.3373
		b:
			496.3906
			-403.9135
			-535.083
			-144.093
			-169.8189
			551.6804
			555.7887
			-139.7801
			-75.3968
			-549.7887
			146.7801
			82.3968
	==================================================================================
	Q5:
		Shape: Polyhedra
		q_c:	137.0	224.5	498.0
		ub :	142.2279	230.1983	503.5404
		lb :	131.7721	218.8017	492.4596
		A:
			-0.7132	0.5705	0.4072
			-0.6397	-0.2886	0.7123
			-0.1404	0.2286	0.9634
			0.6215	0.7745	0.1181
			-0.3049	-0.5882	-0.749
			-0.5904	0.1997	0.782
			0.1112	0.6846	0.7204
			0.7247	0.4402	-0.5302
			-0.6801	0.581	-0.4472
			-0.1112	-0.6846	-0.7204
			-0.7247	-0.4402	0.5302
			0.6801	-0.581	0.4472
		b:
			236.5974
			205.3074
			514.8846
			320.847
			-543.7961
			356.4474
			530.6754
			-62.9361
			-181.4301
			-524.6754
			68.9361
			189.4301
	==================================================================================
	Q6:
		Shape: Hybrid
		q_c:	145.0	236.0	503.5
		ub :	150.7061	241.0806	509.0473
		lb :	139.2939	230.9194	497.9527
		P^-1:
			0.1207	0.07	0.0797
			0.07	0.1698	0.002
			0.0797	0.002	0.1526
		A:
			0.5868	-0.0522	0.8081
			0.8169	0.4109	0.4048
			0.1415	0.1531	-0.978
			0.1173	0.4585	0.8809
			0.0435	-0.9595	0.2785
			0.7113	0.1671	0.6827
		b:
			480.8727
			420.6577
			-433.1692
			571.1685
			-78.141
			487.5238


===========================================================================================
===========================================================================================
S3:
	q_c:	497.0	347.0	351.5
	ub :	504.6634	356.7486	359.6167
	lb :	490.8236	339.8268	342.5123

	==================================================================================
	Q1:
		Shape: Polyhedra
		q_c:	497.5	343.0	352.0
		ub :	500.1929	345.6207	354.3091
		lb :	494.8071	340.3793	349.6909
		A:
			-0.2879	-0.9529	0.0958
			0.0121	-0.6889	-0.7248
			0.5189	0.7456	0.4181
			0.7676	0.4558	0.4506
			0.1614	0.8268	0.5388
			0.4728	0.489	0.7331
			0.4207	0.6321	0.6507
			0.1167	0.6736	-0.7298
			-0.8997	0.383	0.2096
			-0.4207	-0.6321	-0.6507
			-0.1167	-0.6736	0.7298
			0.8997	-0.383	-0.2096
		b:
			-434.788
			-484.2398
			661.8043
			697.9832
			554.499
			661.583
			655.6747
			34.1991
			-239.9224
			-654.6747
			-30.1991
			244.9224
	==================================================================================
	Q2:
		Shape: Hybrid
		q_c:	495.5	346.5	353.0
		ub :	497.9162	349.0598	355.8601
		lb :	493.0838	343.9402	350.1399
		P^-1:
			0.4369	-0.0103	-0.0445
			-0.0103	0.4305	-0.0606
			-0.0445	-0.0606	0.1815
		A:
			0.7566	0.1866	-0.6266
			-0.8299	-0.4009	0.3881
			0.6416	0.1755	0.7467
			-0.9188	-0.1303	0.3726
			0.9183	-0.3955	0.0191
			-0.6272	-0.6174	-0.4749
		b:
			219.3647
			-412.3567
			643.8263
			-368.0737
			325.4236
			-691.0161
	==================================================================================
	Q3:
		Shape: Hybrid
		q_c:	494.0	344.5	355.0
		ub :	496.6472	349.1732	359.6167
		lb :	491.3528	339.8268	350.3833
		P^-1:
			0.3889	-0.0551	-0.1113
			-0.0551	0.0995	0.0346
			-0.1113	0.0346	0.1488
		A:
			0.9768	-0.2037	-0.0662
			0.6978	-0.5076	-0.5054
			0.0434	-0.8703	-0.4906
			-0.8661	0.4984	0.0384
			-0.5197	-0.1403	0.8428
			0.9409	-0.3107	-0.1345
		b:
			389.8136
			-8.4075
			-450.314
			-241.2298
			-4.1501
			310.9634
	==================================================================================
	Q4:
		Shape: Polyhedra
		q_c:	494.0	344.0	356.0
		ub :	497.1764	347.3813	359.3494
		lb :	490.8236	340.6187	352.6506
		A:
			-0.7402	-0.6417	-0.2009
			-0.511	0.3569	0.782
			-0.7936	-0.5937	-0.1334
			0.8846	0.3552	0.3021
			0.7599	0.5455	0.3536
			-0.7276	-0.6378	0.2526
			0.7373	0.6752	0.0205
			0.6446	-0.6941	-0.3204
			-0.2021	0.2495	-0.9471
			-0.7373	-0.6752	-0.0205
			-0.6446	0.6941	0.3204
			0.2021	-0.2495	0.9471
		b:
			-656.8276
			151.6084
			-642.6715
			668.2034
			690.1965
			-487.7268
			604.8199
			-31.4278
			-348.6755
			-602.8199
			37.4278
			353.6755
	==================================================================================
	Q5:
		Shape: Polyhedra
		q_c:	502.5	348.0	354.5
		ub :	504.6634	350.2404	356.6007
		lb :	500.3366	345.7596	352.3993
		A:
			-0.2835	-0.1263	0.9506
			-0.8918	0.0949	0.4424
			-0.2099	-0.3991	0.8926
			0.4948	-0.3083	-0.8125
			-0.5727	-0.473	0.6695
			0.766	-0.2024	-0.6102
			0.6392	0.0255	0.7686
			-0.2364	0.9576	0.1649
			-0.7318	-0.2871	0.6181
			-0.6392	-0.0255	-0.7686
			0.2364	-0.9576	-0.1649
			0.7318	0.2871	-0.6181
		b:
			151.7518
			-257.0488
			73.2466
			-145.2851
			-213.9917
			99.4544
			604.0402
			274.9049
			-247.4928
			-601.0402
			-270.9049
			249.4928
	==================================================================================
	Q6:
		Shape: Hybrid
		q_c:	496.5	352.5	348.0
		ub :	501.7441	356.7486	353.4877
		lb :	491.2559	348.2514	342.5123
		P^-1:
			0.0924	0.0215	0.0163
			0.0215	0.1246	0.0326
			0.0163	0.0326	0.1063
		A:
			0.2076	0.3329	-0.9198
			-0.766	-0.6272	0.1413
			-0.5924	-0.6965	-0.4049
			0.4727	-0.8211	-0.3199
			0.6531	-0.1244	-0.747
			-0.7689	-0.3511	-0.5343
		b:
			-97.468
			-550.3425
			-679.2051
			-164.1491
			22.6975
			-689.893


===========================================================================================
===========================================================================================
S4:
	q_c:	163.0	491.5	452.0
	ub :	169.7433	499.7855	457.9722
	lb :	155.5474	488.7398	445.5251

	==================================================================================
	Q1:
		Shape: Ellipse
		q_c:	164.0	491.0	450.5
		ub :	166.5288	493.2602	452.1714
		lb :	161.4712	488.7398	448.8286
		P^-1:
			0.6196	-0.7295	0.7338
			-0.7295	1.7369	-1.6205
			0.7338	-1.6205	2.3379
	==================================================================================
	Q2:
		Shape: Polyhedra
		q_c:	166.5	493.5	452.5
		ub :	169.7433	497.3942	455.8521
		lb :	163.2567	489.6058	449.1479
		A:
			0.6813	-0.0427	0.7308
			-0.596	0.0658	0.8003
			0.5442	0.8095	-0.2205
			0.8637	0.5038	0.0113
			-0.9941	0.0001	-0.1087
			0.9919	-0.0403	-0.1202
			0.0627	0.3176	0.9461
			-0.6504	0.7321	-0.2027
			-0.757	-0.6027	0.2524
			-0.0627	-0.3176	-0.9461
			0.6504	-0.7321	0.2027
			0.757	0.6027	-0.2524
		b:
			425.6705
			297.6021
			391.9989
			399.2034
			-212.292
			93.1267
			597.8097
			164.2616
			-307.7278
			-592.8097
			-158.2616
			310.7278
	==================================================================================
	Q3:
		Shape: Hybrid
		q_c:	159.0	497.0	454.5
		ub :	162.4526	499.7855	457.9722
		lb :	155.5474	494.2145	451.0278
		P^-1:
			0.2332	-0.0813	0.0799
			-0.0813	0.3649	-0.0565
			0.0799	-0.0565	0.2563
		A:
			0.1361	0.7387	-0.6602
			-0.1901	-0.6749	-0.713
			0.0736	-0.9845	0.159
			-0.174	0.8803	-0.4413
			0.3721	0.909	-0.1879
			0.6096	-0.0327	-0.792
		b:
			89.8867
			-688.4517
			-404.4401
			210.1003
			426.8011
			-277.6184
	==================================================================================
	Q4:
		Shape: Ellipse
		q_c:	160.0	496.5	453.0
		ub :	162.7299	499.4849	455.5459
		lb :	157.2701	493.5151	450.4541
		P^-1:
			0.5408	0.1925	0.3106
			0.1925	0.3775	0.2056
			0.3106	0.2056	0.5817
	==================================================================================
	Q5:
		Shape: Polyhedra
		q_c:	162.0	495.0	449.5
		ub :	166.0569	499.6122	453.4749
		lb :	157.9431	490.3878	445.5251
		A:
			0.5889	-0.7251	-0.3571
			0.2957	-0.8491	0.4377
			0.8803	0.302	0.3659
			0.2176	0.879	-0.4243
			-0.5557	0.7336	0.3912
			0.4548	0.3007	-0.8383
			0.3153	0.615	0.7228
			-0.8735	0.4858	-0.0323
			-0.371	-0.6212	0.6903
			-0.3153	-0.615	-0.7228
			0.8735	-0.4858	0.0323
			0.371	0.6212	-0.6903
		b:
			-421.3865
			-173.1684
			459.341
			282.1918
			451.6211
			-151.785
			683.3757
			86.9234
			-54.7784
			-677.3757
			-81.9234
			59.7784
	==================================================================================
	Q6:
		Shape: Polyhedra
		q_c:	165.0	492.5	455.5
		ub :	167.103	493.5368	457.7583
		lb :	162.897	491.4632	453.2417
		A:
			-0.5662	0.271	0.7785
			0.3803	-0.6563	-0.6516
			-0.1557	-0.6111	-0.7761
			0.9417	-0.3248	-0.0878
			0.3643	0.1558	0.9182
			-0.9127	-0.0316	0.4075
			0.6096	0.0391	0.7917
			-0.6808	0.5374	0.4977
			-0.4061	-0.8424	0.3542
			-0.6096	-0.0391	-0.7917
			0.6808	-0.5374	-0.4977
			0.4061	0.8424	-0.3542
		b:
			395.7411
			-556.1637
			-678.5673
			-43.2618
			556.9739
			20.4456
			482.4693
			380.0348
			-320.0361
			-478.4693
			-378.0348
			321.0361


===========================================================================================
===========================================================================================
S5:
	q_c:	256.0	130.5	296.5
	ub :	273.1682	151.4415	306.4217
	lb :	249.8896	119.4401	277.7282

	==================================================================================
	Q1:
		Shape: Ellipse
		q_c:	266.0	129.5	299.0
		ub :	273.1682	136.9783	304.5341
		lb :	258.8318	122.0217	293.4659
		P^-1:
			0.0431	-0.0049	0.0017
			-0.0049	0.048	-0.0041
			0.0017	-0.0041	0.0608
	==================================================================================
	Q2:
		Shape: Hybrid
		q_c:	261.5	140.0	303.0
		ub :	265.344	143.6251	306.3876
		lb :	257.656	136.3749	299.6124
		P^-1:
			0.2748	-0.148	-0.1043
			-0.148	0.3153	-0.091
			-0.1043	-0.091	0.3804
		A:
			-0.1683	-0.3711	0.9132
			0.197	-0.9758	-0.0947
			0.846	-0.4787	-0.2349
			0.0847	-0.5141	0.8536
			0.1701	-0.2432	0.9549
			-0.5741	0.6837	0.4505
		b:
			181.477
			-112.4056
			83.8897
			209.6062
			300.9329
			82.9812
	==================================================================================
	Q3:
		Shape: Ellipse
		q_c:	257.5	143.0	286.0
		ub :	263.5679	151.4415	294.2718
		lb :	251.4321	134.5585	277.7282
		P^-1:
			0.0494	0.0006	-0.0003
			0.0006	0.0292	0.0106
			-0.0003	0.0106	0.0439
	==================================================================================
	Q4:
		Shape: Polyhedra
		q_c:	259.5	132.0	288.5
		ub :	266.2992	139.4971	294.5695
		lb :	252.7008	124.5029	282.4305
		A:
			0.4304	0.6408	0.6357
			0.0023	-0.9775	0.2109
			0.3423	-0.9266	-0.1559
			-0.2852	0.195	-0.9384
			-0.8556	-0.3459	0.385
			0.7765	0.3694	0.5105
			0.173	0.287	0.9422
			-0.9043	0.4253	0.0365
			-0.3903	-0.8583	0.3331
			-0.173	-0.287	-0.9422
			0.9043	-0.4253	-0.0365
			0.3903	0.8583	-0.3331
		b:
			384.3071
			-62.6717
			-73.7661
			-314.4357
			-151.8319
			402.1458
			359.0949
			-163.4985
			-113.4715
			-350.0949
			172.4985
			123.4715
	==================================================================================
	Q5:
		Shape: Hybrid
		q_c:	255.5	135.0	304.0
		ub :	261.1104	137.1977	306.4217
		lb :	249.8896	132.8023	301.5783
		P^-1:
			0.0352	-0.0106	0.0276
			-0.0106	0.4442	0.0007
			0.0276	0.0007	0.4426
		A:
			-0.1269	-0.0387	0.9912
			0.2058	-0.9523	0.2252
			-0.4537	0.7553	-0.473
			-0.2241	0.1183	0.9674
			-0.4095	0.8807	-0.2381
			-0.0785	0.9492	0.3046
		b:
			264.7408
			-6.5161
			-155.8985
			254.1749
			-56.407
			201.4896
	==================================================================================
	Q6:
		Shape: Polyhedra
		q_c:	257.0	126.5	293.5
		ub :	263.992	133.5599	298.8173
		lb :	250.008	119.4401	288.1827
		A:
			-0.6628	-0.531	0.528
			-0.3222	0.097	0.9417
			-0.868	-0.1003	0.4862
			0.2441	0.1173	-0.9626
			0.1071	-0.268	-0.9575
			0.9367	-0.3264	-0.1269
			0.5034	0.5238	0.6872
			-0.6638	0.7436	-0.0805
			-0.5531	-0.4156	0.722
			-0.5034	-0.5238	-0.6872
			0.6638	-0.7436	0.0805
			0.5531	0.4156	-0.722
		b:
			-79.473
			209.272
			-89.5146
			-201.6859
			-283.728
			166.7697
			401.3223
			-95.166
			20.1838
			-393.3223
			105.166
			-14.1838


===========================================================================================
===========================================================================================
S6:
	q_c:	220.5	177.0	198.0
	ub :	236.0257	188.6426	209.089
	lb :	207.1378	163.2117	185.1646

	==================================================================================
	Q1:
		Shape: Ellipse
		q_c:	220.0	173.5	202.5
		ub :	225.3619	178.7172	205.9924
		lb :	214.6381	168.2828	199.0076
		P^-1:
			0.0852	0.002	0.0161
			0.002	0.0828	0.0093
			0.0161	0.0093	0.1553
	==================================================================================
	Q2:
		Shape: Ellipse
		q_c:	215.0	168.0	191.5
		ub :	219.9926	172.0149	196.9686
		lb :	210.0074	163.9851	186.0314
		P^-1:
			0.2493	0.1824	0.0606
			0.1824	0.2393	0.0549
			0.0606	0.0549	0.0677
	==================================================================================
	Q3:
		Shape: Polyhedra
		q_c:	228.5	171.0	192.0
		ub :	236.0257	178.7883	197.5586
		lb :	220.9743	163.2117	186.4414
		A:
			0.5626	0.5576	-0.6104
			0.082	0.6194	-0.7808
			-0.7508	-0.5597	0.3509
			-0.3394	0.4226	-0.8404
			-0.1843	-0.8239	0.536
			0.8862	-0.1495	0.4385
			0.722	0.4549	0.5212
			-0.3334	-0.4314	0.8383
			0.6062	-0.7791	-0.1598
			-0.722	-0.4549	-0.5212
			0.3334	0.4314	-0.8383
			-0.6062	0.7791	0.1598
		b:
			109.8343
			-21.8652
			-196.4505
			-162.7668
			-76.26
			265.8829
			346.8586
			14.0114
			-19.3772
			-338.8586
			-8.0114
			31.3772
	==================================================================================
	Q4:
		Shape: Ellipse
		q_c:	219.0	176.5	202.5
		ub :	222.5773	183.2034	209.089
		lb :	215.4227	169.7966	195.911
		P^-1:
			0.1541	-0.0208	-0.0136
			-0.0208	0.0535	0.0027
			-0.0136	0.0027	0.0512
	==================================================================================
	Q5:
		Shape: Hybrid
		q_c:	230.0	183.5	200.0
		ub :	235.0104	188.6426	203.8202
		lb :	224.9896	178.3574	196.1798
		P^-1:
			0.0942	-0.0206	-0.0125
			-0.0206	0.1155	0.0196
			-0.0125	0.0196	0.143
		A:
			0.5404	0.3324	-0.773
			-0.0253	0.7414	0.6706
			0.6979	0.6571	-0.2847
			0.9138	0.1512	-0.377
			0.3288	0.2976	0.8963
			-0.4695	-0.2328	-0.8517
		b:
			32.469
			265.7583
			226.3456
			164.5436
			311.0728
			-319.3366
	==================================================================================
	Q6:
		Shape: Polyhedra
		q_c:	213.5	174.0	190.5
		ub :	219.8622	181.0719	195.8354
		lb :	207.1378	166.9281	185.1646
		A:
			0.1464	0.9312	0.3338
			0.2347	-0.1349	-0.9627
			-0.0226	-0.1637	-0.9862
			-0.5025	-0.6601	0.5584
			0.2418	0.9406	-0.2385
			-0.7946	0.2031	-0.5722
			0.2238	0.9725	0.0644
			0.8694	-0.1693	-0.4643
			-0.4406	0.1599	-0.8834
			-0.2238	-0.9725	-0.0644
			-0.8694	0.1693	0.4643
			0.4406	-0.1599	0.8834
		b:
			262.7225
			-152.9509
			-217.4236
			-110.6653
			175.685
			-239.6962
			235.2686
			71.712
			-231.0197
			-223.2686
			-63.712
			238.0197


===========================================================================================
===========================================================================================
S7:
	q_c:	32.5	211.5	274.5
	ub :	46.5404	226.1732	286.8665
	lb :	28.1171	194.4473	263.8588

	==================================================================================
	Q1:
		Shape: Polyhedra
		q_c:	39.5	201.5	271.0
		ub :	46.5404	208.5527	278.1412
		lb :	32.4596	194.4473	263.8588
		A:
			0.7734	-0.0815	0.6287
			-0.1081	-0.7605	-0.6403
			-0.6571	-0.631	-0.4124
			-0.0211	-0.6576	-0.7531
			0.3592	-0.0849	0.9294
			0.8344	-0.24	-0.4961
			0.3124	0.495	0.8108
			-0.3712	0.8493	-0.3755
			-0.8744	-0.1836	0.449
			-0.3124	-0.495	-0.8108
			0.3712	-0.8493	0.3755
			0.8744	0.1836	-0.449
		b:
			188.9357
			-326.8808
			-260.6986
			-333.322
			253.2874
			-145.3177
			335.8076
			59.7079
			54.6426
			-327.8076
			-49.7079
			-45.6426
	==================================================================================
	Q2:
		Shape: Ellipse
		q_c:	39.5	214.5	276.0
		ub :	44.4752	221.2162	282.691
		lb :	34.5248	207.7838	269.309
		P^-1:
			0.0897	0.0169	0.0172
			0.0169	0.067	0.0172
			0.0172	0.0172	0.0663
	==================================================================================
	Q3:
		Shape: Polyhedra
		q_c:	37.5	209.0	279.0
		ub :	42.6053	214.4821	283.1292
		lb :	32.3947	203.5179	274.8708
		A:
			-0.5235	-0.8184	-0.2371
			-0.7237	-0.3269	0.6078
			0.0526	0.8885	-0.4558
			-0.5179	-0.1823	0.8358
			-0.5616	0.3172	0.7642
			0.8004	-0.0621	-0.5962
			0.6148	0.7704	0.1689
			0.6166	-0.3359	-0.712
			-0.4918	0.5419	-0.6816
			-0.6148	-0.7704	-0.1689
			-0.6166	0.3359	0.712
			0.4918	-0.5419	0.6816
		b:
			-252.8515
			76.8873
			64.2108
			177.9593
			259.9622
			-147.3485
			235.1954
			-244.2399
			-91.8353
			-227.1954
			247.2399
			98.8353
	==================================================================================
	Q4:
		Shape: Hybrid
		q_c:	35.5	220.5	272.5
		ub :	39.2319	226.1732	278.4029
		lb :	31.7681	214.8268	266.5971
		P^-1:
			0.1104	-0.004	0.0058
			-0.004	0.0879	0.0331
			0.0058	0.0331	0.0639
		A:
			-0.5012	0.1105	-0.8583
			0.731	0.6822	-0.0149
			-0.574	0.8132	0.0956
			-0.4372	0.8557	-0.2769
			-0.9676	-0.2526	0.0034
			-0.4714	-0.8739	-0.1183
		b:
			-224.6627
			174.3646
			186.7841
			100.2251
			-87.4819
			-239.666
	==================================================================================
	Q5:
		Shape: Ellipse
		q_c:	36.0	207.0	274.5
		ub :	42.1998	210.8391	280.588
		lb :	29.8002	203.1609	268.412
		P^-1:
			0.0709	-0.0018	-0.0389
			-0.0018	0.0815	-0.0021
			-0.0389	-0.0021	0.0735
	==================================================================================
	Q6:
		Shape: Ellipse
		q_c:	32.5	220.5	283.0
		ub :	36.8829	223.5967	286.8665
		lb :	28.1171	217.4033	279.1335
		P^-1:
			0.1325	-0.1382	0.1503
			-0.1382	0.5322	-0.4219
			0.1503	-0.4219	0.528


===========================================================================================
===========================================================================================
S8:
	q_c:	129.0	113.0	372.5
	ub :	149.0324	131.5076	390.7258
	lb :	107.7695	101.4297	350.5598

	==================================================================================
	Q1:
		Shape: Ellipse
		q_c:	115.0	108.0	374.5
		ub :	122.2305	114.5703	382.2954
		lb :	107.7695	101.4297	366.7046
		P^-1:
			0.0463	0.0099	-0.0041
			0.0099	0.0554	-0.0038
			-0.0041	-0.0038	0.0212
	==================================================================================
	Q2:
		Shape: Polyhedra
		q_c:	125.0	118.0	361.0
		ub :	131.9248	128.894	371.4402
		lb :	118.0752	107.106	350.5598
		A:
			0.7838	-0.1012	-0.6127
			0.8418	-0.4832	-0.2405
			0.6042	-0.3618	-0.71
			-0.8057	0.2718	0.5262
			-0.8695	0.4612	0.1769
			-0.6871	-0.2456	0.6838
			0.6261	0.6184	0.475
			-0.0944	0.6648	-0.7411
			-0.774	0.4191	0.4746
			-0.6261	-0.6184	-0.475
			0.0944	-0.6648	0.7411
			0.774	-0.4191	-0.4746
		b:
			-132.0769
			-36.1395
			-220.7286
			123.281
			12.459
			137.3525
			330.7009
			-192.8799
			125.5217
			-314.7009
			208.8799
			-122.5217
	==================================================================================
	Q3:
		Shape: Ellipse
		q_c:	141.5	118.5	364.0
		ub :	149.0324	126.845	371.8831
		lb :	133.9676	110.155	356.1169
		P^-1:
			0.0646	-0.0227	0.0006
			-0.0227	0.0467	0.014
			0.0006	0.014	0.0433
	==================================================================================
	Q4:
		Shape: Ellipse
		q_c:	136.0	119.0	380.5
		ub :	143.7662	129.0874	390.7258
		lb :	128.2338	108.9126	370.2742
		P^-1:
			0.0368	-0.0051	-0.0051
			-0.0051	0.0265	-0.002
			-0.0051	-0.002	0.0249
	==================================================================================
	Q5:
		Shape: Ellipse
		q_c:	136.5	114.0	366.5
		ub :	145.7521	124.6165	376.7515
		lb :	127.2479	103.3835	356.2485
		P^-1:
			0.0471	-0.0209	-0.0019
			-0.0209	0.0342	-0.0002
			-0.0019	-0.0002	0.0195
	==================================================================================
	Q6:
		Shape: Hybrid
		q_c:	127.5	121.5	370.0
		ub :	135.6463	131.5076	380.0222
		lb :	119.3537	111.4924	359.9778
		P^-1:
			0.0429	-0.0094	0.006
			-0.0094	0.0283	-0.003
			0.006	-0.003	0.0256
		A:
			0.4667	0.6771	-0.5691
			-0.6674	0.7307	-0.1438
			0.8584	0.0079	-0.5129
			-0.8357	0.5322	-0.1356
			-0.5854	0.5794	-0.5671
			-0.9268	-0.0012	-0.3756
		b:
			-64.5445
			-46.9285
			-75.7372
			-89.7217
			-211.3877
			-254.595


===========================================================================================
===========================================================================================
S9:
	q_c:	164.0	279.5	104.5
	ub :	194.8737	312.7053	127.0555
	lb :	138.612	270.2794	85.8624

	==================================================================================
	Q1:
		Shape: Hybrid
		q_c:	183.0	282.5	102.5
		ub :	194.8737	294.7206	114.7923
		lb :	171.1263	270.2794	90.2077
		P^-1:
			0.0173	-0.0038	-0.0018
			-0.0038	0.0213	-0.006
			-0.0018	-0.006	0.0219
		A:
			-0.2296	-0.0414	0.9724
			-0.1709	0.8863	0.4304
			0.3489	0.937	-0.0165
			0.8611	0.4972	-0.1061
			0.9511	-0.1358	0.2774
			0.7546	-0.299	-0.5841
		b:
			49.7694
			267.973
			331.8027
			292.3979
			168.9009
			-2.2401
	==================================================================================
	Q2:
		Shape: Polyhedra
		q_c:	183.0	283.5	96.5
		ub :	189.8887	292.7464	107.1376
		lb :	176.1113	274.2536	85.8624
		A:
			0.1073	-0.7115	-0.6944
			-0.239	-0.896	-0.3743
			-0.6922	0.6678	0.2736
			0.5636	-0.825	0.0419
			0.9007	-0.3222	0.2914
			0.9034	-0.4233	-0.0681
			0.8502	0.5028	0.1559
			0.5264	-0.8117	-0.2529
			-0.0006	0.2971	-0.9549
			-0.8502	-0.5028	-0.1559
			-0.5264	0.8117	0.2529
			0.0006	-0.2971	0.9549
		b:
			-243.056
			-328.8172
			94.0699
			-121.2716
			107.3318
			43.7671
			318.1799
			-153.2002
			0.9652
			-308.1799
			163.2002
			17.0348
	==================================================================================
	Q3:
		Shape: Polyhedra
		q_c:	155.0	301.0	102.0
		ub :	167.8933	312.7053	110.3977
		lb :	142.1067	289.2947	93.6023
		A:
			0.433	0.8593	-0.2723
			-0.6441	-0.6244	0.4418
			-0.41	-0.8701	0.2734
			-0.3232	0.4683	0.8223
			-0.115	0.5197	-0.8466
			-0.0028	0.328	0.9447
			0.2909	0.8164	0.4988
			0.2731	0.4288	-0.8611
			-0.9169	0.3867	-0.0982
			-0.2909	-0.8164	-0.4988
			-0.2731	-0.4288	0.8611
			0.9169	-0.3867	0.0982
		b:
			303.8203
			-236.8012
			-291.7312
			181.7007
			58.0933
			200.6409
			348.7185
			88.0545
			-25.2371
			-334.7185
			-79.0545
			46.2371
	==================================================================================
	Q4:
		Shape: Ellipse
		q_c:	151.5	292.0	102.0
		ub :	164.388	305.4202	116.1736
		lb :	138.612	278.5798	87.8264
		P^-1:
			0.0183	-0.0046	0.0024
			-0.0046	0.0157	-0.0036
			0.0024	-0.0036	0.0146
	==================================================================================
	Q5:
		Shape: Polyhedra
		q_c:	175.5	299.0	117.5
		ub :	188.1324	311.7332	127.0555
		lb :	162.8676	286.2668	107.9445
		A:
			0.5075	-0.6233	0.5949
			0.0611	-0.0056	0.9981
			0.1996	0.3385	-0.9196
			0.816	0.5436	-0.1966
			0.5956	0.7235	-0.349
			0.6894	0.6089	0.3924
			0.6369	0.5626	0.5271
			-0.5778	0.801	-0.1567
			-0.5103	-0.2048	0.8352
			-0.6369	-0.5626	-0.5271
			0.5778	-0.801	0.1567
			0.5103	0.2048	-0.8352
		b:
			-17.7097
			132.4113
			34.7139
			288.3915
			286.1916
			354.6782
			347.4263
			130.1711
			-46.657
			-336.4263
			-109.1711
			58.657
	==================================================================================
	Q6:
		Shape: Polyhedra
		q_c:	166.5	293.5	94.0
		ub :	175.1452	299.099	100.8486
		lb :	157.8548	287.901	87.1514
		A:
			0.713	0.2759	0.6446
			0.4649	0.6305	0.6215
			-0.5585	0.4192	-0.7158
			0.8232	-0.0845	0.5614
			-0.7341	0.2388	-0.6357
			0.3874	-0.6567	0.6471
			0.1592	0.9869	0.0274
			0.7801	-0.1088	-0.6161
			-0.605	0.1194	-0.7872
			-0.1592	-0.9869	-0.0274
			-0.7801	0.1088	0.6161
			0.605	-0.1194	0.7872
		b:
			262.8322
			324.3624
			-35.2115
			168.1425
			-109.4723
			-64.5569
			323.2242
			49.0583
			-138.1807
			-314.2242
			-31.0583
			141.1807


===========================================================================================
===========================================================================================
S10:
	q_c:	309.0	41.5	144.5
	ub :	328.1445	61.7413	173.334
	lb :	289.4177	15.4208	120.1437

	==================================================================================
	Q1:
		Shape: Ellipse
		q_c:	320.5	35.5	126.5
		ub :	328.1445	43.6497	132.8563
		lb :	312.8555	27.3503	120.1437
		P^-1:
			0.0349	-0.0067	0.0121
			-0.0067	0.0563	-0.0382
			0.0121	-0.0382	0.0808
	==================================================================================
	Q2:
		Shape: Polyhedra
		q_c:	303.5	36.0	134.0
		ub :	317.217	48.3036	145.4715
		lb :	289.783	23.6964	122.5285
		A:
			0.0948	-0.7413	-0.6644
			-0.526	-0.18	-0.8312
			-0.3375	0.9259	-0.1697
			0.8338	-0.532	-0.1475
			0.4204	-0.8602	-0.2886
			0.0825	0.3927	0.9159
			0.3233	0.5781	0.7491
			-0.6395	-0.4501	0.6233
			0.6975	-0.6806	0.2242
			-0.3233	-0.5781	-0.7491
			0.6395	0.4501	-0.6233
			-0.6975	0.6806	-0.2242
		b:
			-82.1921
			-272.851
			-84.1203
			222.2951
			64.4365
			167.0317
			222.8327
			-115.259
			224.7316
			-215.8327
			138.259
			-209.7316
	==================================================================================
	Q3:
		Shape: Polyhedra
		q_c:	308.0	50.5	148.0
		ub :	313.5712	56.2473	152.9954
		lb :	302.4288	44.7527	143.0046
		A:
			-0.0728	-0.8088	-0.5836
			0.5303	-0.6854	0.499
			-0.0979	0.854	-0.511
			0.3227	-0.9395	0.1147
			-0.0969	-0.5711	0.8151
			-0.2941	0.1727	0.94
			0.3446	0.4381	0.8303
			-0.8996	0.4069	0.1587
			-0.2683	-0.8016	0.5343
			-0.3446	-0.4381	-0.8303
			0.8996	-0.4069	-0.1587
			0.2683	0.8016	-0.5343
		b:
			-146.4207
			206.2804
			-59.0821
			72.6332
			65.3835
			60.6141
			254.1276
			-229.0515
			-40.5474
			-248.1276
			237.0515
			47.5474
	==================================================================================
	Q4:
		Shape: Ellipse
		q_c:	318.0	48.0	159.5
		ub :	327.7222	61.7413	173.334
		lb :	308.2778	34.2587	145.666
		P^-1:
			0.0285	-0.0051	-0.0069
			-0.0051	0.014	0.0022
			-0.0069	0.0022	0.0153
	==================================================================================
	Q5:
		Shape: Polyhedra
		q_c:	300.5	37.0	154.0
		ub :	311.5823	46.5654	164.178
		lb :	289.4177	27.4346	143.822
		A:
			0.2658	-0.6857	0.6776
			-0.4611	-0.8873	-0.0079
			-0.1767	0.7068	0.685
			-0.1973	-0.5804	-0.79
			-0.0063	0.895	-0.4461
			0.9251	0.0318	0.3784
			0.7081	0.2501	0.6603
			0.636	-0.6321	-0.4427
			0.3066	0.7334	-0.6067
			-0.7081	-0.2501	-0.6603
			-0.636	0.6321	0.4427
			-0.3066	-0.7334	0.6067
		b:
			163.7706
			-167.5219
			86.5701
			-195.1667
			-32.9318
			344.2886
			330.2339
			108.0672
			29.345
			-317.2339
			-91.0672
			-22.345
	==================================================================================
	Q6:
		Shape: Hybrid
		q_c:	300.5	25.0	137.0
		ub :	307.1263	34.5792	146.7428
		lb :	293.8737	15.4208	127.2572
		P^-1:
			0.047	-0.005	-0.0055
			-0.005	0.0247	0.0012
			-0.0055	0.0012	0.025
		A:
			0.7599	-0.2389	0.6046
			-0.5319	0.36	-0.7665
			0.6361	-0.5673	-0.523
			0.3292	-0.903	0.2759
			0.8315	-0.5409	0.1263
			-0.6109	-0.0073	0.7917
		b:
			308.7217
			-251.8692
			108.2522
			118.0732
			256.445
			-72.0931


===========================================================================================
===========================================================================================
S11:
	q_c:	255.5	280.0	289.5
	ub :	274.9802	300.3057	310.0596
	lb :	240.3446	260.8626	274.9252

	==================================================================================
	Q1:
		Shape: Polyhedra
		q_c:	266.0	283.5	303.0
		ub :	274.9802	292.3593	310.0596
		lb :	257.0198	274.6407	295.9404
		A:
			-0.2418	-0.1692	-0.9555
			-0.9019	0.0547	0.4284
			0.8654	0.282	0.4142
			0.3093	-0.6256	0.7162
			-0.0225	-0.5735	0.8189
			-0.2601	-0.8375	-0.4806
			0.3402	0.2036	0.9181
			-0.738	-0.5473	0.3948
			0.5828	-0.8118	-0.0359
			-0.3402	-0.2036	-0.9181
			0.738	0.5473	-0.3948
			-0.5828	0.8118	0.0359
		b:
			-396.2976
			-89.3276
			440.8459
			127.7752
			84.8685
			-446.6007
			431.8772
			-227.3258
			-79.5031
			-420.8772
			236.3258
			92.5031
	==================================================================================
	Q2:
		Shape: Hybrid
		q_c:	264.5	268.5	288.5
		ub :	273.1019	276.1374	296.4672
		lb :	255.8981	260.8626	280.5328
		P^-1:
			0.0219	0.0007	0.006
			0.0007	0.0432	0.0143
			0.006	0.0143	0.0509
		A:
			-0.2445	0.5132	0.8227
			0.4195	-0.7849	0.4561
			0.0556	-0.9068	-0.418
			0.8589	0.3477	-0.3761
			-0.4639	-0.0068	-0.8859
			0.1154	0.9905	-0.0753
		b:
			313.0159
			35.3633
			-346.8938
			216.9196
			-377.3265
			277.9644
	==================================================================================
	Q3:
		Shape: Hybrid
		q_c:	248.5	292.5	295.0
		ub :	255.5036	300.3057	303.1318
		lb :	241.4964	284.6943	286.8682
		P^-1:
			0.0606	-0.0187	0.0206
			-0.0187	0.0566	0.0087
			0.0206	0.0087	0.0507
		A:
			0.5061	0.802	0.3173
			0.217	0.7931	0.5691
			0.934	0.0214	0.3565
			0.3325	-0.9268	0.1747
			-0.494	0.7245	-0.4808
			0.3082	0.273	0.9113
		b:
			456.9744
			456.1397
			345.8365
			-134.4604
			-50.3786
			427.6019
	==================================================================================
	Q4:
		Shape: Ellipse
		q_c:	254.0	276.0	284.0
		ub :	260.0501	285.2628	293.0748
		lb :	247.9499	266.7372	274.9252
		P^-1:
			0.0725	-0.0192	-0.0089
			-0.0192	0.0309	0.0045
			-0.0089	0.0045	0.0224
	==================================================================================
	Q5:
		Shape: Polyhedra
		q_c:	267.0	287.5	292.0
		ub :	271.1233	296.3689	300.247
		lb :	262.8767	278.6311	283.753
		A:
			0.2891	0.6288	-0.7219
			0.9865	-0.1604	-0.0319
			-0.8435	0.476	-0.2487
			0.7915	0.3842	-0.4753
			0.8516	0.1327	-0.5071
			0.9718	-0.2297	-0.0535
			0.2027	0.7498	0.6299
			0.9238	0.0669	-0.3769
			-0.3247	0.6583	-0.6791
			-0.2027	-0.7498	-0.6299
			-0.9238	-0.0669	0.3769
			0.3247	-0.6583	0.6791
		b:
			49.5023
			209.7681
			-158.8527
			185.1588
			119.069
			179.5293
			463.1069
			157.3331
			-93.2396
			-444.1069
			-154.3331
			98.2396
	==================================================================================
	Q6:
		Shape: Ellipse
		q_c:	246.0	281.5	296.5
		ub :	251.6554	287.2927	304.0705
		lb :	240.3446	275.7073	288.9295
		P^-1:
			0.1434	-0.0876	0.0018
			-0.0876	0.1728	0.035
			0.0018	0.035	0.0391


===========================================================================================
===========================================================================================
S12:
	q_c:	416.0	191.0	348.0
	ub :	435.4956	204.1189	370.6563
	lb :	393.1092	177.4738	325.6645

	==================================================================================
	Q1:
		Shape: Polyhedra
		q_c:	420.5	193.5	344.0
		ub :	428.7429	201.6439	353.402
		lb :	412.2571	185.3561	334.598
		A:
			-0.9562	-0.1758	-0.2339
			0.6602	0.1637	-0.7331
			-0.0599	0.8867	0.4585
			0.4484	-0.3347	-0.8288
			0.6933	-0.4695	0.5467
			-0.941	-0.2781	0.1927
			0.2285	0.8151	0.5324
			0.8414	0.1098	-0.5292
			-0.4898	0.5688	-0.6607
			-0.2285	-0.8151	-0.5324
			-0.8414	-0.1098	0.5292
			0.4898	-0.5688	0.6607
		b:
			-511.2652
			61.7861
			308.7687
			-156.7746
			395.6288
			-378.6231
			441.4362
			197.4993
			-316.1664
			-432.4362
			-188.4993
			330.1664
	==================================================================================
	Q2:
		Shape: Hybrid
		q_c:	425.0	184.0	349.0
		ub :	435.4956	190.5262	360.1936
		lb :	414.5044	177.4738	337.8064
		P^-1:
			0.03	-0.0019	0.014
			-0.0019	0.0396	0.0027
			0.014	0.0027	0.0203
		A:
			-0.2319	0.967	-0.1058
			0.047	0.1102	0.9928
			-0.1901	0.8136	-0.5494
			-0.9068	0.3929	0.1527
			0.4723	0.0964	0.8761
			0.417	-0.8644	0.281
		b:
			44.9749
			392.5299
			-119.1159
			-255.0719
			527.9652
			118.8038
	==================================================================================
	Q3:
		Shape: Hybrid
		q_c:	406.5	194.5	335.0
		ub :	416.8997	204.1189	344.3355
		lb :	396.1003	184.8811	325.6645
		P^-1:
			0.0256	0.0027	-0.0036
			0.0027	0.022	-0.003
			-0.0036	-0.003	0.0295
		A:
			0.3116	-0.9457	-0.0931
			-0.5099	-0.0066	-0.8602
			-0.9152	-0.0377	0.4013
			-0.8474	0.2639	-0.4607
			0.0942	-0.4379	-0.8941
			0.5441	-0.1951	0.816
		b:
			-84.2109
			-493.1402
			-241.6784
			-443.5993
			-342.8083
			460.2054
	==================================================================================
	Q4:
		Shape: Hybrid
		q_c:	409.0	194.5	364.5
		ub :	416.5046	201.6724	370.6563
		lb :	401.4954	187.3276	358.3437
		P^-1:
			0.044	0.0175	0.0004
			0.0175	0.0649	-0.0109
			0.0004	-0.0109	0.0683
		A:
			0.3753	0.176	0.91
			0.5955	-0.7877	0.158
			-0.4646	-0.5855	-0.6643
			0.3608	-0.0853	-0.9287
			0.334	-0.4153	0.8462
			-0.4113	-0.3228	0.8524
		b:
			521.665
			151.3075
			-543.8175
			-204.998
			366.4945
			81.7864
	==================================================================================
	Q5:
		Shape: Hybrid
		q_c:	429.5	192.0	339.0
		ub :	435.2211	197.6583	342.8528
		lb :	423.7789	186.3417	335.1472
		P^-1:
			0.1378	0.0017	0.1519
			0.0017	0.0625	0.0034
			0.1519	0.0034	0.3691
		A:
			-0.2566	0.8285	0.4978
			-0.3767	0.8123	0.4452
			0.616	0.3115	0.7235
			-0.2589	0.2803	-0.9243
			0.5245	0.207	0.8259
			-0.4566	0.4883	-0.7437
		b:
			220.6637
			148.2443
			570.9715
			-369.5313
			545.9401
			-352.7958
	==================================================================================
	Q6:
		Shape: Hybrid
		q_c:	404.0	192.0	344.0
		ub :	414.8908	199.492	354.8016
		lb :	393.1092	184.508	333.1984
		P^-1:
			0.0201	-0.0128	0.0039
			-0.0128	0.0902	-0.0371
			0.0039	-0.0371	0.0368
		A:
			-0.2293	-0.1523	-0.9614
			0.0971	0.9931	-0.0664
			0.4958	-0.626	0.6019
			0.9646	0.262	0.0307
			0.448	-0.6908	-0.5675
			0.1453	-0.8894	0.4334
		b:
			-446.7138
			210.0522
			290.1271
			456.6464
			-141.7415
			38.5404


===========================================================================================
===========================================================================================
S13:
	q_c:	370.0	57.5	140.0
	ub :	381.5614	69.1636	153.8215
	lb :	357.8075	48.2019	136.7974

	==================================================================================
	Q1:
		Shape: Ellipse
		q_c:	374.0	60.5	149.5
		ub :	378.4914	65.3678	153.8215
		lb :	369.5086	55.6322	145.1785
		P^-1:
			0.1308	0.0181	-0.0158
			0.0181	0.1277	-0.0144
			-0.0158	-0.0144	0.1237
