3D_50_15_6_c                l = 3

===========================================================================================
===========================================================================================
S1:
	q_c:    110.0000    422.0000    295.5000
	ub :    121.0000    437.0000    314.0000
	lb :    99.0000    407.0000    277.0000

	==================================================================================
	Q1:
		Shape: Hybrid
		q_c:    103.0000    423.5000    285.5000
		ub :    109.2362    430.0750    291.7000
		lb :    96.7638    416.9250    279.3000
		P^-1: 
			    0.0668    -0.0196    -0.0079
			    -0.0196    0.0763    -0.0264
			    -0.0079    -0.0264    0.0897
		A:
			    0.8659    -0.3612    0.3460
			    0.8079    -0.4220    0.4114
			    -0.8484    0.2599    -0.4611
			    0.6173    -0.5448    0.5675
			    -0.5169    0.5400    0.6642
			    0.1445    -0.8765    -0.4593
		b:
			    37.1676
			    23.9887
			    -106.6151
			    -3.3497
			    367.2809
			    -484.6587
	==================================================================================
	Q2:
		Shape: Hybrid
		q_c:    106.0000    428.5000    298.0000
		ub :    110.1516    432.7498    302.7329
		lb :    101.8484    424.2502    293.2671
		P^-1: 
			    0.1876    0.0517    0.0602
			    0.0517    0.1712    -0.0038
			    0.0602    -0.0038    0.1328
		A:
			    -0.2244    -0.9335    -0.2799
			    0.5870    0.2898    0.7559
			    -0.2554    0.9655    -0.0515
			    -0.7286    -0.6847    0.0144
			    -0.3128    0.9187    0.2411
			    0.8888    -0.3924    0.2370
		b:
			    -505.7090
			    412.9166
			    373.0054
			    -365.2125
			    434.3614
			    -1.6617
	==================================================================================
	Q3:
		Shape: Hybrid
		q_c:    115.5000    424.0000    285.0000
		ub :    121.2867    429.2006    290.1795
		lb :    109.7133    418.7994    279.8205
		P^-1: 
			    0.1012    -0.0542    0.0054
			    -0.0542    0.1076    -0.0100
			    0.0054    -0.0100    0.0631
		A:
			    -0.5199    0.3243    0.7903
			    0.0545    -0.6068    -0.7930
			    0.1436    -0.9053    -0.3999
			    -0.9214    0.2626    0.2864
			    0.4631    -0.6449    0.6080
			    -0.5873    0.7555    -0.2903
		b:
			    305.0982
			    -474.2668
			    -478.8926
			    88.5662
			    -44.9283
			    171.1121
	==================================================================================
	Q4:
		Shape: Ellipse
		q_c:    106.0000    425.5000    288.0000
		ub :    110.4458    430.0047    293.2985
		lb :    101.5542    420.9953    282.7015
		P^-1: 
			    0.3001    -0.1695    -0.0629
			    -0.1695    0.2077    0.0386
			    -0.0629    0.0386    0.0807
	==================================================================================
	Q5:
		Shape: Hybrid
		q_c:    104.0000    423.0000    293.5000
		ub :    109.4825    430.7528    301.3020
		lb :    98.5175    415.2472    285.6980
		P^-1: 
			    0.2003    0.0123    -0.0901
			    0.0123    0.0369    -0.0133
			    -0.0901    -0.0133    0.0807
		A:
			    -0.5756    0.6035    -0.5518
			    -0.9737    -0.0975    0.2058
			    0.9988    -0.0223    0.0447
			    0.7322    0.0422    -0.6798
			    0.6973    -0.4203    -0.5806
			    -0.7036    -0.0106    0.7106
		b:
			    37.4482
			    -80.6355
			    109.8821
			    -104.0902
			    -273.2321
			    132.4973
	==================================================================================
	Q6:
		Shape: Hybrid
		q_c:    119.5000    423.5000    294.5000
		ub :    124.8645    429.6112    299.9477
		lb :    114.1355    417.3888    289.0523
		P^-1: 
			    0.0668    0.0073    0.0033
			    0.0073    0.0781    -0.0016
			    0.0033    -0.0016    0.0809
		A:
			    -0.1170    0.6388    0.7604
			    -0.6345    0.5957    0.4925
			    -0.9019    0.1826    -0.3914
			    0.7069    0.1239    -0.6964
			    -0.6588    -0.7039    0.2657
			    0.4244    -0.0662    0.9030
		b:
			    482.3991
			    323.6555
			    -143.6525
			    -66.1356
			    -296.7524
			    290.3847


===========================================================================================
===========================================================================================
S2:
	q_c:    60.0000    281.5000    441.5000
	ub :    84.0000    304.0000    457.0000
	lb :    36.0000    259.0000    426.0000

	==================================================================================
	Q1:
		Shape: Ellipse
		q_c:    68.0000    265.5000    448.0000
		ub :    75.5463    273.9412    454.6469
		lb :    60.4537    257.0588    441.3531
		P^-1: 
			    0.0426    -0.0035    -0.0128
			    -0.0035    0.0440    0.0222
			    -0.0128    0.0222    0.0628
	==================================================================================
	Q2:
		Shape: Ellipse
		q_c:    73.0000    288.5000    440.0000
		ub :    83.2156    298.7735    447.9357
		lb :    62.7844    278.2265    432.0643
		P^-1: 
			    0.0241    0.0062    0.0073
			    0.0062    0.0320    0.0165
			    0.0073    0.0165    0.0505
	==================================================================================
	Q3:
		Shape: Hybrid
		q_c:    59.0000    293.0000    452.5000
		ub :    65.1579    299.2035    459.5376
		lb :    52.8421    286.7965    445.4624
		P^-1: 
			    0.0890    0.0214    0.0243
			    0.0214    0.0590    0.0083
			    0.0243    0.0083    0.0525
		A:
			    0.9970    0.0550    -0.0540
			    0.7207    -0.1039    0.6854
			    0.6768    0.7230    -0.1383
			    -0.3483    -0.6855    0.6394
			    -0.3740    -0.7265    -0.5765
			    -0.4822    -0.7315    -0.4822
		b:
			    52.7324
			    324.3000
			    191.3955
			    70.9639
			    -493.6336
			    -458.9974
	==================================================================================
	Q4:
		Shape: Hybrid
		q_c:    74.0000    279.5000    440.5000
		ub :    80.8747    285.5439    449.1904
		lb :    67.1253    273.4561    431.8096
		P^-1: 
			    0.0937    0.0141    0.0326
			    0.0141    0.0437    0.0076
			    0.0326    0.0076    0.0294
		A:
			    -0.9762    -0.1997    -0.0850
			    -0.8707    -0.2510    0.4228
			    0.7268    -0.3473    0.5926
			    -0.9181    0.3851    -0.0939
			    -0.5982    -0.7429    0.3004
			    -0.5733    -0.6839    -0.4513
		b:
			    -163.2474
			    56.3766
			    220.5408
			    1.0106
			    -115.4817
			    -430.0292
	==================================================================================
	Q5:
		Shape: Ellipse
		q_c:    67.0000    271.5000    442.0000
		ub :    74.2083    279.5473    449.8209
		lb :    59.7917    263.4527    434.1791
		P^-1: 
			    0.0553    0.0073    -0.0097
			    0.0073    0.0366    -0.0005
			    -0.0097    -0.0005    0.0437
	==================================================================================
	Q6:
		Shape: Ellipse
		q_c:    66.5000    271.0000    443.5000
		ub :    76.0633    281.7595    452.1687
		lb :    56.9367    260.2405    434.8313
		P^-1: 
			    0.0423    -0.0004    -0.0265
			    -0.0004    0.0188    -0.0105
			    -0.0265    -0.0105    0.0621


===========================================================================================
===========================================================================================
S3:
	q_c:    289.0000    223.0000    465.5000
	ub :    300.0000    245.0000    490.0000
	lb :    278.0000    201.0000    441.0000

	==================================================================================
	Q1:
		Shape: Hybrid
		q_c:    285.5000    212.0000    474.0000
		ub :    290.7398    217.9185    479.0478
		lb :    280.2602    206.0815    468.9522
		P^-1: 
			    0.1332    -0.0365    0.0341
			    -0.0365    0.1101    0.0465
			    0.0341    0.0465    0.1166
		A:
			    -0.1722    -0.8946    -0.4125
			    0.1345    0.7857    -0.6039
			    -0.5262    -0.3666    -0.7673
			    -0.9827    0.1843    -0.0178
			    -0.9737    0.1597    0.1626
			    -0.5781    0.2868    -0.7639
		b:
			    -432.4833
			    -77.7641
			    -590.3889
			    -248.3032
			    -165.1220
			    -464.6258
	==================================================================================
	Q2:
		Shape: Polyhedra
		q_c:    283.5000    215.5000    470.5000
		ub :    286.6343    219.8176    474.4777
		lb :    280.3657    211.1824    466.5223
		A:
			    0.8052    -0.0177    0.5927
			    -0.9514    0.1623    -0.2616
			    -0.4465    0.1625    0.8799
			    -0.4663    0.6515    -0.5983
			    -0.0659    0.8718    -0.4854
			    0.1007    0.8386    -0.5353
			    0.0046    0.8843    0.4669
			    -0.0488    0.4665    -0.8832
			    -0.9988    -0.0187    0.0453
			    -0.0046    -0.8843    -0.4669
			    0.0488    -0.4665    0.8832
			    0.9988    0.0187    -0.0453
		b:
			    506.2236
			    -354.8999
			    325.3683
			    -270.6258
			    -56.3742
			    -39.8284
			    415.0324
			    -326.3154
			    -262.9027
			    -408.0324
			    331.3154
			    268.9027
	==================================================================================
	Q3:
		Shape: Ellipse
		q_c:    286.0000    225.0000    460.5000
		ub :    293.7520    232.2412    465.4173
		lb :    278.2480    217.7588    455.5827
		P^-1: 
			    0.0478    0.0184    0.0180
			    0.0184    0.0484    0.0015
			    0.0180    0.0015    0.1052
	==================================================================================
	Q4:
		Shape: Ellipse
		q_c:    290.5000    217.5000    473.5000
		ub :    295.3434    222.0950    478.0207
		lb :    285.6566    212.9050    468.9793
		P^-1: 
			    0.0744    0.0095    0.0303
			    0.0095    0.0858    0.0164
			    0.0303    0.0164    0.1440
	==================================================================================
	Q5:
		Shape: Polyhedra
		q_c:    294.5000    218.5000    460.5000
		ub :    299.3710    223.9996    466.4541
		lb :    289.6290    213.0004    454.5459
		A:
			    0.8638    -0.1720    -0.4735
			    0.9126    -0.1454    0.3821
			    0.4339    -0.6476    -0.6263
			    0.7725    -0.4831    -0.4122
			    0.8516    -0.1366    0.5060
			    -0.7782    0.6008    -0.1827
			    0.2467    0.6356    0.7315
			    -0.5334    0.7193    -0.4451
			    -0.8091    -0.2803    0.5165
			    -0.2467    -0.6356    -0.7315
			    0.5334    -0.7193    0.4451
			    0.8091    0.2803    -0.5165
		b:
			    1.8064
			    415.9800
			    -298.2487
			    -64.6780
			    457.1462
			    -179.4611
			    552.9077
			    -202.3808
			    -58.6896
			    -543.9077
			    207.3808
			    64.6896
	==================================================================================
	Q6:
		Shape: Polyhedra
		q_c:    282.5000    218.5000    469.0000
		ub :    288.7550    225.1390    474.0317
		lb :    276.2450    211.8610    463.9683
		A:
			    0.6209    -0.5875    0.5189
			    0.5928    0.3465    0.7270
			    0.8638    -0.4947    -0.0956
			    0.3210    -0.6528    0.6861
			    -0.3151    -0.3316    0.8893
			    0.8922    -0.4416    -0.0944
			    0.2717    0.9623    0.0154
			    0.7034    -0.1876    -0.6855
			    -0.6568    0.1971    -0.7279
			    -0.2717    -0.9623    -0.0154
			    -0.7034    0.1876    0.6855
			    0.6568    -0.1971    0.7279
		b:
			    294.2752
			    588.2425
			    94.7454
			    274.0158
			    259.4816
			    114.8690
			    299.7297
			    -160.2884
			    -480.3510
			    -288.7297
			    167.2884
			    487.3510


===========================================================================================
===========================================================================================
S4:
	q_c:    150.5000    45.0000    208.5000
	ub :    163.0000    66.0000    233.0000
	lb :    138.0000    24.0000    184.0000

	==================================================================================
	Q1:
		Shape: Polyhedra
		q_c:    144.0000    49.5000    201.0000
		ub :    152.9786    58.6217    210.1821
		lb :    135.0214    40.3783    191.8179
		A:
			    -0.1972    0.9465    0.2555
			    -0.2186    -0.9689    -0.1158
			    0.1916    0.9698    -0.1512
			    0.2140    0.9736    -0.0797
			    0.1758    0.6270    -0.7589
			    -0.6511    0.4125    0.6370
			    0.6480    0.4387    0.6226
			    -0.6638    0.7261    0.1792
			    -0.3735    -0.5294    0.7617
			    -0.6480    -0.4387    -0.6226
			    0.6638    -0.7261    -0.1792
			    0.3735    0.5294    -0.7617
		b:
			    74.6552
			    -97.2344
			    50.9596
			    68.6685
			    -89.7746
			    59.8214
			    245.6725
			    -19.1256
			    79.6179
			    -234.6725
			    28.1256
			    -66.6179
	==================================================================================
	Q2:
		Shape: Ellipse
		q_c:    148.5000    49.0000    204.5000
		ub :    156.9124    58.8221    214.3594
		lb :    140.0876    39.1779    194.6406
		P^-1: 
			    0.0877    0.0166    0.0383
			    0.0166    0.0194    0.0091
			    0.0383    0.0091    0.0320
	==================================================================================
	Q3:
		Shape: Polyhedra
		q_c:    143.0000    56.0000    214.5000
		ub :    153.2464    66.9008    223.8494
		lb :    132.7536    45.0992    205.1506
		A:
			    -0.6180    -0.2070    -0.7584
			    -0.2696    -0.3773    -0.8860
			    -0.6698    0.1563    0.7259
			    -0.6406    -0.6521    0.4054
			    -0.0248    0.1279    0.9915
			    -0.1840    -0.9822    -0.0382
			    0.0114    0.4722    0.8814
			    -0.6087    0.7027    -0.3685
			    -0.7933    -0.5323    0.2954
			    -0.0114    -0.4722    -0.8814
			    0.6087    -0.7027    0.3685
			    0.7933    0.5323    -0.2954
		b:
			    -256.6442
			    -244.1381
			    75.8897
			    -32.3256
			    222.0270
			    -82.4004
			    222.6453
			    -121.7352
			    -70.8833
			    -211.6453
			    131.7352
			    88.8833
	==================================================================================
	Q4:
		Shape: Hybrid
		q_c:    149.0000    52.0000    217.0000
		ub :    157.3560    61.2308    224.2639
		lb :    140.6440    42.7692    209.7361
		P^-1: 
			    0.0689    -0.0119    -0.0588
			    -0.0119    0.0328    0.0282
			    -0.0588    0.0282    0.1117
		A:
			    0.8345    0.1294    0.5356
			    -0.7402    -0.6054    0.2925
			    0.2587    -0.4220    -0.8689
			    0.5951    -0.7494    -0.2902
			    0.2056    -0.6968    -0.6871
			    0.8082    -0.0729    -0.5844
		b:
			    252.0315
			    -74.4884
			    -170.1799
			    -9.4545
			    -152.0659
			    -8.3061
	==================================================================================
	Q5:
		Shape: Polyhedra
		q_c:    158.0000    35.0000    202.0000
		ub :    170.3110    46.6798    213.5391
		lb :    145.6890    23.3202    190.4609
		A:
			    -0.0994    0.3319    -0.9381
			    0.8482    0.1944    -0.4927
			    0.0410    0.1964    -0.9797
			    -0.0149    -0.9488    -0.3154
			    -0.8825    -0.3511    -0.3128
			    -0.9467    0.3185    -0.0477
			    0.5480    0.1163    0.8283
			    -0.7070    0.5937    0.3844
			    -0.4471    -0.7963    0.4076
			    -0.5480    -0.1163    -0.8283
			    0.7070    -0.5937    -0.3844
			    0.4471    0.7963    -0.4076
		b:
			    -186.2846
			    49.1312
			    -177.2834
			    -91.7054
			    -207.7235
			    -141.1672
			    264.4824
			    -6.2805
			    -7.6769
			    -251.4824
			    20.2805
			    24.6769
	==================================================================================
	Q6:
		Shape: Hybrid
		q_c:    161.5000    36.0000    219.0000
		ub :    167.1593    41.9131    223.1607
		lb :    155.8407    30.0869    214.8393
		P^-1: 
			    0.1447    0.0917    0.0460
			    0.0917    0.1204    0.0383
			    0.0460    0.0383    0.1065
		A:
			    0.4446    -0.1521    0.8827
			    0.4807    0.8742    -0.0686
			    -0.1902    -0.0143    -0.9816
			    -0.8977    -0.4239    0.1200
			    0.1836    -0.3333    0.9248
			    -0.3840    -0.9207    -0.0698
		b:
			    262.0406
			    95.8723
			    -244.0283
			    -132.2053
			    222.7908
			    -108.5158


===========================================================================================
===========================================================================================
S5:
	q_c:    251.0000    171.0000    339.5000
	ub :    277.0000    191.0000    353.0000
	lb :    225.0000    151.0000    326.0000

	==================================================================================
	Q1:
		Shape: Hybrid
		q_c:    262.5000    163.0000    344.5000
		ub :    270.6042    169.1925    353.1955
		lb :    254.3958    156.8075    335.8045
		P^-1: 
			    0.0293    0.0014    0.0021
			    0.0014    0.0597    -0.0088
			    0.0021    -0.0088    0.0342
		A:
			    -0.2126    -0.9608    0.1781
			    0.4532    -0.4910    -0.7440
			    -0.8120    -0.1995    -0.5484
			    0.0198    -0.5997    0.8000
			    0.5219    0.7567    -0.3937
			    0.1158    0.5954    -0.7951
		b:
			    -148.9483
			    -213.5924
			    -431.0516
			    185.6576
			    127.3387
			    -143.7600
	==================================================================================
	Q2:
		Shape: Hybrid
		q_c:    264.0000    169.5000    353.0000
		ub :    270.9231    178.6004    362.8683
		lb :    257.0769    160.3996    343.1317
		P^-1: 
			    0.0727    -0.0179    0.0119
			    -0.0179    0.0326    -0.0002
			    0.0119    -0.0002    0.0219
		A:
			    0.1973    -0.4918    -0.8481
			    -0.4423    0.8950    0.0574
			    -0.8185    0.4267    0.3847
			    -0.5271    -0.3815    -0.7594
			    0.1487    0.4202    -0.8952
			    -0.2969    0.9352    -0.1930
		b:
			    -325.8317
			    58.4411
			    -4.8427
			    -467.8875
			    -199.8561
			    15.7587
	==================================================================================
	Q3:
		Shape: Hybrid
		q_c:    265.0000    176.5000    332.0000
		ub :    271.6085    184.0955    339.7747
		lb :    258.3915    168.9045    324.2253
		P^-1: 
			    0.1774    -0.1650    -0.1212
			    -0.1650    0.1989    0.1212
			    -0.1212    0.1212    0.1216
		A:
			    -0.7755    0.4391    0.4537
			    0.4608    -0.6409    -0.6139
			    0.3293    -0.5954    -0.7328
			    0.1373    -0.1959    -0.9710
			    -0.3355    0.9128    -0.2330
			    -0.0701    -0.5870    0.8065
		b:
			    24.1202
			    -193.5956
			    -259.0446
			    -316.7936
			    -1.7118
			    150.3355
	==================================================================================
	Q4:
		Shape: Polyhedra
		q_c:    259.5000    179.0000    334.5000
		ub :    266.2861    185.9454    342.6595
		lb :    252.7139    172.0546    326.3405
		A:
			    -0.5295    0.6582    0.5352
			    -0.3827    0.4811    0.7888
			    -0.7474    -0.2962    -0.5947
			    -0.1024    -0.6323    0.7679
			    -0.2387    -0.9695    -0.0550
			    0.2935    0.7435    0.6009
			    0.9398    0.3251    0.1053
			    -0.0369    -0.2099    0.9770
			    0.3397    -0.9221    -0.1852
			    -0.9398    -0.3251    -0.1053
			    0.0369    0.2099    -0.9770
			    -0.3397    0.9221    0.1852
		b:
			    164.1251
			    256.2739
			    -440.0176
			    123.6554
			    -249.2879
			    415.4052
			    342.7992
			    286.6732
			    -134.8656
			    -331.7992
			    -272.6732
			    142.8656
	==================================================================================
	Q5:
		Shape: Ellipse
		q_c:    255.0000    174.0000    331.0000
		ub :    263.4122    183.5085    340.0026
		lb :    246.5878    164.4915    321.9974
		P^-1: 
			    0.0507    -0.0161    -0.0010
			    -0.0161    0.0333    0.0124
			    -0.0010    0.0124    0.0363
	==================================================================================
	Q6:
		Shape: Polyhedra
		q_c:    243.0000    171.0000    344.0000
		ub :    249.3710    176.9620    350.5121
		lb :    236.6290    165.0380    337.4879
		A:
			    -0.0603    -0.8289    -0.5562
			    0.1040    -0.9513    0.2903
			    0.5004    0.0424    -0.8647
			    -0.8790    -0.0504    -0.4741
			    0.2330    0.9693    0.0781
			    0.3017    0.9465    -0.1145
			    0.6884    0.3141    0.6538
			    -0.5326    0.8308    0.1617
			    -0.4923    -0.4595    0.7392
			    -0.6884    -0.3141    -0.6538
			    0.5326    -0.8308    -0.1617
			    0.4923    0.4595    -0.7392
		b:
			    -344.7209
			    -33.4618
			    -163.4692
			    -382.2606
			    253.0304
			    200.0794
			    448.8966
			    71.2508
			    61.5721
			    -442.8966
			    -65.2508
			    -50.5721


===========================================================================================
===========================================================================================
S6:
	q_c:    499.0000    373.0000    203.5000
	ub :    531.0000    395.0000    209.0000
	lb :    467.0000    351.0000    198.0000

	==================================================================================
	Q1:
		Shape: Ellipse
		q_c:    494.5000    376.5000    202.0000
		ub :    496.8027    379.0638    204.2507
		lb :    492.1973    373.9362    199.7493
		P^-1: 
			    0.4444    -0.0000    -0.0000
			    -0.0000    0.4444    -0.0000
			    -0.0000    -0.0000    0.4444
	==================================================================================
	Q2:
		Shape: Hybrid
		q_c:    505.0000    374.0000    207.0000
		ub :    508.5650    377.5711    209.8287
		lb :    501.4350    370.4289    204.1713
		P^-1: 
			    0.1838    0.0395    -0.0042
			    0.0395    0.2265    0.0025
			    -0.0042    0.0025    0.2497
		A:
			    0.3617    -0.4966    0.7891
			    -0.3210    -0.1795    -0.9299
			    -0.7694    -0.0169    0.6386
			    0.3829    -0.7510    0.5380
			    -0.6587    0.4722    -0.5858
			    -0.5337    0.7297    0.4274
		b:
			    161.4651
			    -420.6808
			    -261.4865
			    25.1547
			    -275.9352
			    93.2409
	==================================================================================
	Q3:
		Shape: Ellipse
		q_c:    501.0000    371.0000    200.0000
		ub :    505.4905    375.4455    203.3792
		lb :    496.5095    366.5545    196.6208
		P^-1: 
			    0.3519    0.0369    -0.4011
			    0.0369    0.1514    -0.1434
			    -0.4011    -0.1434    0.7192
	==================================================================================
	Q4:
		Shape: Ellipse
		q_c:    503.5000    377.5000    200.5000
		ub :    508.2780    382.9958    205.2563
		lb :    498.7220    372.0042    195.7437
		P^-1: 
			    0.2413    0.0371    0.1794
			    0.0371    0.0822    0.0537
			    0.1794    0.0537    0.2651
	==================================================================================
	Q5:
		Shape: Polyhedra
		q_c:    500.0000    372.5000    200.0000
		ub :    503.7183    378.1733    205.1897
		lb :    496.2817    366.8267    194.8103
		A:
			    -0.7638    0.1742    0.6215
			    0.5380    -0.8315    0.1387
			    0.7582    0.6303    0.1672
			    -0.8084    -0.5776    0.1133
			    -0.3728    0.9248    0.0757
			    0.5204    -0.7036    -0.4838
			    0.1789    0.8342    0.5216
			    0.1651    0.4972    -0.8518
			    -0.9699    0.2385    -0.0488
			    -0.1789    -0.8342    -0.5216
			    -0.1651    -0.4972    0.8518
			    0.9699    -0.2385    0.0488
		b:
			    -189.6910
			    -9.8040
			    650.7909
			    -593.3912
			    176.7199
			    -95.1959
			    508.5130
			    100.9109
			    -403.3744
			    -500.5130
			    -93.9109
			    408.3744
	==================================================================================
	Q6:
		Shape: Polyhedra
		q_c:    495.5000    372.0000    210.5000
		ub :    498.4581    375.9851    213.6699
		lb :    492.5419    368.0149    207.3301
		A:
			    0.6509    -0.6193    -0.4392
			    0.4903    0.0498    -0.8701
			    -0.9720    -0.1714    0.1609
			    -0.7555    0.3115    -0.5764
			    -0.0323    0.4457    -0.8946
			    -0.0905    0.3935    -0.9149
			    0.2655    0.9635    0.0347
			    0.9635    -0.2665    0.0256
			    0.0339    0.0267    -0.9991
			    -0.2655    -0.9635    -0.0347
			    -0.9635    0.2665    -0.0256
			    -0.0339    -0.0267    0.9991
		b:
			    2.2427
			    81.1378
			    -509.1323
			    -377.3997
			    -35.4525
			    -88.0043
			    500.8025
			    385.6648
			    -180.5919
			    -493.8025
			    -381.6648
			    186.5919


===========================================================================================
===========================================================================================
S7:
	q_c:    80.0000    409.0000    113.5000
	ub :    89.0000    433.0000    127.0000
	lb :    71.0000    385.0000    100.0000

	==================================================================================
	Q1:
		Shape: Ellipse
		q_c:    77.5000    415.5000    118.5000
		ub :    81.9670    420.0022    123.3464
		lb :    73.0330    410.9978    113.6536
		P^-1: 
			    0.1638    0.1514    0.0739
			    0.1514    0.2955    0.1012
			    0.0739    0.1012    0.1293
	==================================================================================
	Q2:
		Shape: Polyhedra
		q_c:    74.0000    404.0000    113.5000
		ub :    80.7286    410.6900    119.5620
		lb :    67.2714    397.3100    107.4380
		A:
			    -0.3917    -0.9105    0.1325
			    0.5777    -0.2310    0.7829
			    -0.4244    0.5466    -0.7219
			    0.3685    -0.8508    -0.3747
			    -0.7273    -0.6520    0.2141
			    0.3829    0.9006    -0.2059
			    0.5165    0.3335    0.7887
			    0.2858    0.8011    -0.5259
			    -0.8072    0.4970    0.3185
			    -0.5165    -0.3335    -0.7887
			    -0.2858    -0.8011    0.5259
			    0.8072    -0.4970    -0.3185
		b:
			    -377.9278
			    41.7610
			    111.3316
			    -354.3548
			    -288.9823
			    372.6993
			    265.4729
			    289.0908
			    182.2158
			    -259.4729
			    -281.0908
			    -172.2158
	==================================================================================
	Q3:
		Shape: Ellipse
		q_c:    75.0000    407.0000    111.0000
		ub :    80.1942    413.1257    116.8327
		lb :    69.8058    400.8743    105.1673
		P^-1: 
			    0.1028    0.0297    -0.0377
			    0.0297    0.0844    -0.0278
			    -0.0377    -0.0278    0.0978
	==================================================================================
	Q4:
		Shape: Ellipse
		q_c:    71.5000    413.5000    116.5000
		ub :    77.7735    418.8079    122.7527
		lb :    65.2265    408.1921    110.2473
		P^-1: 
			    0.0816    0.0159    -0.0264
			    0.0159    0.0572    -0.0130
			    -0.0264    -0.0130    0.0711
	==================================================================================
	Q5:
		Shape: Hybrid
		q_c:    87.0000    413.0000    113.0000
		ub :    91.7316    418.3311    117.9336
		lb :    82.2684    407.6689    108.0664
		P^-1: 
			    0.1901    -0.0770    -0.0263
			    -0.0770    0.1039    0.0421
			    -0.0263    0.0421    0.1166
		A:
			    0.6960    -0.1873    -0.6931
			    -0.7908    0.6086    0.0654
			    0.4787    -0.5989    0.6420
			    0.6141    -0.7312    -0.2969
			    0.7615    -0.4322    0.4831
			    -0.0674    0.7251    0.6853
		b:
			    -93.5117
			    191.0939
			    -130.8095
			    -280.8395
			    -55.9180
			    372.9117
	==================================================================================
	Q6:
		Shape: Ellipse
		q_c:    85.0000    419.0000    124.0000
		ub :    88.0627    423.7272    128.6395
		lb :    81.9373    414.2728    119.3605
		P^-1: 
			    0.1671    0.0151    0.0193
			    0.0151    0.1500    0.0901
			    0.0193    0.0901    0.1554


===========================================================================================
===========================================================================================
S8:
	q_c:    433.5000    95.5000    135.5000
	ub :    459.0000    115.0000    160.0000
	lb :    408.0000    76.0000    111.0000

	==================================================================================
	Q1:
		Shape: Ellipse
		q_c:    438.0000    84.0000    126.0000
		ub :    448.4455    92.8383    136.9375
		lb :    427.5545    75.1617    115.0625
		P^-1: 
			    0.0213    -0.0001    -0.0029
			    -0.0001    0.0178    0.0001
			    -0.0029    0.0001    0.0201
	==================================================================================
	Q2:
		Shape: Ellipse
		q_c:    453.0000    106.5000    139.5000
		ub :    465.9694    118.1468    152.5745
		lb :    440.0306    94.8532    126.4255
		P^-1: 
			    0.0221    0.0012    -0.0073
			    0.0012    0.0213    -0.0045
			    -0.0073    -0.0045    0.0124
	==================================================================================
	Q3:
		Shape: Polyhedra
		q_c:    420.0000    115.5000    136.5000
		ub :    424.7539    126.3753    147.4797
		lb :    415.2461    104.6247    125.5203
		A:
			    -0.9401    -0.2003    0.2759
			    0.5037    -0.8116    -0.2961
			    0.0600    -0.9882    0.1406
			    -0.7825    -0.6204    0.0530
			    -0.8662    -0.1959    -0.4597
			    0.7789    0.6270    0.0170
			    0.9861    0.1119    0.1229
			    -0.0183    -0.6620    0.7492
			    0.1652    -0.7411    -0.6508
			    -0.9861    -0.1119    -0.1229
			    0.0183    0.6620    -0.7492
			    -0.1652    0.7411    0.6508
		b:
			    -375.8179
			    84.1226
			    -62.1483
			    -387.9015
			    -444.9776
			    406.9238
			    447.3560
			    26.1246
			    -98.0514
			    -440.3560
			    -10.1246
			    112.0514
	==================================================================================
	Q4:
		Shape: Ellipse
		q_c:    443.5000    88.0000    135.0000
		ub :    454.8616    99.4768    144.2237
		lb :    432.1384    76.5232    125.7763
		P^-1: 
			    0.0134    -0.0033    -0.0001
			    -0.0033    0.0226    -0.0000
			    -0.0001    -0.0000    0.0237
	==================================================================================
	Q5:
		Shape: Hybrid
		q_c:    439.0000    81.0000    119.0000
		ub :    451.5385    98.0489    136.7754
		lb :    426.4615    63.9511    101.2246
		P^-1: 
			    0.0133    0.0002    0.0015
			    0.0002    0.0074    0.0014
			    0.0015    0.0014    0.0086
		A:
			    0.6996    0.0901    -0.7088
			    0.8437    0.5311    -0.0783
			    0.2455    0.6903    0.6806
			    -0.5490    -0.0218    0.8355
			    0.6228    -0.3789    0.6846
			    -0.8773    -0.0848    0.4723
		b:
			    236.6192
			    409.7614
			    250.5293
			    -136.5804
			    330.2552
			    -330.0285
	==================================================================================
	Q6:
		Shape: Hybrid
		q_c:    413.5000    90.0000    130.5000
		ub :    423.6589    100.0569    141.4350
		lb :    403.3411    79.9431    119.5650
		P^-1: 
			    0.0158    0.0015    0.0010
			    0.0015    0.0256    0.0047
			    0.0010    0.0047    0.0158
		A:
			    0.5330    0.3762    -0.7579
			    0.4668    0.7292    0.5004
			    -0.9197    0.1620    -0.3576
			    -0.8895    -0.2475    0.3841
			    -0.4046    0.8770    -0.2590
			    -0.5648    -0.0843    -0.8209
		b:
			    160.7448
			    327.2904
			    -407.3803
			    -334.8644
			    -117.8139
			    -343.4447


===========================================================================================
===========================================================================================
S9:
	q_c:    329.5000    258.0000    460.5000
	ub :    359.0000    281.0000    490.0000
	lb :    300.0000    235.0000    431.0000

	==================================================================================
	Q1:
		Shape: Ellipse
		q_c:    323.0000    273.5000    456.5000
		ub :    332.4773    287.8190    466.6563
		lb :    313.5227    259.1810    446.3437
		P^-1: 
			    0.0859    0.0009    -0.0630
			    0.0009    0.0177    -0.0246
			    -0.0630    -0.0246    0.1019
	==================================================================================
	Q2:
		Shape: Polyhedra
		q_c:    345.5000    237.5000    463.0000
		ub :    358.3773    252.5508    479.1557
		lb :    332.6227    222.4492    446.8443
		A:
			    0.5785    0.4960    -0.6476
			    -0.4370    -0.3612    0.8237
			    0.1203    0.7134    -0.6903
			    0.1524    0.3466    -0.9255
			    0.8859    0.3421    -0.3133
			    0.9261    -0.0381    -0.3753
			    0.4410    0.6273    0.6418
			    0.8678    -0.1154    -0.4834
			    -0.2292    0.7701    -0.5953
			    -0.4410    -0.6273    -0.6418
			    -0.8678    0.1154    0.4834
			    0.2292    -0.7701    0.5953
		b:
			    24.1359
			    150.7770
			    -102.2101
			    -286.0390
			    250.2187
			    143.0000
			    613.5344
			    54.0766
			    -165.3789
			    -583.5344
			    -43.0766
			    178.3789
	==================================================================================
	Q3:
		Shape: Hybrid
		q_c:    347.5000    234.5000    466.5000
		ub :    355.2832    244.9160    477.5976
		lb :    339.7168    224.0840    455.4024
		P^-1: 
			    0.0376    0.0006    0.0068
			    0.0006    0.0160    0.0010
			    0.0068    0.0010    0.0198
		A:
			    -0.7503    0.5231    0.4043
			    0.1264    0.7695    0.6259
			    0.9299    0.0421    -0.3653
			    0.9959    0.0702    0.0571
			    0.7475    -0.6592    0.0815
			    -0.8124    0.2785    0.5123
		b:
			    54.8934
			    521.2714
			    166.3283
			    391.9040
			    147.2587
			    26.2201
	==================================================================================
	Q4:
		Shape: Hybrid
		q_c:    316.0000    250.5000    479.5000
		ub :    331.1013    266.3161    493.0895
		lb :    300.8987    234.6839    465.9105
		P^-1: 
			    0.0158    -0.0046    0.0021
			    -0.0046    0.0081    -0.0032
			    0.0021    -0.0032    0.0159
		A:
			    0.7128    -0.6966    0.0819
			    -0.7812    -0.4677    0.4135
			    0.0051    0.0758    0.9971
			    0.7886    -0.5698    0.2311
			    0.5587    0.1871    0.8080
			    0.8774    -0.3042    -0.3711
		b:
			    94.9053
			    -158.5284
			    503.7670
			    221.2822
			    616.8411
			    27.7731
	==================================================================================
	Q5:
		Shape: Ellipse
		q_c:    326.0000    272.5000    468.0000
		ub :    344.3765    286.9695    485.0113
		lb :    307.6235    258.0305    450.9887
		P^-1: 
			    0.0086    0.0028    0.0001
			    0.0028    0.0116    -0.0020
			    0.0001    -0.0020    0.0091
	==================================================================================
	Q6:
		Shape: Ellipse
		q_c:    336.5000    253.5000    451.0000
		ub :    351.2423    267.5459    464.7345
		lb :    321.7577    239.4541    437.2655
		P^-1: 
			    0.0144    0.0012    -0.0028
			    0.0012    0.0117    -0.0004
			    -0.0028    -0.0004    0.0151


===========================================================================================
===========================================================================================
S10:
	q_c:    254.0000    438.0000    254.5000
	ub :    265.0000    448.0000    273.0000
	lb :    243.0000    428.0000    236.0000

	==================================================================================
	Q1:
		Shape: Ellipse
		q_c:    246.5000    443.0000    266.0000
		ub :    252.2221    450.5060    269.9959
		lb :    240.7779    435.4940    262.0041
		P^-1: 
			    0.1007    -0.0329    0.0062
			    -0.0329    0.0399    -0.0194
			    0.0062    -0.0194    0.1542
	==================================================================================
	Q2:
		Shape: Hybrid
		q_c:    249.0000    445.0000    251.0000
		ub :    255.2219    448.9705    257.5136
		lb :    242.7781    441.0295    244.4864
		P^-1: 
			    0.1152    0.0628    0.0554
			    0.0628    0.2055    0.0227
			    0.0554    0.0227    0.0736
		A:
			    0.1737    0.9464    0.2723
			    0.0479    -0.6301    0.7751
			    -0.4202    -0.8536    -0.3079
			    -0.1244    0.9176    0.3775
			    0.7184    0.6779    0.1560
			    0.5545    0.2146    0.8040
		b:
			    534.1086
			    -71.1868
			    -560.7175
			    474.4120
			    521.0785
			    437.3394
	==================================================================================
	Q3:
		Shape: Ellipse
		q_c:    243.0000    437.0000    261.0000
		ub :    249.1275    444.6377    267.6855
		lb :    236.8725    429.3623    254.3145
		P^-1: 
			    0.0839    0.0403    0.0040
			    0.0403    0.0507    0.0023
			    0.0040    0.0023    0.0280
	==================================================================================
	Q4:
		Shape: Ellipse
		q_c:    260.0000    445.5000    255.5000
		ub :    265.9786    451.3321    259.9357
		lb :    254.0214    439.6679    251.0643
		P^-1: 
			    0.0758    -0.0057    0.0136
			    -0.0057    0.0762    0.0115
			    0.0136    0.0115    0.1033
	==================================================================================
	Q5:
		Shape: Polyhedra
		q_c:    253.5000    434.0000    263.5000
		ub :    258.4444    439.9537    269.3710
		lb :    248.5556    428.0463    257.6290
		A:
			    0.6829    -0.6700    -0.2911
			    -0.7132    -0.1413    0.6865
			    0.6056    0.6043    -0.5177
			    -0.5075    0.6837    0.5244
			    -0.9865    -0.0591    -0.1527
			    -0.8002    0.4136    0.4343
			    0.3719    0.9210    0.1160
			    0.8773    -0.3079    -0.3680
			    -0.3032    0.2387    -0.9225
			    -0.3719    -0.9210    -0.1160
			    -0.8773    0.3079    0.3680
			    0.3032    -0.2387    0.9225
		b:
			    -191.7688
			    -58.0925
			    283.4679
			    309.1738
			    -312.6556
			    93.1701
			    529.0629
			    -6.1980
			    -211.3725
			    -520.0629
			    10.1980
			    221.3725
	==================================================================================
	Q6:
		Shape: Ellipse
		q_c:    261.5000    432.0000    262.0000
		ub :    267.9272    439.3183    268.8684
		lb :    255.0728    424.6817    255.1316
		P^-1: 
			    0.0494    0.0004    -0.0007
			    0.0004    0.0536    -0.0061
			    -0.0007    -0.0061    0.0583


===========================================================================================
===========================================================================================
S11:
	q_c:    110.5000    257.5000    247.0000
	ub :    128.0000    264.0000    273.0000
	lb :    93.0000    251.0000    221.0000

	==================================================================================
	Q1:
		Shape: Polyhedra
		q_c:    106.0000    252.0000    243.5000
		ub :    108.8906    259.0805    250.6932
		lb :    103.1094    244.9195    236.3068
		A:
			    -0.8159    -0.2530    0.5199
			    -0.8858    -0.2860    0.3654
			    0.3920    0.0519    -0.9185
			    -0.9568    -0.2735    -0.0984
			    0.7399    -0.6091    -0.2856
			    0.8200    0.3808    -0.4272
			    0.9984    0.0016    0.0557
			    -0.0386    -0.7013    0.7118
			    0.0402    -0.7128    -0.7002
			    -0.9984    -0.0016    -0.0557
			    0.0386    0.7013    -0.7118
			    -0.0402    0.7128    0.7002
		b:
			    -20.1667
			    -73.8445
			    -164.2792
			    -191.5089
			    -140.4254
			    82.2447
			    122.2885
			    -3.0026
			    -340.3709
			    -117.2885
			    12.0026
			    351.3709
	==================================================================================
	Q2:
		Shape: Polyhedra
		q_c:    111.5000    252.5000    251.5000
		ub :    114.1552    255.1815    255.4344
		lb :    108.8448    249.8185    247.5656
		A:
			    0.1000    0.9514    0.2914
			    0.6165    0.7482    -0.2452
			    0.5389    0.7702    -0.3411
			    0.5167    0.7980    -0.3101
			    -0.9257    -0.0620    -0.3731
			    -0.9293    -0.3691    -0.0101
			    0.7838    0.6175    0.0660
			    0.5885    -0.7724    0.2388
			    0.1984    -0.1483    -0.9688
			    -0.7838    -0.6175    -0.0660
			    -0.5885    0.7724    -0.2388
			    -0.1984    0.1483    0.9688
		b:
			    326.6312
			    197.3770
			    170.3743
			    182.6473
			    -211.1521
			    -198.2005
			    260.9073
			    -67.3692
			    -255.4920
			    -258.9073
			    71.3692
			    262.4920
	==================================================================================
	Q3:
		Shape: Polyhedra
		q_c:    113.5000    260.0000    252.0000
		ub :    118.9228    266.0350    257.8847
		lb :    108.0772    253.9650    246.1153
		A:
