3D_50_6_6_a                l = 3

===========================================================================================
===========================================================================================
S1:
	q_c:	338.5	125.5	464.5
	ub :	345.4099	132.6871	470.9144
	lb :	332.9688	123.5497	459.2685

	==================================================================================
	Q1:
		Shape: Hybrid
		q_c:	337.5	129.0	465.0
		ub :	340.1567	131.7838	467.8275
		lb :	334.8433	126.2162	462.1725
		P^-1:
			0.3545	-0.0594	-0.0767
			-0.0594	0.4053	-0.0506
			-0.0767	-0.0506	0.3791
		A:
			-0.1556	0.5352	0.8303
			-0.5792	0.8059	0.1222
			-0.136	0.0787	0.9876
			0.2393	0.9587	-0.154
			-0.8951	0.107	-0.4328
			-0.4981	-0.314	0.8083
		b:
			403.5777
			-33.9438
			424.3748
			133.7319
			-488.4355
			167.9904
	==================================================================================
	Q2:
		Shape: Hybrid
		q_c:	341.5	129.0	463.0
		ub :	345.4099	132.6871	466.2942
		lb :	337.5901	125.3129	459.7058
		P^-1:
			0.1742	0.0117	0.0306
			0.0117	0.1697	0.0253
			0.0306	0.0253	0.2261
		A:
			0.4511	-0.3771	0.8089
			-0.7601	0.5696	0.3127
			-0.0187	-0.3389	0.9406
			0.1841	0.7603	0.6229
			0.1018	-0.8327	0.5444
			-0.349	-0.0417	0.9362
		b:
			481.1466
			-39.8181
			386.7118
			450.4903
			180.8601
			310.1979
	==================================================================================
	Q3:
		Shape: Hybrid
		q_c:	335.0	128.0	469.0
		ub :	337.0054	130.83	470.6665
		lb :	332.9946	125.17	467.3335
		P^-1:
			2.5994	0.749	-1.605
			0.749	0.3917	-0.4667
			-1.605	-0.4667	1.6133
		A:
			-0.6704	0.5509	-0.497
			-0.7808	0.5813	-0.2292
			0.6818	0.5874	-0.4359
			0.8298	0.0048	0.558
			0.7822	0.3006	-0.5458
			0.3849	0.122	-0.9149
		b:
			-385.2871
			-292.7523
			99.9386
			541.6149
			44.8123
			-283.8691
	==================================================================================
	Q4:
		Shape: Ellipse
		q_c:	335.5	128.5	467.5
		ub :	338.0312	131.9061	470.9144
		lb :	332.9688	125.0939	464.0856
		P^-1:
			0.4462	0.2375	-0.2315
			0.2375	0.5047	-0.3411
			-0.2315	-0.3411	0.4102
	==================================================================================
	Q5:
		Shape: Polyhedra
		q_c:	341.5	127.5	462.5
		ub :	343.4922	129.6366	464.7838
		lb :	339.5078	125.3634	460.2162
		A:
			-0.151	-0.9831	0.1039
			0.4091	-0.7753	0.4812
			-0.4016	-0.5776	0.7107
			0.9434	-0.049	-0.3281
			-0.2456	-0.9666	0.0735
			-0.4962	-0.1199	0.8599
			0.332	0.4327	0.8382
			0.6026	0.5864	-0.5413
			-0.7258	0.6848	-0.0661
			-0.332	-0.4327	-0.8382
			-0.6026	-0.5864	0.5413
			0.7258	-0.6848	0.0661
		b:
			-127.6803
			264.4745
			118.9545
			165.1546
			-171.897
			214.3013
			558.1994
			31.1714
			-190.0933
			-554.1994
			-29.1714
			192.0933
	==================================================================================
	Q6:
		Shape: Hybrid
		q_c:	341.0	126.0	461.5
		ub :	342.8924	128.4503	463.7315
		lb :	339.1076	123.5497	459.2685
		P^-1:
			2.0015	-0.9847	-1.4794
			-0.9847	1.0226	1.0251
			-1.4794	1.0251	1.6704
		A:
			-0.8884	-0.3591	0.286
			0.7441	-0.1925	-0.6397
			0.4047	-0.7695	-0.494
			-0.8086	0.3009	0.5056
			-0.8671	0.4842	-0.1165
			-0.4889	0.4182	0.7655
		b:
			-215.1932
			-65.3161
			-186.369
			-4.1807
			-287.3275
			239.6752


===========================================================================================
===========================================================================================
S2:
	q_c:	446.0	495.0	187.5
	ub :	474.1115	514.2776	222.9027
	lb :	424.0259	460.9846	152.5071

	==================================================================================
	Q1:
		Shape: Polyhedra
		q_c:	455.5	497.5	183.0
		ub :	466.6035	507.2134	192.7957
		lb :	444.3965	487.7866	173.2043
		A:
			-0.5543	-0.7139	-0.4279
			0.7916	0.4871	0.3689
			-0.6279	0.1964	0.7531
			-0.2472	0.526	0.8137
			0.667	-0.2345	0.7072
			-0.1277	0.727	0.6746
			0.4058	0.6335	0.6588
			0.6761	0.277	-0.6827
			-0.615	0.7225	-0.3159
			-0.4058	-0.6335	-0.6588
			-0.6761	-0.277	0.6827
			0.615	-0.7225	0.3159
		b:
			-681.9883
			675.1968
			-43.3356
			303.5021
			322.9975
			431.9258
			624.0447
			328.3385
			29.0051
			-617.0447
			-313.3385
			-14.0051
	==================================================================================
	Q2:
		Shape: Polyhedra
		q_c:	466.0	505.5	175.5
		ub :	469.6533	514.2776	186.4
		lb :	462.3467	496.7224	164.6
		A:
			0.8459	-0.5186	-0.1246
			-0.8017	0.0466	0.5959
			0.434	0.2228	0.8729
			0.8986	-0.4232	-0.1162
			0.9579	-0.1937	-0.212
			-0.909	0.3864	0.1565
			0.1581	0.8968	0.4132
			-0.0944	0.4303	-0.8977
			-0.9829	0.103	0.1527
			-0.1581	-0.8968	-0.4132
			0.0944	-0.4303	0.8977
			0.9829	-0.103	-0.1527
		b:
			113.3605
			-240.8573
			475.6825
			187.2741
			313.3065
			-198.228
			604.5482
			25.4607
			-377.175
			-594.5482
			-6.4607
			381.175
	==================================================================================
	Q3:
		Shape: Ellipse
		q_c:	429.0	486.5	172.0
		ub :	433.9741	495.9602	181.616
		lb :	424.0259	477.0398	162.384
		P^-1:
			0.1042	0.0118	0.0204
			0.0118	0.0254	0.003
			0.0204	0.003	0.0288
	==================================================================================
	Q4:
		Shape: Hybrid
		q_c:	467.5	498.5	209.5
		ub :	474.1115	508.9872	222.9027
		lb :	460.8885	488.0128	196.0973
		P^-1:
			0.0339	-0.0235	0.0149
			-0.0235	0.1095	-0.0679
			0.0149	-0.0679	0.0498
		A:
			0.3627	0.8567	-0.3667
			0.407	0.8356	-0.3688
			0.72	-0.6565	0.2252
			-0.3378	0.8729	-0.3521
			0.0368	0.5848	-0.8104
			0.1728	0.8852	-0.4319
		b:
			523.064
			532.92
			59.7393
			205.7304
			143.1801
			433.9943
	==================================================================================
	Q5:
		Shape: Polyhedra
		q_c:	445.5	478.5	178.5
		ub :	461.5518	492.7435	195.7643
		lb :	429.4482	464.2565	161.2357
		A:
			0.6197	0.6005	0.5054
			-0.8525	0.0896	-0.5149
			0.9339	0.1003	0.3432
			0.5669	0.2335	0.79
			-0.9178	0.2303	0.3234
			0.9462	-0.323	-0.0172
			0.6174	0.5101	0.5988
			0.7592	-0.1871	-0.6234
			-0.2059	0.8395	-0.5028
			-0.6174	-0.5101	-0.5988
			-0.7592	0.1871	0.6234
			0.2059	-0.8395	0.5028
		b:
			658.3144
			-420.5723
			533.7642
			511.0123
			-227.0403
			276.5461
			630.525
			151.9175
			231.2361
			-621.525
			-122.9175
			-209.2361
	==================================================================================
	Q6:
		Shape: Polyhedra
		q_c:	445.5	478.5	166.5
		ub :	461.7884	496.0154	180.4929
		lb :	429.2116	460.9846	152.5071
		A:
			-0.6241	0.4763	0.6194
			0.305	0.6262	-0.7175
			0.9121	0.3898	0.127
			-0.4899	0.6575	-0.5725
			-0.4766	0.1453	-0.867
			-0.9789	-0.0036	0.2041
			0.5808	0.7965	0.168
			-0.0413	0.2349	-0.9711
			-0.813	0.5571	0.1694
			-0.5808	-0.7965	-0.168
			0.0413	-0.2349	0.9711
			0.813	-0.5571	-0.1694
		b:
			64.6737
			326.5487
			624.9031
			12.2422
			-276.5031
			-392.3101
			678.3521
			-57.1981
			-55.4185
			-657.3521
			78.1981
			79.4185


===========================================================================================
===========================================================================================
S3:
	q_c:	264.5	384.5	340.5
	ub :	270.7376	390.9473	347.2861
	lb :	257.9784	380.8153	337.5053

	==================================================================================
	Q1:
		Shape: Hybrid
		q_c:	267.0	387.5	344.0
		ub :	268.7462	390.5383	347.2861
		lb :	265.2538	384.4617	340.7139
		P^-1:
			0.4423	0.0095	0.0228
			0.0095	0.2267	-0.0388
			0.0228	-0.0388	0.1855
		A:
			-0.569	0.0061	-0.8223
			-0.8592	0.4528	0.2383
			-0.8189	0.4039	0.4077
			-0.8809	0.377	0.2862
			-0.9114	0.191	0.3646
			0.7462	0.6276	0.2222
		b:
			-431.1079
			29.1573
			79.3149
			10.4369
			-42.8514
			519.9487
	==================================================================================
	Q2:
		Shape: Ellipse
		q_c:	266.0	384.0	341.0
		ub :	268.1424	387.1847	343.7232
		lb :	263.8576	380.8153	338.2768
		P^-1:
			0.4385	-0.0351	-0.0207
			-0.0351	0.2376	-0.1217
			-0.0207	-0.1217	0.3728
	==================================================================================
	Q3:
		Shape: Polyhedra
		q_c:	265.0	384.5	340.0
		ub :	267.5317	385.5076	342.4947
		lb :	262.4683	383.4924	337.5053
		A:
			0.2982	-0.9371	-0.1816
			0.5703	-0.8214	-0.0096
			-0.5114	0.8581	-0.0455
			0.0842	-0.9921	-0.0927
			-0.2853	0.9185	0.274
			0.2164	0.91	0.3537
			0.6744	0.19	0.7135
			0.7059	0.1176	-0.6985
			-0.2166	0.9747	-0.0548
			-0.6744	-0.19	-0.7135
			-0.7059	-0.1176	0.6985
			0.2166	-0.9747	0.0548
		b:
			-342.3491
			-167.1369
			179.7057
			-390.0978
			371.4876
			528.4505
			495.8599
			-3.2104
			299.2413
			-492.8599
			7.2104
			-298.2413
	==================================================================================
	Q4:
		Shape: Hybrid
		q_c:	268.0	384.0	342.5
		ub :	270.7376	387.175	345.1247
		lb :	265.2624	380.825	339.8753
		P^-1:
			0.3979	-0.0786	-0.0599
			-0.0786	0.1871	0.0094
			-0.0599	0.0094	0.2694
		A:
			-0.8273	-0.2554	-0.5004
			-0.743	0.4034	0.5341
			-0.876	0.3975	0.2731
			0.529	0.4782	-0.7011
			-0.7382	0.549	-0.392
			0.9444	0.2826	0.1681
		b:
			-489.8587
			139.546
			12.1779
			86.5646
			-120.2484
			420.4299
	==================================================================================
	Q5:
		Shape: Ellipse
		q_c:	261.5	388.0	341.0
		ub :	265.0216	390.5472	344.3253
		lb :	257.9784	385.4528	337.6747
		P^-1:
			0.2238	0.0892	0.014
			0.0892	0.3868	-0.0712
			0.014	-0.0712	0.2438
	==================================================================================
	Q6:
		Shape: Ellipse
		q_c:	268.5	389.5	343.0
		ub :	270.7358	390.9473	345.0052
		lb :	266.2642	388.0527	340.9948
		P^-1:
			0.5674	-0.1033	0.5031
			-0.1033	2.9916	-1.4839
			0.5031	-1.4839	1.691


===========================================================================================
===========================================================================================
S4:
	q_c:	269.0	256.5	233.5
	ub :	276.8351	264.8283	239.4382
	lb :	266.0474	253.0773	227.5196

	==================================================================================
	Q1:
		Shape: Ellipse
		q_c:	269.5	257.0	230.0
		ub :	272.0541	259.2273	232.2367
		lb :	266.9459	254.7727	227.7633
		P^-1:
			0.4444	0.0	0.0
			0.0	0.4444	-0.0
			0.0	-0.0	0.4444
	==================================================================================
	Q2:
		Shape: Polyhedra
		q_c:	274.5	256.0	230.0
		ub :	276.8351	258.3225	232.4804
		lb :	272.1649	253.6775	227.5196
		A:
			-0.1258	0.9266	0.3544
			0.0158	0.5682	0.8228
			-0.4153	-0.895	0.163
			0.7381	-0.4635	0.4904
			-0.8997	0.1861	-0.3949
			0.4757	0.7824	-0.402
			0.817	0.3959	0.4192
			-0.5414	0.2768	0.7939
			0.1983	-0.8756	0.4405
			-0.817	-0.3959	-0.4192
			0.5414	-0.2768	-0.7939
			-0.1983	0.8756	-0.4405
		b:
			285.6782
			340.5302
			-304.1155
			198.2343
			-288.6439
			239.9185
			423.5418
			106.3246
			-66.9015
			-420.5418
			-103.3246
			69.9015
	==================================================================================
	Q3:
		Shape: Polyhedra
		q_c:	271.5	258.0	230.0
		ub :	273.673	260.154	232.2973
		lb :	269.327	255.846	227.7027
		A:
			-0.7036	0.2288	-0.6727
			-0.7578	0.2483	0.6034
			0.1756	-0.8984	0.4025
			-0.1673	-0.4002	-0.901
			0.2122	0.1882	0.9589
			0.4859	0.5422	0.6855
			0.9304	0.149	0.3348
			-0.2616	-0.37	0.8915
			0.2567	-0.917	-0.3053
			-0.9304	-0.149	-0.3348
			0.2616	0.37	-0.8915
			-0.2567	0.917	0.3053
		b:
			-285.2468
			-1.3932
			-90.0484
			-354.403
			328.2316
			430.9752
			369.5646
			40.0718
			-235.6011
			-366.5646
			-37.0718
			238.6011
	==================================================================================
	Q4:
		Shape: Polyhedra
		q_c:	272.0	255.5	232.5
		ub :	274.9673	257.9227	235.3627
		lb :	269.0327	253.0773	229.6373
		A:
			-0.1752	0.483	-0.8579
			-0.0311	0.9755	-0.2178
			0.2784	-0.6208	-0.7329
			0.4927	0.7447	0.4502
			-0.9614	-0.2692	0.0564
			0.3331	-0.9199	0.207
			0.6404	0.3097	0.7028
			-0.7394	0.4961	0.4552
			-0.2077	-0.8112	0.5467
			-0.6404	-0.3097	-0.7028
			0.7394	-0.4961	-0.4552
			0.2077	0.8112	-0.5467
		b:
			-122.2993
			191.3932
			-251.2897
			430.7871
			-315.3426
			-94.8152
			418.7283
			33.4456
			-135.6352
			-414.7283
			-29.4456
			137.6352
	==================================================================================
	Q5:
		Shape: Ellipse
		q_c:	270.0	261.5	236.0
		ub :	272.502	264.8283	239.4382
		lb :	267.498	258.1717	232.5618
		P^-1:
			0.2477	0.0105	-0.0096
			0.0105	0.2023	0.0437
			-0.0096	0.0437	0.21
	==================================================================================
	Q6:
		Shape: Polyhedra
		q_c:	268.0	257.0	231.5
		ub :	269.9526	259.4877	233.0652
		lb :	266.0474	254.5123	229.9348
		A:
			0.9275	0.2417	0.2851
			0.8705	-0.1508	0.4686
			0.5429	0.1374	0.8285
			-0.4582	-0.56	-0.6902
			0.484	-0.3115	-0.8177
			-0.0546	-0.6995	-0.7125
			0.0568	0.292	0.9547
			-0.9745	0.2241	-0.0106
			-0.217	-0.9298	0.2973
			-0.0568	-0.292	-0.9547
			0.9745	-0.2241	0.0106
			0.217	0.9298	-0.2973
		b:
			378.2097
			304.4063
			373.7625
			-425.2333
			-138.471
			-358.0947
			312.2935
			-204.5202
			-226.2921
			-310.2935
			207.5202
			230.2921


===========================================================================================
===========================================================================================
S5:
	q_c:	89.5	417.0	173.5
	ub :	97.3122	424.5443	180.7968
	lb :	82.512	409.7483	168.5207

	==================================================================================
	Q1:
		Shape: Ellipse
		q_c:	92.0	420.0	177.0
		ub :	96.1398	423.5487	180.7968
		lb :	87.8602	416.4513	173.2032
		P^-1:
			0.1564	-0.0005	0.0128
			-0.0005	0.1599	0.0016
			0.0128	0.0016	0.1148
	==================================================================================
	Q2:
		Shape: Polyhedra
		q_c:	92.5	421.5	171.5
		ub :	95.0858	424.5443	174.4793
		lb :	89.9142	418.4557	168.5207
		A:
			0.3886	-0.8126	-0.4344
			-0.8945	0.44	0.0797
			0.9126	-0.2212	0.3438
			-0.0134	-0.9959	0.0898
			0.9607	0.0697	-0.2688
			-0.9515	0.3055	0.0349
			0.8267	0.4558	0.3299
			0.5608	-0.715	-0.4174
			0.0456	0.53	-0.8467
			-0.8267	-0.4558	-0.3299
			-0.5608	0.715	0.4174
			-0.0456	-0.53	0.8467
		b:
			-379.5405
			118.0366
			52.0066
			-403.8033
			73.9801
			48.4616
			327.1745
			-319.5921
			84.4145
			-323.1745
			322.5921
			-80.4145
	==================================================================================
	Q3:
		Shape: Polyhedra
		q_c:	95.0	418.5	175.5
		ub :	97.3122	420.2533	177.8171
		lb :	92.6878	416.7467	173.1829
		A:
			0.6079	0.7815	0.1407
			-0.1979	0.9322	-0.303
			-0.3461	-0.7858	0.5126
			0.7067	0.6773	0.2044
			0.9632	-0.224	-0.1486
			-0.8366	0.517	0.1811
			0.65	0.1256	0.7495
			-0.7088	0.4558	0.5384
			-0.274	-0.8812	0.3853
			-0.65	-0.1256	-0.7495
			0.7088	-0.4558	-0.5384
			0.274	0.8812	-0.3853
		b:
			410.6947
			319.2721
			-270.7446
			387.7385
			-26.8425
			170.1323
			247.3454
			219.3981
			-326.1818
			-244.3454
			-216.3981
			328.1818
	==================================================================================
	Q4:
		Shape: Ellipse
		q_c:	92.0	415.5	176.5
		ub :	95.8428	419.42	180.3685
		lb :	88.1572	411.58	172.6315
		P^-1:
			0.2046	-0.0431	0.013
			-0.0431	0.2016	-0.0126
			0.013	-0.0126	0.1638
	==================================================================================
	Q5:
		Shape: Hybrid
		q_c:	86.5	416.0	172.5
		ub :	90.488	419.7728	176.0833
		lb :	82.512	412.2272	168.9167
		P^-1:
			0.211	-0.0579	-0.0233
			-0.0579	0.164	-0.0345
			-0.0233	-0.0345	0.2361
		A:
			0.5994	-0.5769	0.5549
			0.3815	-0.4708	0.7955
			0.4939	0.5187	0.6979
			0.199	0.6262	-0.7538
			0.0841	0.6156	-0.7835
			-0.4456	0.8893	0.1026
		b:
			-91.4397
			-24.6356
			380.7099
			148.8481
			129.3155
			350.397
	==================================================================================
	Q6:
		Shape: Ellipse
		q_c:	91.0	414.0	176.0
		ub :	94.0504	418.2517	180.6584
		lb :	87.9496	409.7483	171.3416
		P^-1:
			0.2395	-0.0162	-0.0359
			-0.0162	0.1291	-0.0353
			-0.0359	-0.0353	0.123


===========================================================================================
===========================================================================================
S6:
	q_c:	253.5	96.0	467.5
	ub :	264.9686	110.0677	482.3365
	lb :	242.0069	81.3114	461.2421

	==================================================================================
	Q1:
		Shape: Ellipse
		q_c:	251.0	87.5	471.0
		ub :	256.5132	93.6886	477.8703
		lb :	245.4868	81.3114	464.1297
		P^-1:
			0.0774	-0.0013	-0.0108
			-0.0013	0.0494	0.0005
			-0.0108	0.0005	0.0535
	==================================================================================
	Q2:
		Shape: Polyhedra
		q_c:	255.0	105.5	478.0
		ub :	257.6592	110.0677	482.3365
		lb :	252.3408	100.9323	473.6635
		A:
			0.0079	0.2385	0.9711
			0.7482	0.2561	0.6121
			-0.9378	-0.0038	-0.3472
			-0.9262	-0.0341	-0.3756
			-0.7935	-0.473	-0.3829
			-0.7655	-0.4977	-0.4077
			0.7784	0.2901	0.5567
			-0.0212	-0.8742	0.4852
			0.6274	-0.3895	-0.6743
			-0.7784	-0.2901	-0.5567
			0.0212	0.8742	-0.4852
			-0.6274	0.3895	0.6743
		b:
			494.1292
			510.9391
			-404.1018
			-418.0118
			-434.267
			-441.6054
			495.7026
			137.7732
			-199.9315
			-494.7026
			-130.7732
			206.9315
	==================================================================================
	Q3:
		Shape: Ellipse
		q_c:	259.0	93.0	467.0
		ub :	264.9686	98.3546	472.1047
		lb :	253.0314	87.6454	461.8953
		P^-1:
			0.1353	0.0387	-0.0845
			0.0387	0.1228	0.0465
			-0.0845	0.0465	0.185
	==================================================================================
	Q4:
		Shape: Polyhedra
		q_c:	255.5	94.5	468.5
		ub :	260.0128	99.536	474.3575
		lb :	250.9872	89.464	462.6425
		A:
			-0.3807	0.6161	-0.6896
			-0.1544	0.6723	-0.724
			-0.3632	0.686	-0.6305
			0.5214	-0.6896	0.5026
			-0.1739	0.8437	-0.5079
			-0.338	0.7903	-0.511
			0.0958	0.6643	0.7413
			-0.3105	0.7275	-0.6118
			-0.9457	-0.1716	0.276
			-0.0958	-0.6643	-0.7413
			0.3105	-0.7275	0.6118
			0.9457	0.1716	-0.276
		b:
			-361.111
			-314.0582
			-322.7371
			304.5699
			-201.4537
			-250.2202
			440.5414
			-296.7339
			-124.5634
			-428.5414
			297.7339
			132.5634
	==================================================================================
	Q5:
		Shape: Ellipse
		q_c:	257.5	98.0	467.5
		ub :	263.6697	102.2643	473.7579
		lb :	251.3303	93.7357	461.2421
		P^-1:
			0.0652	0.0108	0.0032
			0.0108	0.1047	0.0125
			0.0032	0.0125	0.0662
	==================================================================================
	Q6:
		Shape: Hybrid
		q_c:	246.5	88.5	473.5
		ub :	250.9931	92.3124	477.6726
		lb :	242.0069	84.6876	469.3274
		P^-1:
			0.1316	0.002	-0.024
			0.002	0.1113	-0.0023
			-0.024	-0.0023	0.1393
		A:
			0.959	0.0959	-0.2666
			-0.6699	-0.0656	0.7395
			0.2483	0.6765	-0.6933
			0.7882	-0.3301	0.5193
			0.9723	0.1972	-0.1258
			-0.7538	0.1629	0.6366
		b:
			120.0489
			180.4905
			-205.6994
			412.7479
			199.0336
			131.3347


===========================================================================================
===========================================================================================
